timestamp,machine_id,machine_type,vibration_rms,temperature_motor,current_phase_avg,pressure_level,rpm,operating_mode,hours_since_maintenance,ambient_temp,rul_hours,failure_within_24h,failure_type,estimated_repair_cost
2024-01-01,M01,CNC,0.81,49.51,5.1,23.6,860.9,idle,273.8,13.9,61.0,0,none,0.0
2024-01-02,M01,CNC,0.75,40.58,5.3,23.6,899.6,idle,273.85,10.2,60.95,0,none,0.0
2024-01-03,M01,CNC,0.71,49.7,5.3,21.3,862.7,idle,274.15,13.6,60.65,0,none,0.0
2024-01-04,M01,CNC,0.76,43.04,4.79,22.6,870.4,idle,274.55,13.4,60.25,0,none,0.0
2024-01-05,M01,CNC,0.88,41.39,4.44,22.2,881.9,idle,274.7,10.8,60.1,0,none,0.0
2024-01-06,M01,CNC,0.94,42.0,4.77,23.6,853.2,idle,275.18,16.1,59.62,0,none,0.0
2024-01-07,M01,CNC,0.88,41.71,4.1,25.7,917.6,idle,275.58,10.8,59.22,0,none,0.0
2024-01-08,M01,CNC,2.93,54.57,10.13,78.0,2932.1,normal,275.72,11.4,59.08,0,none,0.0
2024-01-09,M01,CNC,0.74,44.95,4.05,25.5,868.1,idle,275.78,11.6,59.02,0,none,0.0
2024-01-10,M01,CNC,0.9,43.12,4.78,23.3,862.9,idle,276.0,16.1,58.8,0,none,0.0
2024-01-11,M01,CNC,0.99,47.75,5.41,25.4,891.9,idle,276.42,9.2,58.38,0,none,0.0
2024-01-12,M01,CNC,0.99,40.88,4.29,20.3,872.8,idle,276.65,10.9,58.15,0,none,0.0
2024-01-13,M01,CNC,0.82,42.71,5.24,22.1,869.7,idle,277.02,16.6,57.78,0,none,0.0
2024-01-14,M01,CNC,0.86,41.41,5.2,20.4,919.1,idle,277.35,8.7,57.45,0,none,0.0
2024-01-15,M01,CNC,0.93,41.99,4.01,24.9,899.5,idle,277.73,10.9,57.07,0,none,0.0
2024-01-16,M01,CNC,2.82,61.57,9.98,65.6,2834.8,normal,277.8,16.7,57.0,0,none,0.0
2024-01-17,M01,CNC,0.96,46.23,4.5,20.4,871.8,idle,278.03,14.4,56.77,0,none,0.0
2024-01-18,M01,CNC,0.8,47.3,4.96,25.3,883.1,idle,278.25,11.6,56.55,0,none,0.0
2024-01-19,M01,CNC,0.74,47.13,5.14,23.4,904.0,idle,278.63,17.4,56.17,0,none,0.0
2024-01-20,M01,CNC,0.85,45.23,4.64,20.1,857.5,idle,279.0,14.3,55.8,0,none,0.0
2024-01-21,M01,CNC,0.71,46.36,4.47,23.1,913.5,idle,279.32,9.6,55.48,0,none,0.0
2024-01-22,M01,CNC,0.77,44.1,5.13,21.4,855.4,idle,279.55,17.3,55.25,0,none,0.0
2024-01-23,M01,CNC,2.21,52.42,15.54,82.7,2990.0,normal,279.95,14.8,54.85,0,none,0.0
2024-01-24,M01,CNC,0.96,48.04,4.28,25.4,887.8,idle,280.42,8.6,54.38,0,none,0.0
2024-01-25,M01,CNC,2.93,63.44,11.57,56.2,2868.4,normal,280.88,11.2,53.92,0,none,0.0
2024-01-26,M01,CNC,2.4,62.27,15.09,56.2,2953.2,normal,281.05,17.1,53.75,0,none,0.0
2024-01-27,M01,CNC,0.83,42.22,4.18,22.0,916.0,idle,281.38,11.1,53.42,0,none,0.0
2024-01-28,M01,CNC,2.25,57.78,14.07,65.8,3091.5,normal,281.75,16.8,53.05,0,none,0.0
2024-01-29,M01,CNC,3.15,53.78,14.07,63.4,2885.4,normal,282.12,10.6,52.68,0,none,0.0
2024-01-30,M01,CNC,0.71,46.1,4.75,20.3,869.5,idle,282.27,13.4,52.53,0,none,0.0
2024-01-31,M01,CNC,3.07,53.59,10.44,70.6,3095.7,normal,282.68,17.0,52.12,0,none,0.0
2024-02-01,M01,CNC,2.14,60.08,14.45,61.0,3018.5,normal,282.92,18.0,51.88,0,none,0.0
2024-02-02,M01,CNC,2.31,59.48,13.62,72.4,2827.1,normal,283.02,8.9,51.78,0,none,0.0
2024-02-03,M01,CNC,2.55,43.21,4.28,20.2,891.4,idle,283.07,9.5,51.73,0,none,0.0
2024-02-04,M01,CNC,0.9,40.17,4.77,21.4,895.2,idle,283.18,12.2,51.62,0,none,0.0
2024-02-05,M01,CNC,2.04,60.36,12.01,87.6,2841.3,normal,283.25,14.0,51.55,0,none,0.0
2024-02-06,M01,CNC,2.28,51.7,15.51,85.3,2877.4,normal,283.52,17.7,51.28,0,none,0.0
2024-02-07,M01,CNC,3.73,71.89,23.55,102.9,3872.6,peak,284.0,14.8,50.8,0,none,0.0
2024-02-08,M01,CNC,0.73,48.97,5.35,23.8,873.7,idle,284.08,13.4,50.72,0,none,0.0
2024-02-09,M01,CNC,0.8,47.26,5.35,25.3,904.6,idle,284.25,11.4,50.55,0,none,0.0
2024-02-10,M01,CNC,2.7,51.26,10.55,86.2,2981.9,normal,284.43,12.5,50.37,0,none,0.0
2024-02-11,M01,CNC,0.7,41.01,5.0,20.0,861.3,idle,284.85,10.6,49.95,0,none,0.0
2024-02-12,M01,CNC,0.86,46.92,4.98,21.4,899.9,idle,285.15,13.1,49.65,0,none,0.0
2024-02-13,M01,CNC,0.77,43.25,5.12,23.9,909.5,idle,285.23,11.0,49.57,0,none,0.0
2024-02-14,M01,CNC,2.72,58.52,10.11,66.0,2879.6,normal,285.6,10.0,49.2,0,none,0.0
2024-02-15,M01,CNC,0.77,49.73,4.59,25.4,894.2,idle,285.82,13.4,48.98,0,none,0.0
2024-02-16,M01,CNC,3.84,66.54,23.77,102.4,3858.6,peak,286.25,17.2,48.55,0,none,0.0
2024-02-17,M01,CNC,2.81,54.21,9.66,76.5,2853.1,normal,286.6,8.2,48.2,0,none,0.0
2024-02-18,M01,CNC,0.98,49.54,5.37,22.2,851.1,idle,286.82,16.3,47.98,0,none,0.0
2024-02-19,M01,CNC,3.1,56.42,15.78,88.6,3055.9,normal,287.0,10.4,47.8,0,none,0.0
2024-02-20,M01,CNC,3.44,64.55,26.51,99.8,3850.8,peak,287.33,8.9,47.47,0,none,0.0
2024-02-21,M01,CNC,3.44,49.36,5.04,23.4,856.8,idle,287.62,17.8,47.18,0,none,0.0
2024-02-22,M01,CNC,0.88,49.9,4.21,23.1,911.4,idle,287.93,9.3,46.87,0,none,0.0
2024-02-23,M01,CNC,3.79,69.85,25.02,100.4,3888.1,peak,288.22,9.7,46.58,0,none,0.0
2024-02-24,M01,CNC,0.94,48.1,5.3,25.5,885.8,idle,288.52,12.2,46.28,0,none,0.0
2024-02-25,M01,CNC,3.6,71.57,24.5,105.5,4038.7,peak,288.65,15.6,46.15,0,none,0.0
2024-02-26,M01,CNC,3.05,55.07,11.94,55.6,2973.5,normal,289.05,11.1,45.75,0,none,0.0
2024-02-27,M01,CNC,1.85,56.98,13.03,62.9,2977.2,normal,289.43,12.4,45.37,0,none,0.0
2024-02-28,M01,CNC,1.84,56.98,14.85,65.7,2838.1,normal,289.73,10.5,45.07,0,none,0.0
2024-02-29,M01,CNC,2.53,61.55,10.9,75.7,2825.6,normal,289.8,13.9,45.0,0,none,0.0
2024-03-01,M01,CNC,1.87,57.97,13.01,76.2,3017.8,normal,289.95,8.1,44.85,0,none,0.0
2024-03-02,M01,CNC,3.17,57.74,11.6,76.2,2881.2,normal,290.35,10.3,44.45,0,none,0.0
2024-03-03,M01,CNC,2.41,51.18,9.66,88.6,3050.8,normal,290.85,11.3,43.95,0,none,0.0
2024-03-04,M01,CNC,2.77,70.67,10.63,57.9,2875.1,normal,291.15,14.7,43.65,0,none,0.0
2024-03-05,M01,CNC,2.57,60.72,13.79,62.6,3086.5,normal,291.28,15.2,43.52,0,none,0.0
2024-03-06,M01,CNC,2.83,58.32,13.48,67.9,2874.3,normal,291.78,12.7,43.02,0,none,0.0
2024-03-07,M01,CNC,2.3,61.37,9.59,56.4,2813.8,normal,292.23,12.1,42.57,0,none,0.0
2024-03-08,M01,CNC,1.86,62.83,14.07,70.0,2829.3,normal,292.32,12.3,42.48,0,none,0.0
2024-03-09,M01,CNC,2.49,57.1,10.63,68.5,2919.6,normal,292.57,16.6,42.23,0,none,0.0
2024-03-10,M01,CNC,0.88,46.35,4.07,22.2,893.8,idle,292.62,17.8,42.18,0,none,0.0
2024-03-11,M01,CNC,2.5,62.85,13.78,58.2,2821.2,normal,292.7,15.3,42.1,0,none,0.0
2024-03-12,M01,CNC,0.89,40.27,4.88,25.6,890.3,idle,293.15,10.5,41.65,0,none,0.0
2024-03-13,M01,CNC,2.34,59.65,12.48,72.7,3082.4,normal,293.28,9.4,41.52,0,none,0.0
2024-03-14,M01,CNC,2.34,64.42,15.38,59.4,2820.8,normal,293.4,10.5,41.4,0,none,0.0
2024-03-15,M01,CNC,1.94,50.27,10.11,59.4,2821.4,normal,293.47,16.6,41.33,0,none,0.0
2024-03-16,M01,CNC,2.25,62.67,9.65,83.0,2884.6,normal,293.78,14.5,41.02,0,none,0.0
2024-03-17,M01,CNC,0.74,46.97,4.94,25.3,901.5,idle,294.1,17.7,40.7,0,none,0.0
2024-03-18,M01,CNC,0.94,42.82,4.27,24.5,906.5,idle,294.53,9.7,40.27,0,none,0.0
2024-03-19,M01,CNC,3.19,56.19,11.92,81.5,2902.2,normal,294.82,16.6,39.98,0,none,0.0
2024-03-20,M01,CNC,3.1,62.88,12.29,80.5,3026.4,normal,295.32,11.8,39.48,0,none,0.0
2024-03-21,M01,CNC,1.94,63.54,12.78,83.4,2896.0,normal,295.55,15.8,39.25,0,none,0.0
2024-03-22,M01,CNC,1.94,43.89,4.02,25.4,856.4,idle,295.82,15.0,38.98,0,none,0.0
2024-03-23,M01,CNC,2.25,64.25,15.68,73.8,2989.6,normal,296.23,13.6,38.57,0,none,0.0
2024-03-24,M01,CNC,0.83,42.93,4.49,24.0,902.7,idle,296.63,9.9,38.17,0,none,0.0
2024-03-25,M01,CNC,2.91,61.84,10.09,70.8,2817.3,normal,296.77,13.8,38.03,0,none,0.0
2024-03-26,M01,CNC,2.91,44.42,5.33,22.1,858.2,idle,297.08,11.1,37.72,0,none,0.0
2024-03-27,M01,CNC,0.74,47.62,4.93,20.6,855.9,idle,297.13,13.0,37.67,0,none,0.0
2024-03-28,M01,CNC,0.91,40.73,5.23,24.2,855.7,idle,297.62,8.6,37.18,0,none,0.0
2024-03-29,M01,CNC,0.73,49.87,4.56,22.2,906.9,idle,297.92,9.9,36.88,0,none,0.0
2024-03-30,M01,CNC,0.98,49.86,5.13,22.3,855.9,idle,298.27,16.6,36.53,0,none,0.0
2024-03-31,M01,CNC,0.93,45.58,4.64,25.4,857.8,idle,298.5,16.9,36.3,0,none,0.0
2024-04-01,M01,CNC,0.85,40.11,4.7,20.3,858.3,idle,298.65,8.4,36.15,0,none,0.0
2024-04-02,M01,CNC,0.74,46.49,5.12,23.5,917.4,idle,298.72,13.8,36.08,0,none,0.0
2024-04-03,M01,CNC,0.81,42.86,5.3,21.3,917.4,idle,299.02,10.6,35.78,0,none,0.0
2024-04-04,M01,CNC,0.7,49.7,4.06,25.4,886.9,idle,299.4,10.4,35.4,0,none,0.0
2024-04-05,M01,CNC,1.0,40.74,4.83,25.8,886.6,idle,299.63,14.5,35.17,0,none,0.0
2024-04-06,M01,CNC,0.89,40.74,4.68,23.8,890.9,idle,299.9,15.5,34.9,0,none,0.0
2024-04-07,M01,CNC,0.89,40.74,4.68,25.7,890.9,idle,299.97,14.2,34.83,0,none,0.0
2024-04-08,M01,CNC,2.44,59.3,11.3,59.1,2939.1,normal,300.3,8.7,34.5,0,none,0.0
2024-04-09,M01,CNC,0.81,45.84,4.12,25.9,919.0,idle,300.43,9.3,34.37,0,none,0.0
2024-04-10,M01,CNC,2.78,58.04,11.51,82.9,3005.4,normal,300.65,16.8,34.15,0,none,0.0
2024-04-11,M01,CNC,0.75,49.11,5.23,26.4,3005.4,idle,300.87,12.4,47.99,0,none,0.0
2024-04-12,M01,CNC,0.88,44.22,5.4,27.5,852.8,idle,301.05,17.9,47.81,0,none,0.0
2024-04-13,M01,CNC,0.71,43.81,5.22,32.6,860.1,idle,301.08,13.5,47.78,0,none,0.0
2024-04-14,M01,CNC,2.64,55.77,15.81,64.6,3049.5,normal,301.17,9.3,47.69,0,none,0.0
2024-04-15,M01,CNC,0.84,44.23,4.41,17.7,909.8,idle,301.25,9.6,47.61,0,none,0.0
2024-04-16,M01,CNC,0.95,50.11,5.5,25.2,902.8,idle,301.38,10.0,47.48,0,none,0.0
2024-04-17,M01,CNC,0.99,48.64,4.38,28.3,857.8,idle,301.55,10.5,47.31,0,none,0.0
2024-04-18,M01,CNC,1.0,46.21,4.35,20.8,891.9,idle,301.6,12.2,47.26,0,none,0.0
2024-04-19,M01,CNC,0.82,41.3,5.02,29.8,902.6,idle,301.63,9.3,47.23,0,none,0.0
2024-04-20,M01,CNC,0.87,48.71,4.84,22.4,909.7,idle,301.75,13.5,47.11,0,none,0.0
2024-04-21,M01,CNC,0.83,41.53,4.05,27.3,891.7,idle,301.78,17.5,47.08,0,none,0.0
2024-04-22,M01,CNC,0.92,42.34,4.21,21.1,891.7,idle,301.88,16.3,46.98,0,none,0.0
2024-04-23,M01,CNC,0.89,44.15,4.67,23.4,872.3,idle,301.98,8.4,46.88,0,none,0.0
2024-04-24,M01,CNC,2.56,62.08,12.12,69.2,3048.7,normal,302.43,8.4,46.43,0,none,0.0
2024-04-25,M01,CNC,1.0,41.88,5.41,26.8,864.5,idle,302.82,9.0,46.04,0,none,0.0
2024-04-26,M01,CNC,2.5,65.21,12.77,74.1,2974.7,normal,303.32,17.7,45.54,0,none,0.0
2024-04-27,M01,CNC,2.2,51.68,12.77,67.5,2830.1,normal,303.47,17.8,45.39,0,none,0.0
2024-04-28,M01,CNC,2.05,60.26,10.75,81.7,3049.2,normal,303.97,9.8,44.89,0,none,0.0
2024-04-29,M01,CNC,3.71,70.09,19.87,119.3,3784.0,peak,304.42,16.0,44.44,0,none,0.0
2024-04-30,M01,CNC,2.13,55.01,10.74,62.1,2812.5,normal,304.87,9.6,43.99,0,none,0.0
2024-05-01,M01,CNC,0.88,42.94,4.59,19.2,890.4,idle,305.1,16.6,43.76,0,none,0.0
2024-05-02,M01,CNC,9.22,72.57,24.52,114.7,4022.2,peak,305.57,11.5,43.29,0,none,0.0
2024-05-03,M01,CNC,3.26,52.0,11.42,67.4,2991.8,normal,306.05,8.2,42.81,0,none,0.0
2024-05-04,M01,CNC,2.18,54.26,12.04,82.0,2951.9,normal,306.25,8.7,42.61,0,none,0.0
2024-05-05,M01,CNC,2.18,54.26,14.53,82.0,2951.9,normal,306.47,12.0,42.39,0,none,0.0
2024-05-06,M01,CNC,2.97,64.66,12.99,88.6,2797.2,normal,306.78,8.3,42.08,0,none,0.0
2024-05-07,M01,CNC,2.58,59.26,12.99,53.5,2876.2,normal,306.95,17.6,41.91,0,none,0.0
2024-05-08,M01,CNC,1.95,56.12,11.01,75.5,2799.4,normal,307.03,11.5,41.83,0,none,0.0
2024-05-09,M01,CNC,3.25,60.24,14.1,76.3,2910.1,normal,307.28,13.1,41.58,0,none,0.0
2024-05-10,M01,CNC,2.06,59.47,13.5,77.2,2888.3,normal,307.62,8.4,41.24,0,none,0.0
2024-05-11,M01,CNC,3.54,64.29,21.95,118.5,3912.8,peak,307.92,13.4,40.94,0,none,0.0
2024-05-12,M01,CNC,0.87,51.43,4.99,20.5,843.8,idle,308.33,10.0,40.53,0,none,0.0
2024-05-13,M01,CNC,3.59,63.82,19.93,107.4,3821.9,peak,308.72,14.2,40.14,0,none,0.0
2024-05-14,M01,CNC,0.81,50.62,4.19,20.5,864.2,idle,308.8,11.0,40.06,0,none,0.0
2024-05-15,M01,CNC,3.45,53.39,12.3,91.7,3007.4,normal,309.05,15.0,39.81,0,none,0.0
2024-05-16,M01,CNC,3.19,55.6,10.79,85.6,3025.4,normal,309.18,17.4,39.68,0,none,0.0
2024-05-17,M01,CNC,2.82,60.41,11.53,76.7,2803.6,normal,309.68,13.7,39.18,0,none,0.0
2024-05-18,M01,CNC,2.47,58.32,13.05,58.6,2779.6,normal,310.15,10.9,38.71,0,none,0.0
2024-05-19,M01,CNC,2.92,56.34,13.55,55.8,2885.3,normal,310.48,11.2,38.38,0,none,0.0
2024-05-20,M01,CNC,2.82,52.86,11.93,70.9,2760.2,normal,310.87,12.7,37.99,0,none,0.0
2024-05-21,M01,CNC,1.11,45.4,5.32,18.7,878.2,idle,311.32,14.6,37.54,0,none,0.0
2024-05-22,M01,CNC,3.18,61.19,12.85,80.6,2839.1,normal,311.7,11.4,37.16,0,none,0.0
2024-05-23,M01,CNC,3.46,64.81,16.14,80.6,2948.3,normal,312.13,11.1,36.73,0,none,0.0
2024-05-24,M01,CNC,3.48,55.09,10.17,79.0,2901.9,normal,312.23,10.4,36.63,0,none,0.0
2024-05-25,M01,CNC,1.07,43.87,5.32,26.1,840.2,idle,312.72,12.6,36.14,0,none,0.0
2024-05-26,M01,CNC,2.29,64.76,14.17,71.6,2833.8,normal,313.05,15.0,35.81,0,none,0.0
2024-05-27,M01,CNC,3.42,58.46,15.19,71.6,2838.2,normal,313.2,14.9,35.66,0,none,0.0
2024-05-28,M01,CNC,0.95,45.68,5.26,22.0,843.1,idle,313.68,9.1,35.18,0,none,0.0
2024-05-29,M01,CNC,1.1,46.54,4.95,24.9,869.6,idle,313.8,15.0,35.06,0,none,0.0
2024-05-30,M01,CNC,2.23,66.86,13.96,63.0,2763.3,normal,314.12,16.5,34.74,0,none,0.0
2024-05-31,M01,CNC,3.33,62.16,13.34,89.0,2949.9,normal,314.57,13.3,34.29,0,none,0.0
2024-06-01,M01,CNC,3.8,66.2,21.07,113.3,3699.7,peak,314.77,16.9,34.09,0,none,0.0
2024-06-02,M01,CNC,1.0,50.6,5.48,27.4,880.4,idle,315.18,12.3,33.68,0,none,0.0
2024-06-03,M01,CNC,0.84,51.5,4.32,22.0,878.3,idle,315.45,15.4,33.41,0,none,0.0
2024-06-04,M01,CNC,0.85,45.36,5.24,21.1,867.4,idle,315.62,16.4,33.24,0,none,0.0
2024-06-05,M01,CNC,3.21,61.3,11.49,56.3,2764.1,normal,316.05,14.3,32.81,0,none,0.0
2024-06-06,M01,CNC,1.12,49.01,4.75,20.5,887.2,idle,316.12,10.3,32.74,0,none,0.0
2024-06-07,M01,CNC,2.34,62.07,13.21,63.1,2713.3,normal,316.62,9.4,32.24,0,none,0.0
2024-06-08,M01,CNC,3.53,67.35,13.61,74.5,2973.2,normal,317.02,10.1,31.84,0,none,0.0
2024-06-09,M01,CNC,3.27,55.7,13.7,61.9,2827.5,normal,317.22,12.2,31.64,0,none,0.0
2024-06-10,M01,CNC,3.32,67.48,16.06,87.6,2735.9,normal,317.47,15.7,31.39,0,none,0.0
2024-06-11,M01,CNC,1.17,51.86,4.34,23.7,879.3,idle,317.5,15.7,31.36,0,none,0.0
2024-06-12,M01,CNC,4.25,71.52,22.75,89.5,3765.1,peak,317.53,11.0,31.33,0,none,0.0
2024-06-13,M01,CNC,4.53,61.66,22.09,116.0,3819.5,peak,318.03,12.2,30.83,0,none,0.0
2024-06-14,M01,CNC,1.16,61.66,4.68,24.3,849.5,idle,318.35,17.0,30.51,0,none,0.0
2024-06-15,M01,CNC,2.5,60.47,10.8,52.9,2841.0,normal,318.52,8.3,30.34,0,none,0.0
2024-06-16,M01,CNC,0.99,52.91,4.71,28.3,860.6,idle,318.9,15.2,29.96,0,none,0.0
2024-06-17,M01,CNC,3.82,73.06,20.53,136.1,3699.3,peak,319.0,13.3,29.86,0,none,0.0
2024-06-18,M01,CNC,2.84,55.13,16.6,77.2,2864.0,normal,319.33,8.3,29.53,0,none,0.0
2024-06-19,M01,CNC,0.86,51.37,4.48,21.7,830.9,idle,319.43,9.8,29.43,0,none,0.0
2024-06-20,M01,CNC,2.47,54.46,13.06,85.0,2709.4,normal,319.63,11.3,29.23,0,none,0.0
2024-06-21,M01,CNC,1.11,48.49,4.98,21.6,843.3,idle,319.87,17.5,28.99,0,none,0.0
2024-06-22,M01,CNC,1.05,45.61,4.98,25.8,879.1,idle,320.33,8.2,28.53,0,none,0.0
2024-06-23,M01,CNC,0.98,46.81,5.17,28.6,816.8,idle,320.55,8.7,28.31,0,none,0.0
2024-06-24,M01,CNC,0.9,51.27,5.2,16.5,829.9,idle,320.6,17.5,28.26,0,none,0.0
2024-06-25,M01,CNC,0.93,50.84,5.2,20.3,829.9,idle,320.63,10.4,28.23,0,none,0.0
2024-06-26,M01,CNC,0.91,50.67,4.54,20.3,831.2,idle,320.72,10.2,28.14,0,none,0.0
2024-06-27,M01,CNC,1.11,52.79,5.47,28.6,858.9,idle,321.15,14.1,27.71,0,none,0.0
2024-06-28,M01,CNC,0.92,47.24,5.57,25.7,819.1,idle,321.55,16.2,27.31,0,none,0.0
2024-06-29,M01,CNC,0.92,44.6,4.45,24.6,841.4,idle,321.63,17.3,27.23,0,none,0.0
2024-06-30,M01,CNC,1.18,52.55,4.71,16.1,838.2,idle,321.87,15.2,26.99,0,none,0.0
2024-07-01,M01,CNC,1.08,47.14,5.16,25.1,849.0,idle,322.27,10.4,26.59,0,none,0.0
2024-07-02,M01,CNC,2.95,58.92,16.36,62.6,2714.2,normal,322.45,14.0,26.41,0,none,0.0
2024-07-03,M01,CNC,1.18,49.44,5.58,23.7,839.6,idle,322.78,11.5,26.08,0,none,0.0
2024-07-04,M01,CNC,0.87,47.3,5.03,16.8,828.0,idle,323.0,14.5,25.86,0,none,0.0
2024-07-05,M01,CNC,0.91,53.01,5.74,16.8,821.8,idle,323.25,9.1,25.61,0,none,0.0
2024-07-06,M01,CNC,2.7,55.02,16.17,44.7,2832.0,normal,323.62,12.6,25.24,0,none,0.0
2024-07-07,M01,CNC,0.97,50.31,5.22,21.5,823.3,idle,323.73,17.7,25.13,0,none,0.0
2024-07-08,M01,CNC,0.97,56.91,5.22,83.4,2834.5,normal,324.18,15.7,24.68,0,none,0.0
2024-07-09,M01,CNC,1.1,51.61,4.47,30.9,835.7,idle,324.65,10.7,24.21,0,none,0.0
2024-07-10,M01,CNC,2.93,62.83,10.31,56.6,2868.7,normal,325.12,10.8,23.74,1,hydraulic,3403.0
2024-07-11,M01,CNC,0.9,51.15,4.59,16.0,825.6,idle,325.45,11.8,23.41,1,hydraulic,2831.0
2024-07-12,M01,CNC,1.02,52.34,4.68,20.0,837.9,idle,325.57,11.5,23.29,1,hydraulic,2645.0
2024-07-13,M01,CNC,1.14,54.62,5.37,22.0,807.4,idle,326.07,16.8,22.79,1,hydraulic,3616.0
2024-07-14,M01,CNC,0.99,51.23,4.3,22.8,844.7,idle,326.2,15.2,22.66,1,hydraulic,2484.0
2024-07-15,M01,CNC,1.01,53.07,4.38,19.8,852.7,idle,326.6,15.1,22.26,1,hydraulic,1570.0
2024-07-16,M01,CNC,1.08,52.26,4.9,18.2,858.6,idle,326.67,12.0,22.19,1,hydraulic,3882.0
2024-07-17,M01,CNC,1.08,52.37,4.65,18.2,858.6,idle,326.88,13.3,21.98,1,hydraulic,3754.0
2024-07-18,M01,CNC,0.93,54.63,4.44,22.7,833.1,idle,327.08,12.5,21.78,1,hydraulic,2444.0
2024-07-19,M01,CNC,0.97,50.9,5.6,27.9,856.8,idle,327.17,11.2,21.69,1,hydraulic,2258.0
2024-07-20,M01,CNC,1.15,52.43,5.56,24.4,835.5,idle,327.3,12.8,21.56,1,hydraulic,3648.0
2024-07-21,M01,CNC,0.98,55.46,5.72,16.5,849.2,idle,327.65,9.0,21.21,1,hydraulic,2431.0
2024-07-22,M01,CNC,3.97,58.34,13.93,88.6,2652.1,normal,327.87,8.1,20.99,1,hydraulic,2623.0
2024-07-23,M01,CNC,4.82,68.69,28.78,122.5,3853.1,peak,327.92,13.5,20.94,1,hydraulic,2017.0
2024-07-24,M01,CNC,4.82,54.33,5.57,26.8,856.1,idle,328.28,12.9,20.58,1,hydraulic,3851.0
2024-07-25,M01,CNC,2.38,64.69,11.63,45.9,2660.7,normal,328.47,12.4,20.39,1,hydraulic,1710.0
2024-07-26,M01,CNC,4.85,69.57,26.71,114.5,3669.2,peak,328.63,12.8,20.23,1,hydraulic,3141.0
2024-07-27,M01,CNC,3.31,67.71,12.25,55.5,2886.6,normal,328.92,14.3,19.94,1,hydraulic,2111.0
2024-07-28,M01,CNC,3.45,59.43,10.23,110.3,2639.7,normal,329.37,11.0,19.49,1,hydraulic,1985.0
2024-07-29,M01,CNC,1.25,51.3,5.73,29.1,864.6,idle,329.68,14.1,19.18,1,hydraulic,2424.0
2024-07-30,M01,CNC,2.99,67.61,12.85,67.8,2806.1,normal,330.12,12.5,18.74,1,hydraulic,3910.0
2024-07-31,M01,CNC,3.95,70.91,15.38,72.3,2746.5,normal,330.37,14.2,18.49,1,hydraulic,1906.0
2024-08-01,M01,CNC,3.71,59.82,10.86,71.8,2706.1,normal,330.8,10.1,18.06,1,hydraulic,2143.0
2024-08-02,M01,CNC,2.9,59.77,10.38,37.0,2902.2,normal,330.95,8.8,17.91,1,hydraulic,3345.0
2024-08-03,M01,CNC,3.16,62.11,14.8,50.6,2889.0,normal,331.35,10.9,17.51,1,hydraulic,2658.0
2024-08-04,M01,CNC,1.24,47.33,4.93,21.2,857.2,idle,331.75,8.7,17.11,1,hydraulic,2583.0
2024-08-05,M01,CNC,1.11,52.66,4.53,30.7,809.7,idle,332.2,13.9,16.66,1,hydraulic,2310.0
2024-08-06,M01,CNC,4.15,66.32,14.34,30.7,2680.4,normal,332.45,10.2,16.41,1,hydraulic,2588.0
2024-08-07,M01,CNC,2.73,59.99,11.43,96.0,2711.0,normal,332.92,8.6,15.94,1,hydraulic,3937.0
2024-08-08,M01,CNC,0.96,56.46,5.69,24.6,857.4,idle,333.33,17.2,15.53,1,hydraulic,3419.0
2024-08-09,M01,CNC,2.74,62.79,15.42,67.7,2651.2,normal,333.73,12.0,15.13,1,hydraulic,3711.0
2024-08-10,M01,CNC,3.96,60.28,11.71,89.3,2772.2,normal,334.02,14.0,14.84,1,hydraulic,2820.0
2024-08-11,M01,CNC,3.52,58.35,16.26,79.3,2640.7,normal,334.37,8.9,14.49,1,hydraulic,3856.0
2024-08-12,M01,CNC,5.29,81.3,28.5,118.2,3714.8,peak,334.7,18.0,14.16,1,hydraulic,2603.0
2024-08-13,M01,CNC,3.48,58.42,13.02,118.2,2673.0,normal,335.03,15.6,13.83,1,hydraulic,3311.0
2024-08-14,M01,CNC,3.82,64.59,10.75,65.3,2790.0,normal,335.2,13.9,13.66,1,hydraulic,3514.0
2024-08-15,M01,CNC,2.59,69.94,13.63,62.7,2764.3,normal,335.27,12.1,13.59,1,hydraulic,1928.0
2024-08-16,M01,CNC,4.02,62.49,14.92,73.3,2670.8,normal,335.75,12.1,13.11,1,hydraulic,3140.0
2024-08-17,M01,CNC,1.31,55.34,5.36,18.9,843.6,idle,336.22,8.4,12.64,1,hydraulic,2533.0
2024-08-18,M01,CNC,3.82,69.97,15.07,94.9,2764.4,normal,336.42,15.7,12.44,1,hydraulic,1504.0
2024-08-19,M01,CNC,1.28,49.08,5.72,18.5,788.3,idle,336.8,12.6,12.06,1,hydraulic,3623.0
2024-08-20,M01,CNC,4.07,59.46,12.56,18.5,2633.7,normal,337.02,13.0,11.84,1,hydraulic,1711.0
2024-08-21,M01,CNC,4.07,70.04,13.77,45.6,2667.9,normal,337.15,9.3,11.71,1,hydraulic,3485.0
2024-08-22,M01,CNC,3.67,72.3,14.64,73.0,2763.6,normal,337.23,14.3,11.63,1,hydraulic,2148.0
2024-08-23,M01,CNC,3.53,69.32,10.98,61.2,2736.8,normal,337.42,13.5,11.44,1,hydraulic,1964.0
2024-08-24,M01,CNC,5.49,71.48,26.2,86.4,3536.9,peak,337.68,14.5,11.18,1,hydraulic,2695.0
2024-08-25,M01,CNC,1.36,54.61,4.42,21.6,830.0,idle,337.98,12.2,10.88,1,hydraulic,3434.0
2024-08-26,M01,CNC,2.62,66.5,12.66,61.6,2595.2,normal,338.13,9.4,10.73,1,hydraulic,3955.0
2024-08-27,M01,CNC,1.34,57.56,5.88,18.2,791.9,idle,338.43,9.4,10.43,1,hydraulic,3199.0
2024-08-28,M01,CNC,5.31,66.29,19.65,119.1,3636.0,peak,338.63,13.1,10.23,1,hydraulic,2658.0
2024-08-29,M01,CNC,4.03,68.21,13.39,81.1,2852.6,normal,339.05,13.9,9.81,1,hydraulic,3505.0
2024-08-30,M01,CNC,3.37,64.83,11.41,74.6,2765.7,normal,339.53,13.4,9.33,1,hydraulic,3760.0
2024-08-31,M01,CNC,2.97,59.39,15.05,68.7,2647.2,normal,339.97,12.6,8.89,1,hydraulic,2272.0
2024-09-01,M01,CNC,4.42,60.5,13.32,106.6,2685.1,normal,340.37,11.8,8.49,1,hydraulic,3182.0
2024-09-02,M01,CNC,4.42,64.2,12.21,111.6,2681.9,normal,340.42,12.7,8.44,1,hydraulic,3061.0
2024-09-03,M01,CNC,5.54,70.2,21.8,111.6,3664.3,peak,340.65,15.9,8.21,1,hydraulic,2123.0
2024-09-04,M01,CNC,5.54,81.04,24.63,140.1,3533.8,peak,340.93,9.3,7.93,1,hydraulic,2859.0
2024-09-05,M01,CNC,4.3,70.1,15.74,63.9,2772.4,normal,341.42,16.5,7.44,1,hydraulic,3371.0
2024-09-06,M01,CNC,1.27,49.77,15.74,27.9,817.6,idle,341.45,12.1,7.41,1,hydraulic,2132.0
2024-09-07,M01,CNC,4.16,65.69,11.13,51.3,2751.1,normal,341.52,17.7,7.34,1,hydraulic,3128.0
2024-09-08,M01,CNC,3.43,61.56,13.79,60.1,2720.4,normal,341.88,11.3,6.98,1,hydraulic,3685.0
2024-09-09,M01,CNC,4.89,80.16,22.91,125.5,3476.6,peak,342.12,14.3,6.74,1,hydraulic,3498.0
2024-09-10,M01,CNC,2.73,64.59,13.72,62.9,2636.4,normal,342.6,14.2,6.26,1,hydraulic,2677.0
2024-09-11,M01,CNC,1.31,57.33,5.62,15.4,806.5,idle,342.75,12.3,6.11,1,hydraulic,1911.0
2024-09-12,M01,CNC,1.31,62.41,17.31,41.2,2690.6,normal,343.02,11.0,5.84,1,hydraulic,2828.0
2024-09-13,M01,CNC,3.86,69.42,14.31,50.2,2640.7,normal,343.47,11.6,5.39,1,hydraulic,2500.0
2024-09-14,M01,CNC,3.65,60.26,12.83,43.0,2571.2,normal,343.77,14.8,5.09,1,hydraulic,2217.0
2024-09-15,M01,CNC,1.19,50.28,5.28,26.8,824.9,idle,343.83,11.8,5.03,1,hydraulic,3538.0
2024-09-16,M01,CNC,1.1,50.69,4.54,20.3,818.3,idle,344.17,12.6,4.69,1,hydraulic,2545.0
2024-09-17,M01,CNC,1.03,58.46,4.45,28.8,817.7,idle,344.55,16.0,4.31,1,hydraulic,3738.0
2024-09-18,M01,CNC,1.4,58.46,5.67,28.5,824.3,idle,344.67,17.5,4.19,1,hydraulic,2725.0
2024-09-19,M01,CNC,2.79,72.62,14.26,80.9,2665.5,normal,345.03,14.9,3.83,1,hydraulic,2737.0
2024-09-20,M01,CNC,3.95,67.13,15.58,42.1,2558.0,normal,345.17,16.5,3.69,1,hydraulic,3062.0
2024-09-21,M01,CNC,1.13,50.9,5.8,23.9,832.9,idle,345.5,11.0,3.36,1,hydraulic,1589.0
2024-09-22,M01,CNC,1.18,51.22,5.67,24.9,801.7,idle,345.97,10.7,2.89,1,hydraulic,1700.0
2024-09-23,M01,CNC,1.28,56.66,4.75,32.3,831.3,idle,346.32,16.3,2.54,1,hydraulic,2442.0
2024-09-24,M01,CNC,1.33,51.54,5.5,16.6,770.8,idle,346.67,10.2,2.19,1,hydraulic,2526.0
2024-09-25,M01,CNC,1.16,54.25,5.81,27.0,815.2,idle,347.05,15.7,1.81,1,hydraulic,2060.0
2024-09-26,M01,CNC,1.23,53.16,5.0,18.8,770.1,idle,347.42,14.3,1.44,1,hydraulic,3305.0
2024-09-27,M01,CNC,1.43,55.5,5.11,18.4,798.2,idle,347.47,15.3,1.39,1,hydraulic,2708.0
2024-09-28,M01,CNC,1.43,58.76,5.08,16.9,804.5,idle,347.67,9.8,1.19,1,hydraulic,3709.0
2024-09-29,M01,CNC,4.6,63.02,14.89,16.9,2722.3,normal,348.17,13.3,0.69,1,hydraulic,2173.0
2024-09-30,M01,CNC,2.96,70.63,16.93,75.3,2587.3,normal,348.33,17.4,0.53,1,hydraulic,2708.0
2024-10-01,M01,CNC,4.74,62.69,16.55,69.4,2587.4,normal,348.75,16.0,0.5,1,hydraulic,1808.0
2024-10-02,M01,CNC,1.44,54.45,5.25,24.5,802.4,idle,348.85,10.3,0.5,1,hydraulic,3127.0
2024-10-03,M01,CNC,3.38,62.5,17.2,61.8,2930.8,normal,0.0,13.4,26.79,0,none,0.0
2024-10-04,M01,CNC,3.78,68.31,11.28,88.8,2870.5,normal,0.27,15.5,26.53,0,none,0.0
2024-10-05,M01,CNC,3.57,57.86,11.28,71.8,2835.7,normal,0.43,16.2,26.36,0,none,0.0
2024-10-06,M01,CNC,4.98,63.29,12.13,75.5,2943.5,normal,0.65,10.3,26.14,0,none,0.0
2024-10-07,M01,CNC,3.42,59.35,10.63,80.0,2930.8,normal,0.68,17.4,26.11,0,none,0.0
2024-10-08,M01,CNC,6.05,79.25,28.46,103.8,3967.0,peak,0.88,10.2,25.91,0,none,0.0
2024-10-09,M01,CNC,3.54,58.6,12.29,54.2,2891.0,normal,0.95,12.6,25.84,0,none,0.0
2024-10-10,M01,CNC,5.3,57.64,11.26,54.2,3007.8,normal,1.35,12.1,25.44,0,none,0.0
2024-10-11,M01,CNC,3.83,64.69,11.26,57.6,3022.9,normal,1.45,8.4,25.34,0,none,0.0
2024-10-12,M01,CNC,5.41,57.24,17.19,76.3,2987.2,normal,1.73,10.3,25.06,0,none,0.0
2024-10-13,M01,CNC,4.21,65.0,13.91,77.3,2773.1,normal,2.05,12.5,24.74,0,none,0.0
2024-10-14,M01,CNC,5.6,70.62,27.52,98.0,3903.5,peak,2.43,15.0,24.36,0,none,0.0
2024-10-15,M01,CNC,5.53,58.9,15.25,98.0,3903.5,normal,2.75,15.4,24.04,0,none,0.0
2024-10-16,M01,CNC,1.31,54.45,5.79,25.7,875.3,idle,2.85,14.5,23.94,1,bearing,4504.0
2024-10-17,M01,CNC,4.41,66.9,16.69,73.7,2737.7,normal,3.2,17.5,23.59,1,bearing,2634.0
2024-10-18,M01,CNC,5.5,68.09,15.34,60.2,2920.2,normal,3.6,12.4,23.19,1,bearing,3467.0
2024-10-19,M01,CNC,4.21,67.67,11.26,77.0,3018.2,normal,4.08,17.8,22.71,1,bearing,4004.0
2024-10-20,M01,CNC,5.83,82.61,24.42,108.1,3927.1,peak,4.4,14.4,22.39,1,bearing,2748.0
2024-10-21,M01,CNC,4.68,69.16,16.85,67.4,2820.1,normal,4.63,17.7,22.16,1,bearing,4362.0
2024-10-22,M01,CNC,1.63,56.18,5.69,24.8,856.7,idle,4.7,14.4,22.09,1,bearing,4945.0
2024-10-23,M01,CNC,5.32,59.91,14.45,52.2,2819.1,normal,4.73,11.3,22.06,1,bearing,3015.0
2024-10-24,M01,CNC,4.22,64.19,15.56,66.8,2853.9,normal,5.18,8.7,21.61,1,bearing,4770.0
2024-10-25,M01,CNC,3.9,63.89,12.19,54.8,2898.7,normal,5.32,16.1,21.48,1,bearing,3454.0
2024-10-26,M01,CNC,1.65,54.54,5.22,22.3,885.1,idle,5.52,15.9,21.28,1,bearing,4941.0
2024-10-27,M01,CNC,4.65,65.55,10.75,65.0,2832.8,normal,5.55,17.8,21.24,1,bearing,3032.0
2024-10-28,M01,CNC,4.36,67.16,14.43,75.1,2944.0,normal,5.87,9.7,20.93,1,bearing,2605.0
2024-10-29,M01,CNC,5.44,69.26,17.49,52.7,2777.8,normal,5.97,15.9,20.83,1,bearing,3474.0
2024-10-30,M01,CNC,3.37,68.31,17.1,61.2,2989.9,normal,6.3,9.7,20.49,1,bearing,2714.0
2024-10-31,M01,CNC,1.34,57.97,5.05,20.6,858.6,idle,6.4,13.3,20.39,1,bearing,2760.0
2024-11-01,M01,CNC,4.04,62.99,12.84,82.5,2875.7,normal,6.68,11.6,20.11,1,bearing,4931.0
2024-11-02,M01,CNC,4.2,67.9,15.8,62.4,2838.9,normal,6.77,10.2,20.03,1,bearing,2677.0
2024-11-03,M01,CNC,1.4,50.68,5.61,21.1,860.5,idle,7.18,16.7,19.61,1,bearing,4635.0
2024-11-04,M01,CNC,5.28,60.53,14.76,61.8,2996.9,normal,7.37,17.6,19.43,1,bearing,2749.0
2024-11-05,M01,CNC,1.62,57.08,5.41,20.3,2996.9,idle,7.65,12.3,19.14,1,bearing,2942.0
2024-11-06,M01,CNC,1.62,55.13,5.41,25.3,839.7,idle,7.93,12.4,18.86,1,bearing,2830.0
2024-11-07,M01,CNC,4.03,68.33,13.66,83.9,2976.2,normal,8.13,8.7,18.66,1,bearing,3626.0
2024-11-08,M01,CNC,1.56,51.65,5.81,21.6,879.5,idle,8.48,13.5,18.31,1,bearing,3831.0
2024-11-09,M01,CNC,1.56,69.36,5.81,21.6,879.5,normal,8.72,13.3,18.08,1,bearing,4358.0
2024-11-10,M01,CNC,1.71,69.36,5.75,25.2,837.9,idle,9.02,9.0,17.78,1,bearing,2968.0
2024-11-11,M01,CNC,1.43,49.84,5.59,23.6,859.9,idle,9.5,16.8,17.29,1,bearing,4758.0
2024-11-12,M01,CNC,4.18,65.59,15.09,70.9,2996.0,normal,9.92,12.3,16.88,1,bearing,3435.0
2024-11-13,M01,CNC,1.47,56.75,5.21,22.6,870.8,idle,10.17,12.5,16.63,1,bearing,4203.0
2024-11-14,M01,CNC,1.81,59.84,4.75,20.6,870.9,idle,10.58,12.3,16.21,1,bearing,3544.0
2024-11-15,M01,CNC,5.22,64.11,11.36,55.3,2966.0,normal,10.8,14.9,15.99,1,bearing,4442.0
2024-11-16,M01,CNC,1.52,53.25,4.92,22.1,826.3,idle,10.87,8.9,15.93,1,bearing,4268.0
2024-11-17,M01,CNC,1.72,50.73,4.92,21.4,858.1,idle,10.95,11.7,15.84,1,bearing,3032.0
2024-11-18,M01,CNC,1.93,56.66,5.45,21.9,843.8,idle,11.27,17.6,15.53,1,bearing,4800.0
2024-11-19,M01,CNC,1.82,60.15,5.67,23.4,870.5,idle,11.47,12.1,15.33,1,bearing,4232.0
2024-11-20,M01,CNC,4.99,61.26,14.97,88.4,2754.1,normal,11.95,8.5,14.84,1,bearing,3678.0
2024-11-21,M01,CNC,1.86,52.48,5.47,88.4,850.8,idle,12.3,9.0,14.49,1,bearing,4578.0
2024-11-22,M01,CNC,1.91,53.99,5.7,24.8,882.8,idle,12.43,12.8,14.36,1,bearing,2943.0
2024-11-23,M01,CNC,1.58,53.99,4.83,25.9,882.6,idle,12.65,11.7,14.14,1,bearing,3641.0
2024-11-24,M01,CNC,1.78,59.1,5.46,23.7,825.7,idle,12.98,12.3,13.81,1,bearing,4797.0
2024-11-25,M01,CNC,1.94,52.1,6.0,24.7,867.2,idle,13.42,14.1,13.38,1,bearing,4780.0
2024-11-26,M01,CNC,1.48,53.86,5.02,22.2,825.2,idle,13.45,14.6,13.34,1,bearing,3595.0
2024-11-27,M01,CNC,2.04,56.38,5.1,22.4,849.5,idle,13.48,15.0,13.31,1,bearing,3765.0
2024-11-28,M01,CNC,1.84,56.06,6.16,23.0,886.0,idle,13.68,9.8,13.11,1,bearing,3086.0
2024-11-29,M01,CNC,1.84,53.1,6.19,20.7,873.9,idle,14.02,8.7,12.78,1,bearing,2625.0
2024-11-30,M01,CNC,1.7,59.81,6.08,24.8,872.0,idle,14.08,10.2,12.71,1,bearing,4219.0
2024-12-01,M01,CNC,1.67,51.92,5.28,21.0,865.4,idle,14.35,11.7,12.44,1,bearing,3828.0
2024-12-02,M01,CNC,4.84,75.88,15.72,83.2,2733.3,normal,14.78,14.0,12.01,1,bearing,2715.0
2024-12-03,M01,CNC,2.04,60.51,5.44,23.6,869.6,idle,14.88,14.2,11.91,1,bearing,2834.0
2024-12-04,M01,CNC,2.04,56.36,5.29,20.9,842.7,idle,15.05,12.2,11.74,1,bearing,4986.0
2024-12-05,M01,CNC,1.54,51.67,4.84,25.8,854.7,idle,15.32,10.2,11.48,1,bearing,4598.0
2024-12-06,M01,CNC,2.12,55.76,5.15,23.0,847.2,idle,15.4,9.1,11.39,1,bearing,4929.0
2024-12-07,M01,CNC,1.57,57.94,4.98,23.7,861.1,idle,15.68,11.1,11.11,1,bearing,3403.0
2024-12-08,M01,CNC,4.34,62.52,16.82,69.5,2708.5,normal,15.92,8.5,10.88,1,bearing,3337.0
2024-12-09,M01,CNC,6.91,62.53,16.2,89.4,2760.1,normal,16.1,15.7,10.69,1,bearing,3546.0
2024-12-10,M01,CNC,4.34,63.54,13.26,55.8,2890.2,normal,16.28,8.1,10.51,1,bearing,4263.0
2024-12-11,M01,CNC,4.11,69.39,18.48,82.9,2867.7,normal,16.4,13.3,10.39,1,bearing,3442.0
2024-12-12,M01,CNC,4.87,71.21,14.97,68.2,2727.1,normal,16.7,14.7,10.09,1,bearing,3950.0
2024-12-13,M01,CNC,6.65,68.62,12.47,66.0,2808.6,normal,16.77,15.4,10.03,1,bearing,4286.0
2024-12-14,M01,CNC,6.48,72.88,16.8,52.4,2809.1,normal,16.8,8.8,9.99,1,bearing,3782.0
2024-12-15,M01,CNC,5.43,62.27,12.98,80.9,2727.7,normal,17.13,12.0,9.66,1,bearing,4210.0
2024-12-16,M01,CNC,5.62,65.27,11.12,61.2,2968.7,normal,17.32,8.2,9.48,1,bearing,3830.0
2024-12-17,M01,CNC,2.08,61.68,5.49,20.7,852.6,idle,17.43,14.2,9.36,1,bearing,3982.0
2024-12-18,M01,CNC,5.39,74.77,11.78,70.5,2730.3,normal,17.5,9.1,9.29,1,bearing,4284.0
2024-12-19,M01,CNC,5.0,73.26,14.64,66.3,2799.7,normal,17.83,8.8,8.96,1,bearing,3770.0
2024-12-20,M01,CNC,5.45,73.26,17.82,88.3,2911.3,normal,18.25,11.3,8.54,1,bearing,3188.0
2024-12-21,M01,CNC,5.01,72.67,14.37,61.7,2926.6,normal,18.32,9.1,8.48,1,bearing,4588.0
2024-12-22,M01,CNC,7.23,85.72,26.35,104.6,3832.7,peak,18.45,11.5,8.34,1,bearing,3104.0
2024-12-23,M01,CNC,6.84,71.99,15.73,54.5,2833.0,normal,18.6,10.6,8.19,1,bearing,3210.0
2024-12-24,M01,CNC,4.53,73.61,14.98,77.8,2694.9,normal,18.95,15.6,7.84,1,bearing,2808.0
2024-12-25,M01,CNC,7.39,82.77,21.86,96.1,3644.1,peak,19.07,14.3,7.73,1,bearing,4400.0
2024-12-26,M01,CNC,7.13,73.78,13.8,63.3,2781.7,normal,19.5,13.8,7.29,1,bearing,4812.0
2024-12-27,M01,CNC,6.58,72.76,12.53,58.6,2708.5,normal,19.87,14.2,6.93,1,bearing,3794.0
2024-12-28,M01,CNC,6.22,74.34,13.14,52.8,2703.5,normal,19.97,12.7,6.83,1,bearing,3740.0
2024-12-29,M01,CNC,7.27,67.44,17.01,75.7,2788.2,normal,20.42,8.6,6.38,1,bearing,4578.0
2024-12-30,M01,CNC,4.81,64.85,15.85,81.4,2863.2,normal,20.48,12.5,6.31,1,bearing,2733.0
2024-12-31,M01,CNC,1.99,53.52,6.4,24.8,832.5,idle,20.7,8.8,6.09,1,bearing,2869.0
2025-01-01,M01,CNC,7.36,72.24,15.63,80.4,2909.6,normal,21.05,11.8,5.74,1,bearing,4877.0
2025-01-02,M01,CNC,8.69,73.48,25.17,108.9,3695.9,peak,21.37,15.4,5.43,1,bearing,2668.0
2025-01-03,M01,CNC,8.19,78.74,26.39,104.2,3900.7,peak,21.63,13.7,5.16,1,bearing,3271.0
2025-01-04,M01,CNC,5.02,65.27,12.71,85.7,2859.5,normal,21.83,13.0,4.96,1,bearing,2753.0
2025-01-05,M01,CNC,5.02,75.77,17.82,84.2,2936.9,normal,22.1,17.0,4.69,1,bearing,3906.0
2025-01-06,M01,CNC,5.09,74.99,14.76,84.0,2881.1,normal,22.5,14.5,4.29,1,bearing,2660.0
2025-01-07,M01,CNC,5.09,60.27,5.05,23.3,876.9,idle,22.65,17.9,4.14,1,bearing,4646.0
2025-01-08,M01,CNC,7.4,60.27,12.51,23.3,2879.0,normal,22.95,11.6,3.84,1,bearing,3658.0
2025-01-09,M01,CNC,7.02,67.07,15.16,84.0,2880.2,normal,23.18,11.4,3.61,1,bearing,4948.0
2025-01-10,M01,CNC,2.05,59.79,5.64,21.8,848.4,idle,23.23,14.5,3.56,1,bearing,2769.0
2025-01-11,M01,CNC,6.61,77.05,16.18,80.9,2715.6,normal,23.43,14.8,3.36,1,bearing,3663.0
2025-01-12,M01,CNC,2.02,54.09,5.19,24.4,876.5,idle,23.6,14.6,3.19,1,bearing,4968.0
2025-01-13,M01,CNC,4.69,70.17,17.47,59.8,876.5,normal,24.08,8.8,2.71,1,bearing,3079.0
2025-01-14,M01,CNC,6.85,73.46,12.75,65.5,2891.3,normal,24.3,14.6,2.49,1,bearing,4105.0
2025-01-15,M01,CNC,6.26,64.33,17.2,53.3,2880.1,normal,24.4,17.4,2.39,1,bearing,3768.0
2025-01-16,M01,CNC,5.07,78.72,14.17,64.4,2708.6,normal,24.72,15.9,2.08,1,bearing,3023.0
2025-01-17,M01,CNC,1.93,63.24,6.55,22.2,838.9,idle,25.1,17.5,1.69,1,bearing,4656.0
2025-01-18,M01,CNC,6.88,77.78,15.93,66.9,2782.6,normal,25.17,12.2,1.63,1,bearing,3982.0
2025-01-19,M01,CNC,6.79,64.55,16.15,65.5,2891.4,normal,25.2,9.8,1.59,1,bearing,3377.0
2025-01-20,M01,CNC,8.03,82.56,27.24,104.6,3634.0,peak,25.4,12.9,1.39,1,bearing,3427.0
2025-01-21,M01,CNC,6.42,73.02,15.7,74.9,2856.8,normal,25.5,11.0,1.29,1,bearing,2914.0
2025-01-22,M01,CNC,2.32,57.39,6.27,23.0,813.5,idle,25.8,16.4,0.99,1,bearing,4656.0
2025-01-23,M01,CNC,1.78,58.05,6.2,24.2,860.8,idle,25.85,16.8,0.94,1,bearing,3036.0
2025-01-24,M01,CNC,6.25,71.41,12.53,64.5,860.8,normal,26.2,9.6,0.59,1,bearing,3178.0
2025-01-25,M01,CNC,4.79,68.26,16.06,80.0,2945.1,normal,26.62,12.1,0.5,1,bearing,3472.0
2025-01-26,M01,CNC,0.98,46.43,4.63,23.8,905.0,idle,0.0,10.4,92.57,0,none,0.0
2025-01-27,M01,CNC,0.74,44.1,5.26,22.3,890.0,idle,0.45,17.0,92.12,0,none,0.0
2025-01-28,M01,CNC,0.88,41.84,4.54,22.0,851.8,idle,0.58,17.5,91.99,0,none,0.0
2025-01-29,M01,CNC,0.71,48.32,4.41,23.1,870.9,idle,0.85,10.8,91.72,0,none,0.0
2025-01-30,M01,CNC,0.98,42.59,4.64,25.2,908.9,idle,1.08,12.2,91.49,0,none,0.0
2025-01-31,M01,CNC,0.76,48.03,4.69,22.9,859.3,idle,1.2,16.0,91.37,0,none,0.0
2025-02-01,M01,CNC,1.91,60.92,12.73,68.6,3018.8,normal,1.3,8.5,91.27,0,none,0.0
2025-02-02,M01,CNC,2.87,52.38,13.47,57.1,3025.4,normal,1.58,13.5,90.99,0,none,0.0
2025-02-03,M01,CNC,0.9,49.57,4.1,20.3,869.8,idle,1.67,13.2,90.91,0,none,0.0
2025-02-04,M01,CNC,0.78,42.47,5.36,21.5,869.0,idle,1.75,15.6,90.82,0,none,0.0
2025-02-05,M01,CNC,0.93,44.5,5.17,20.4,884.1,idle,1.92,13.1,90.66,0,none,0.0
2025-02-06,M01,CNC,0.71,40.63,5.36,20.8,887.3,idle,2.38,17.5,90.19,0,none,0.0
2025-02-07,M01,CNC,0.82,43.47,5.35,20.1,896.5,idle,2.53,16.8,90.04,0,none,0.0
2025-02-08,M01,CNC,0.82,45.6,5.41,20.3,879.3,idle,2.57,12.0,90.01,0,none,0.0
2025-02-09,M01,CNC,0.78,47.31,5.47,21.5,895.8,idle,2.78,17.9,89.79,0,none,0.0
2025-02-10,M01,CNC,2.08,58.48,12.52,88.9,2982.6,normal,3.0,11.2,89.57,0,none,0.0
2025-02-11,M01,CNC,0.8,41.14,4.23,21.4,867.6,idle,3.08,14.5,89.49,0,none,0.0
2025-02-12,M01,CNC,2.99,41.14,12.9,56.4,3058.0,normal,3.53,8.4,89.04,0,none,0.0
2025-02-13,M01,CNC,7.68,51.02,14.1,72.7,2824.5,normal,4.0,16.3,88.57,0,none,0.0
2025-02-14,M01,CNC,2.22,44.85,4.25,25.7,909.5,idle,4.43,12.5,88.14,0,none,0.0
2025-02-15,M01,CNC,3.74,65.86,22.12,104.8,3963.6,peak,4.47,8.2,88.11,0,none,0.0
2025-02-16,M01,CNC,0.72,45.13,5.21,22.8,853.6,idle,4.6,13.5,87.97,0,none,0.0
2025-02-17,M01,CNC,2.9,53.02,11.18,58.3,2899.1,normal,5.02,12.2,87.56,0,none,0.0
2025-02-18,M01,CNC,2.86,57.79,10.83,85.4,3063.9,normal,5.45,11.0,87.12,0,none,0.0
2025-02-19,M01,CNC,3.02,53.58,12.43,89.4,3031.6,normal,5.5,14.4,87.07,0,none,0.0
2025-02-20,M01,CNC,1.84,50.98,12.52,86.5,2961.6,normal,5.85,9.1,86.72,0,none,0.0
2025-02-21,M01,CNC,2.5,51.58,13.77,83.2,2914.1,normal,6.35,13.4,86.22,0,none,0.0
2025-02-22,M01,CNC,2.89,64.47,10.82,71.9,2886.1,normal,6.72,10.4,85.86,0,none,0.0
2025-02-23,M01,CNC,2.91,58.66,13.62,82.3,2918.8,normal,6.82,8.0,85.76,0,none,0.0
2025-02-24,M01,CNC,3.08,58.0,10.53,78.4,3038.0,normal,7.03,12.2,85.54,0,none,0.0
2025-02-25,M01,CNC,0.8,48.57,5.36,21.7,918.9,idle,7.42,13.2,85.16,0,none,0.0
2025-02-26,M01,CNC,2.0,53.03,10.7,86.0,2996.3,normal,7.63,13.3,84.94,0,none,0.0
2025-02-27,M01,CNC,0.75,44.4,4.92,20.5,911.8,idle,7.93,13.1,84.64,0,none,0.0
2025-02-28,M01,CNC,2.93,57.58,15.79,67.9,3095.2,normal,7.97,12.7,84.61,0,none,0.0
2025-03-01,M01,CNC,2.74,59.52,15.79,85.5,2928.2,normal,8.33,11.7,84.24,0,none,0.0
2025-03-02,M01,CNC,2.03,50.19,13.14,72.0,3015.8,normal,8.75,15.9,83.82,0,none,0.0
2025-03-03,M01,CNC,2.03,51.19,14.25,59.1,3057.4,normal,8.97,14.6,83.61,0,none,0.0
2025-03-04,M01,CNC,0.95,45.41,5.07,21.9,883.0,idle,9.05,15.4,83.52,0,none,0.0
2025-03-05,M01,CNC,2.95,45.41,5.07,21.9,3048.5,normal,9.25,11.5,83.32,0,none,0.0
2025-03-06,M01,CNC,0.8,41.74,5.07,25.0,857.0,idle,9.45,9.8,83.12,0,none,0.0
2025-03-07,M01,CNC,0.77,41.42,4.52,22.7,902.4,idle,9.88,17.8,82.69,0,none,0.0
2025-03-08,M01,CNC,2.71,59.31,11.79,84.0,2941.4,normal,10.17,16.1,82.41,0,none,0.0
2025-03-09,M01,CNC,0.99,46.34,4.19,24.1,872.8,idle,10.23,17.4,82.34,0,none,0.0
2025-03-10,M01,CNC,2.76,51.04,10.64,84.5,2868.2,normal,10.28,8.4,82.29,0,none,0.0
2025-03-11,M01,CNC,0.95,42.79,4.96,24.2,885.9,idle,10.42,11.2,82.16,0,none,0.0
2025-03-12,M01,CNC,2.23,53.19,9.72,63.5,2995.9,normal,10.6,17.9,81.97,0,none,0.0
2025-03-13,M01,CNC,3.11,63.07,14.48,82.0,2999.5,normal,10.92,8.4,81.66,0,none,0.0
2025-03-14,M01,CNC,2.16,63.61,13.86,73.3,2833.3,normal,11.28,11.6,81.29,0,none,0.0
2025-03-15,M01,CNC,2.43,56.91,15.12,72.8,2914.1,normal,11.72,14.6,80.86,0,none,0.0
2025-03-16,M01,CNC,3.17,51.66,12.25,53.6,3022.0,normal,11.88,11.7,80.69,0,none,0.0
2025-03-17,M01,CNC,3.09,54.2,15.08,63.1,3073.2,normal,12.38,12.4,80.19,0,none,0.0
2025-03-18,M01,CNC,2.86,62.07,9.62,88.6,3018.0,normal,12.62,9.9,79.96,0,none,0.0
2025-03-19,M01,CNC,2.23,62.44,11.33,85.2,2833.8,normal,13.02,17.2,79.56,0,none,0.0
2025-03-20,M01,CNC,2.79,58.11,10.13,61.2,2803.7,normal,13.32,8.8,79.26,0,none,0.0
2025-03-21,M01,CNC,2.79,54.52,10.13,63.3,2890.0,normal,13.57,14.0,79.01,0,none,0.0
2025-03-22,M01,CNC,2.84,50.72,15.37,84.4,3000.3,normal,14.03,10.9,78.54,0,none,0.0
2025-03-23,M01,CNC,2.63,63.38,10.7,55.0,2871.8,normal,14.12,14.6,78.46,0,none,0.0
2025-03-24,M01,CNC,2.91,50.52,13.29,55.0,3056.7,normal,14.3,15.2,78.27,0,none,0.0
2025-03-25,M01,CNC,0.86,40.64,5.25,23.6,858.0,idle,14.42,11.5,78.16,0,none,0.0
2025-03-26,M01,CNC,0.73,49.1,5.0,25.0,911.5,idle,14.47,17.1,78.11,0,none,0.0
2025-03-27,M01,CNC,3.66,66.8,22.3,99.8,3930.4,peak,14.82,10.7,77.76,0,none,0.0
2025-03-28,M01,CNC,3.82,68.23,26.93,101.7,3982.1,peak,15.27,8.8,77.31,0,none,0.0
2025-03-29,M01,CNC,2.68,58.88,14.07,61.0,2953.7,normal,15.63,13.1,76.94,0,none,0.0
2025-03-30,M01,CNC,0.73,43.85,4.73,23.9,916.5,idle,16.05,17.5,76.52,0,none,0.0
2025-03-31,M01,CNC,0.88,47.44,4.76,23.8,855.0,idle,16.15,14.8,76.42,0,none,0.0
2025-04-01,M01,CNC,2.16,55.43,12.57,53.7,2842.0,normal,16.42,8.7,76.16,0,none,0.0
2025-04-02,M01,CNC,2.19,64.57,11.65,70.3,2858.8,normal,16.85,11.6,75.72,0,none,0.0
2025-04-03,M01,CNC,2.66,54.21,10.85,71.6,2801.7,normal,17.18,9.5,75.39,0,none,0.0
2025-04-04,M01,CNC,3.21,61.72,18.37,96.6,3901.7,peak,17.45,11.7,75.12,0,none,0.0
2025-04-05,M01,CNC,2.92,58.58,12.83,63.1,3079.5,normal,17.88,9.4,74.69,0,none,0.0
2025-04-06,M01,CNC,2.36,51.31,13.51,56.3,2903.6,normal,18.1,14.5,74.47,0,none,0.0
2025-04-07,M01,CNC,3.61,72.86,22.94,105.5,4097.9,peak,18.25,8.3,74.32,0,none,0.0
2025-04-08,M01,CNC,1.98,54.12,12.06,68.0,2923.3,normal,18.37,11.9,74.21,0,none,0.0
2025-04-09,M01,CNC,3.07,60.71,13.45,63.8,3047.1,normal,18.68,15.7,73.89,0,none,0.0
2025-04-10,M01,CNC,0.99,48.21,4.0,23.8,853.6,idle,19.08,18.0,73.49,0,none,0.0
2025-04-11,M01,CNC,0.78,40.6,4.91,24.1,858.0,idle,19.27,18.0,73.31,0,none,0.0
2025-04-12,M01,CNC,0.82,40.6,4.55,20.7,879.3,idle,19.4,16.5,73.17,0,none,0.0
2025-04-13,M01,CNC,0.93,40.71,4.12,22.1,879.3,idle,19.67,15.1,72.91,0,none,0.0
2025-04-14,M01,CNC,0.9,46.79,4.54,23.6,850.7,idle,19.73,17.7,72.84,0,none,0.0
2025-04-15,M01,CNC,0.89,49.13,4.92,25.2,900.7,idle,19.93,15.1,72.64,0,none,0.0
2025-04-16,M01,CNC,0.89,49.02,4.1,23.2,860.0,idle,20.25,16.9,72.32,0,none,0.0
2025-04-17,M01,CNC,0.7,44.22,4.44,22.9,890.4,idle,20.73,15.1,71.84,0,none,0.0
2025-04-18,M01,CNC,0.71,41.23,4.84,22.1,901.0,idle,21.13,15.9,71.44,0,none,0.0
2025-04-19,M01,CNC,0.9,48.46,5.04,22.6,897.1,idle,21.43,17.9,71.14,0,none,0.0
2025-04-20,M01,CNC,0.78,43.06,5.18,22.7,905.9,idle,21.88,15.9,70.69,0,none,0.0
2025-04-21,M01,CNC,0.95,48.58,5.37,22.6,872.3,idle,21.92,13.7,70.66,0,none,0.0
2025-04-22,M01,CNC,0.87,43.71,4.9,24.2,898.2,idle,22.18,13.5,70.39,0,none,0.0
2025-04-23,M01,CNC,2.32,52.5,12.3,57.4,3067.0,normal,22.53,8.7,70.04,0,none,0.0
2025-04-24,M01,CNC,2.28,52.32,9.67,57.4,2991.1,normal,22.77,15.2,69.81,0,none,0.0
2025-04-25,M01,CNC,0.8,40.72,4.61,21.9,897.4,idle,23.07,12.1,69.51,0,none,0.0
2025-04-26,M01,CNC,0.88,43.65,4.33,25.9,881.8,idle,23.4,17.7,69.17,0,none,0.0
2025-04-27,M01,CNC,0.91,41.41,4.73,20.2,885.4,idle,23.77,12.7,68.81,0,none,0.0
2025-04-28,M01,CNC,0.99,41.41,4.06,20.2,877.2,idle,24.07,16.8,68.51,0,none,0.0
2025-04-29,M01,CNC,0.75,40.23,5.13,22.8,870.2,idle,24.5,13.9,68.07,0,none,0.0
2025-04-30,M01,CNC,3.06,51.74,15.71,63.9,3066.5,normal,24.93,12.3,67.64,0,none,0.0
2025-05-01,M01,CNC,0.88,48.27,5.48,21.7,917.3,idle,25.42,9.2,67.16,0,none,0.0
2025-05-02,M01,CNC,0.82,43.86,4.51,23.2,860.8,idle,25.52,9.6,67.06,0,none,0.0
2025-05-03,M01,CNC,0.87,45.42,5.14,25.0,880.8,idle,25.92,17.5,66.66,0,none,0.0
2025-05-04,M01,CNC,2.22,53.89,10.77,54.2,2902.7,normal,26.22,16.5,66.36,0,none,0.0
2025-05-05,M01,CNC,2.22,49.66,4.84,22.1,890.6,idle,26.38,17.6,66.19,0,none,0.0
2025-05-06,M01,CNC,0.74,44.44,4.94,22.9,878.1,idle,26.55,11.0,66.02,0,none,0.0
2025-05-07,M01,CNC,1.0,48.8,4.94,23.4,893.5,idle,26.87,14.4,65.71,0,none,0.0
2025-05-08,M01,CNC,3.36,64.72,18.39,102.1,3962.9,peak,27.2,9.5,65.37,0,none,0.0
2025-05-09,M01,CNC,2.12,64.46,15.41,79.4,2960.0,normal,27.58,17.0,64.99,0,none,0.0
2025-05-10,M01,CNC,0.96,41.31,5.19,20.8,905.6,idle,27.78,13.6,64.79,0,none,0.0
2025-05-11,M01,CNC,0.78,48.77,5.42,20.9,882.4,idle,28.25,8.8,64.32,0,none,0.0
2025-05-12,M01,CNC,0.99,44.83,5.3,23.5,876.3,idle,28.62,10.6,63.96,0,none,0.0
2025-05-13,M01,CNC,0.79,42.03,5.14,22.3,885.8,idle,28.75,12.2,63.82,0,none,0.0
2025-05-14,M01,CNC,2.49,58.66,15.13,22.3,2922.3,normal,29.12,16.9,63.46,0,none,0.0
2025-05-15,M01,CNC,2.96,61.47,13.23,88.3,2860.1,normal,29.43,17.6,63.14,0,none,0.0
2025-05-16,M01,CNC,2.96,62.81,12.35,84.2,3067.9,normal,29.72,16.1,62.86,0,none,0.0
2025-05-17,M01,CNC,1.89,63.25,12.41,71.4,2988.0,normal,29.95,8.7,62.62,0,none,0.0
2025-05-18,M01,CNC,3.1,50.29,12.6,78.1,3016.8,normal,30.0,12.2,62.57,0,none,0.0
2025-05-19,M01,CNC,2.77,52.02,11.45,65.6,3041.3,normal,30.27,14.1,62.31,0,none,0.0
2025-05-20,M01,CNC,0.78,42.11,5.44,20.1,919.9,idle,30.47,11.2,62.11,0,none,0.0
2025-05-21,M01,CNC,2.75,62.43,11.42,52.5,3021.4,normal,30.95,12.0,61.62,0,none,0.0
2025-05-22,M01,CNC,2.97,61.11,10.43,80.6,3030.7,normal,31.38,13.6,61.19,0,none,0.0
2025-05-23,M01,CNC,2.72,61.49,15.0,75.3,2826.6,normal,31.58,9.2,60.99,0,none,0.0
2025-05-24,M01,CNC,2.48,51.16,12.15,67.5,2819.8,normal,31.85,9.0,60.72,0,none,0.0
2025-05-25,M01,CNC,3.48,59.89,26.08,109.2,3821.7,peak,32.03,16.6,60.54,0,none,0.0
2025-05-26,M01,CNC,3.14,57.84,11.45,54.9,2950.2,normal,32.28,16.7,60.29,0,none,0.0
2025-05-27,M01,CNC,0.94,47.07,4.08,20.4,878.2,idle,32.4,17.3,60.17,0,none,0.0
2025-05-28,M01,CNC,2.21,53.49,11.33,82.5,3078.8,normal,32.82,15.6,59.76,0,none,0.0
2025-05-29,M01,CNC,3.52,73.4,21.21,102.2,3867.8,peak,33.1,12.7,59.47,0,none,0.0
2025-05-30,M01,CNC,2.7,64.68,21.21,102.2,2994.3,normal,33.6,8.2,58.97,0,none,0.0
2025-05-31,M01,CNC,1.97,63.33,12.77,69.1,2975.8,normal,33.83,17.7,58.74,0,none,0.0
2025-06-01,M01,CNC,2.67,51.08,13.94,61.2,2975.8,normal,33.97,8.5,58.61,0,none,0.0
2025-06-02,M01,CNC,2.95,62.06,13.09,71.8,2842.9,normal,34.15,16.8,58.42,0,none,0.0
2025-06-03,M01,CNC,0.93,42.71,4.75,21.7,859.4,idle,34.52,10.9,58.06,0,none,0.0
2025-06-04,M01,CNC,0.89,40.54,5.12,21.9,850.0,idle,34.55,12.3,58.02,0,none,0.0
2025-06-05,M01,CNC,2.52,50.7,11.3,78.9,2818.8,normal,35.05,11.7,57.52,0,none,0.0
2025-06-06,M01,CNC,2.98,50.06,11.1,80.2,2894.9,normal,35.28,12.0,57.29,0,none,0.0
2025-06-07,M01,CNC,1.94,55.4,11.26,84.0,2894.0,normal,35.62,11.6,56.96,0,none,0.0
2025-06-08,M01,CNC,2.9,63.38,12.32,86.6,2913.2,normal,35.8,13.0,56.77,0,none,0.0
2025-06-09,M01,CNC,3.15,51.34,13.97,70.8,2916.3,normal,36.23,16.3,56.34,0,none,0.0
2025-06-10,M01,CNC,0.89,47.04,4.01,21.0,899.9,idle,36.58,9.2,55.99,0,none,0.0
2025-06-11,M01,CNC,2.73,64.49,14.45,88.1,3010.8,normal,36.67,15.9,55.91,0,none,0.0
2025-06-12,M01,CNC,2.22,51.58,14.58,76.5,2814.5,normal,36.87,11.7,55.71,0,none,0.0
2025-06-13,M01,CNC,2.22,51.58,14.58,76.5,2937.3,normal,36.97,13.1,55.61,0,none,0.0
2025-06-14,M01,CNC,2.09,55.53,11.9,54.0,3030.3,normal,37.27,8.4,55.31,0,none,0.0
2025-06-15,M01,CNC,2.38,62.33,15.03,60.1,2997.2,normal,37.67,12.7,54.91,0,none,0.0
2025-06-16,M01,CNC,2.46,63.2,10.9,77.8,2982.3,normal,37.93,16.9,54.64,0,none,0.0
2025-06-17,M01,CNC,2.21,52.05,13.74,80.1,2894.7,normal,38.03,14.1,54.54,0,none,0.0
2025-06-18,M01,CNC,2.7,55.93,14.14,59.6,3067.1,normal,38.15,14.2,54.42,0,none,0.0
2025-06-19,M01,CNC,2.2,55.52,9.88,56.2,2954.8,normal,38.62,11.4,53.96,0,none,0.0
2025-06-20,M01,CNC,2.2,62.53,9.6,66.4,2901.2,normal,39.08,12.9,53.49,0,none,0.0
2025-06-21,M01,CNC,1.83,51.87,12.19,70.7,2921.3,normal,39.42,16.2,53.16,0,none,0.0
2025-06-22,M01,CNC,2.54,58.93,9.56,69.6,3089.1,normal,39.63,9.1,52.94,0,none,0.0
2025-06-23,M01,CNC,2.53,60.16,11.53,81.4,3031.9,normal,39.88,16.0,52.69,0,none,0.0
2025-06-24,M01,CNC,0.86,49.76,4.19,20.1,903.9,idle,40.3,14.3,52.27,0,none,0.0
2025-06-25,M01,CNC,2.93,51.8,11.23,52.7,2888.0,normal,40.65,17.7,51.92,0,none,0.0
2025-06-26,M01,CNC,3.82,66.81,21.48,100.6,3800.4,peak,41.1,13.8,51.47,0,none,0.0
2025-06-27,M01,CNC,0.79,46.46,5.46,25.1,851.6,idle,41.25,13.8,51.32,0,none,0.0
2025-06-28,M01,CNC,3.06,61.75,14.57,69.4,2919.4,normal,41.37,15.2,51.21,0,none,0.0
2025-06-29,M01,CNC,0.79,40.66,4.34,21.5,883.9,idle,41.8,9.5,50.77,0,none,0.0
2025-06-30,M01,CNC,2.85,57.11,9.88,88.4,3082.8,normal,42.18,13.7,50.39,0,none,0.0
2025-07-01,M01,CNC,2.9,64.87,13.04,88.6,2822.7,normal,42.58,8.2,49.99,0,none,0.0
2025-07-02,M01,CNC,2.31,53.38,10.77,57.4,2986.7,normal,42.78,12.1,49.79,0,none,0.0
2025-07-03,M01,CNC,2.89,58.67,10.46,82.8,2990.8,normal,42.92,15.7,49.66,0,none,0.0
2025-07-04,M01,CNC,2.34,60.11,11.19,65.1,3075.2,normal,43.2,15.4,49.37,0,none,0.0
2025-07-05,M01,CNC,0.79,44.7,5.34,24.2,854.4,idle,43.25,13.2,49.32,0,none,0.0
2025-07-06,M01,CNC,0.74,40.08,4.95,22.7,859.4,idle,43.57,14.6,49.01,0,none,0.0
2025-07-07,M01,CNC,0.99,45.3,4.95,23.0,897.6,idle,43.87,17.6,48.71,0,none,0.0
2025-07-08,M01,CNC,1.91,54.12,14.75,69.5,2964.0,normal,44.13,11.4,48.44,0,none,0.0
2025-07-09,M01,CNC,0.83,40.44,4.25,22.7,864.6,idle,44.35,16.7,48.22,0,none,0.0
2025-07-10,M01,CNC,0.83,48.44,5.47,24.8,909.8,idle,44.73,14.9,47.84,0,none,0.0
2025-07-11,M01,CNC,0.77,49.61,4.3,25.7,919.6,idle,45.08,17.6,47.49,0,none,0.0
2025-07-12,M01,CNC,0.91,49.61,4.85,21.6,880.6,idle,45.25,10.2,47.32,0,none,0.0
2025-07-13,M01,CNC,0.88,40.73,4.93,25.9,863.3,idle,45.43,15.0,47.14,0,none,0.0
2025-07-14,M01,CNC,0.94,49.08,5.42,25.8,886.5,idle,45.83,11.2,46.74,0,none,0.0
2025-07-15,M01,CNC,0.99,47.57,4.24,22.9,900.3,idle,46.05,17.3,46.52,0,none,0.0
2025-07-16,M01,CNC,0.77,46.41,5.0,21.0,889.6,idle,46.47,9.2,46.11,0,none,0.0
2025-07-17,M01,CNC,0.93,46.41,4.02,20.1,875.0,idle,46.85,17.0,45.72,0,none,0.0
2025-07-18,M01,CNC,0.98,42.29,4.95,21.3,872.5,idle,47.08,17.5,45.49,0,none,0.0
2025-07-19,M01,CNC,0.95,47.29,4.14,22.6,852.0,idle,47.53,8.4,45.04,0,none,0.0
2025-07-20,M01,CNC,0.84,46.62,4.18,21.7,877.9,idle,47.93,17.2,44.64,0,none,0.0
2025-07-21,M01,CNC,0.98,49.93,4.07,24.6,876.0,idle,48.3,12.8,44.27,0,none,0.0
2025-07-22,M01,CNC,0.82,49.93,5.38,25.7,890.4,idle,48.43,10.7,44.14,0,none,0.0
2025-07-23,M01,CNC,0.81,47.88,4.38,23.4,875.1,idle,48.75,9.4,43.82,0,none,0.0
2025-07-24,M01,CNC,0.9,42.4,4.29,25.5,857.1,idle,49.1,10.4,43.47,0,none,0.0
2025-07-25,M01,CNC,0.85,42.21,4.06,20.2,862.3,idle,49.15,13.3,43.42,0,none,0.0
2025-07-26,M01,CNC,0.96,42.82,5.43,23.5,880.6,idle,49.52,9.0,43.06,0,none,0.0
2025-07-27,M01,CNC,0.96,45.17,5.14,21.7,874.7,idle,49.72,9.0,42.86,0,none,0.0
2025-07-28,M01,CNC,0.97,49.46,5.34,22.5,904.6,idle,50.15,17.6,42.42,0,none,0.0
2025-07-29,M01,CNC,0.84,44.98,4.31,23.6,863.0,idle,50.27,17.4,42.31,0,none,0.0
2025-07-30,M01,CNC,0.8,48.55,4.31,20.4,854.8,idle,50.77,14.5,41.81,0,none,0.0
2025-07-31,M01,CNC,3.95,66.62,22.09,107.2,4050.8,peak,51.2,11.2,41.37,0,none,0.0
2025-08-01,M01,CNC,4.78,60.4,14.51,76.9,2845.5,normal,51.57,15.7,41.01,0,none,0.0
2025-08-02,M01,CNC,3.03,58.09,11.34,68.2,2811.3,normal,51.93,13.4,40.64,0,none,0.0
2025-08-03,M01,CNC,0.74,47.66,4.0,22.5,886.6,idle,52.35,8.4,40.22,0,none,0.0
2025-08-04,M01,CNC,1.88,64.6,4.0,63.6,2891.2,normal,52.47,16.4,40.11,0,none,0.0
2025-08-05,M01,CNC,3.38,58.03,25.29,109.5,3867.3,peak,52.52,12.0,40.06,0,none,0.0
2025-08-06,M01,CNC,2.73,61.13,15.01,68.1,2890.9,normal,52.8,15.5,39.77,0,none,0.0
2025-08-07,M01,CNC,3.46,70.11,26.17,97.7,3911.3,peak,53.28,16.8,39.29,0,none,0.0
2025-08-08,M01,CNC,3.06,62.1,15.9,80.7,2918.0,normal,53.32,14.0,39.26,0,none,0.0
2025-08-09,M01,CNC,2.63,59.92,10.01,72.7,3012.8,normal,53.52,17.9,39.06,0,none,0.0
2025-08-10,M01,CNC,2.03,61.71,13.29,88.2,2812.7,normal,53.83,16.9,38.74,0,none,0.0
2025-08-11,M01,CNC,0.78,46.02,4.44,24.3,903.1,idle,53.93,12.7,38.64,0,none,0.0
2025-08-12,M01,CNC,0.73,45.14,4.76,22.2,915.3,idle,54.07,11.3,38.51,0,none,0.0
2025-08-13,M01,CNC,2.96,60.46,14.14,69.5,3076.3,normal,54.48,10.6,38.09,0,none,0.0
2025-08-14,M01,CNC,2.77,60.93,15.1,62.4,3042.1,normal,54.6,11.4,37.97,0,none,0.0
2025-08-15,M01,CNC,2.07,55.18,11.68,89.2,3057.0,normal,54.78,15.6,37.79,0,none,0.0
2025-08-16,M01,CNC,2.78,60.91,13.15,88.0,2948.9,normal,54.9,14.4,37.67,0,none,0.0
2025-08-17,M01,CNC,0.81,41.63,5.18,24.4,876.9,idle,55.13,13.2,37.44,0,none,0.0
2025-08-18,M01,CNC,1.84,62.58,9.57,78.7,3091.1,normal,55.2,9.0,37.37,0,none,0.0
2025-08-19,M01,CNC,2.41,53.52,14.08,78.7,2963.9,normal,55.3,17.4,37.27,0,none,0.0
2025-08-20,M01,CNC,3.15,50.78,12.78,79.3,3058.8,normal,55.33,10.4,37.24,0,none,0.0
2025-08-21,M01,CNC,2.05,62.0,13.09,67.1,2839.5,normal,55.77,11.3,36.81,0,none,0.0
2025-08-22,M01,CNC,0.96,41.57,4.46,21.7,911.0,idle,56.1,8.1,36.47,0,none,0.0
2025-08-23,M01,CNC,2.74,61.95,11.13,75.8,2971.5,normal,56.47,10.4,36.11,0,none,0.0
2025-08-24,M01,CNC,2.97,63.59,9.58,77.6,2815.6,normal,56.85,11.1,35.72,0,none,0.0
2025-08-25,M01,CNC,0.86,42.88,4.46,22.1,893.5,idle,57.08,17.2,35.49,0,none,0.0
2025-08-26,M01,CNC,0.8,47.33,4.61,20.4,904.9,idle,57.58,11.1,34.99,0,none,0.0
2025-08-27,M01,CNC,0.8,56.49,13.96,64.6,2817.0,normal,57.67,17.4,34.91,0,none,0.0
2025-08-28,M01,CNC,2.32,64.17,13.67,77.5,2989.7,normal,57.88,10.2,34.69,0,none,0.0
2025-08-29,M01,CNC,2.08,56.28,14.38,55.9,2883.4,normal,57.98,12.5,34.59,0,none,0.0
2025-08-30,M01,CNC,2.19,56.48,15.87,54.6,2955.6,normal,58.33,15.0,34.24,0,none,0.0
2025-08-31,M01,CNC,0.75,49.71,4.17,22.4,901.6,idle,58.62,16.0,33.96,0,none,0.0
2025-09-01,M01,CNC,2.79,56.34,11.75,67.1,2879.3,normal,59.08,10.5,33.49,0,none,0.0
2025-09-02,M01,CNC,2.09,57.25,11.25,62.9,2997.0,normal,59.52,15.9,33.06,0,none,0.0
2025-09-03,M01,CNC,3.16,59.05,10.0,54.9,3085.4,normal,59.82,15.0,32.76,0,none,0.0
2025-09-04,M01,CNC,3.44,59.57,23.99,104.3,3994.6,peak,59.88,9.1,32.69,0,none,0.0
2025-09-05,M01,CNC,2.17,50.23,15.77,61.5,3002.8,normal,60.35,13.1,32.22,0,none,0.0
2025-09-06,M01,CNC,2.79,59.15,11.53,62.3,2979.3,normal,60.68,9.6,31.89,0,none,0.0
2025-09-07,M01,CNC,3.01,64.2,11.53,57.9,3083.4,normal,61.17,9.2,31.41,0,none,0.0
2025-09-08,M01,CNC,0.92,48.83,4.3,23.5,899.1,idle,61.3,12.9,31.27,0,none,0.0
2025-09-09,M01,CNC,2.75,56.12,9.6,74.2,2875.9,normal,61.8,16.1,30.77,0,none,0.0
2025-09-10,M01,CNC,2.43,64.36,12.09,83.9,2856.6,normal,62.07,12.2,30.51,0,none,0.0
2025-09-11,M01,CNC,2.74,64.66,10.16,52.3,2930.1,normal,62.4,12.6,30.17,0,none,0.0
2025-09-12,M01,CNC,1.93,61.23,15.44,68.5,2877.6,normal,62.85,8.2,29.72,0,none,0.0
2025-09-13,M01,CNC,0.83,47.23,4.01,23.5,892.9,idle,63.02,15.5,29.56,0,none,0.0
2025-09-14,M01,CNC,2.69,53.63,14.14,55.5,2859.8,normal,63.35,12.2,29.22,0,none,0.0
2025-09-15,M01,CNC,3.03,61.08,9.59,61.4,2864.3,normal,63.75,17.9,28.82,0,none,0.0
2025-09-16,M01,CNC,2.18,53.71,9.91,69.4,3019.8,normal,64.25,17.3,28.32,0,none,0.0
2025-09-17,M01,CNC,2.65,60.09,10.03,88.2,3051.6,normal,64.3,9.8,28.27,0,none,0.0
2025-09-18,M01,CNC,0.94,48.23,10.03,23.3,864.0,idle,64.4,17.8,28.17,0,none,0.0
2025-09-19,M01,CNC,3.69,70.63,25.38,102.8,3820.5,peak,64.77,11.7,27.81,0,none,0.0
2025-09-20,M01,CNC,2.32,63.81,13.3,102.8,2880.7,normal,65.27,16.7,27.31,0,none,0.0
2025-09-21,M01,CNC,2.32,63.43,13.83,81.9,2936.3,normal,65.5,14.8,27.07,0,none,0.0
2025-09-22,M01,CNC,0.89,42.48,5.06,22.6,881.0,idle,65.88,9.3,26.69,0,none,0.0
2025-09-23,M01,CNC,2.71,64.04,9.92,83.3,2887.7,normal,66.37,9.8,26.21,0,none,0.0
2025-09-24,M01,CNC,2.42,50.33,11.46,71.1,2816.8,normal,66.68,9.3,25.89,0,none,0.0
2025-09-25,M01,CNC,0.85,49.27,4.16,24.6,878.7,idle,66.83,15.6,25.74,0,none,0.0
2025-09-26,M01,CNC,0.9,42.6,4.24,21.0,854.9,idle,67.02,15.2,25.56,0,none,0.0
2025-09-27,M01,CNC,0.76,46.64,5.32,24.9,898.0,idle,67.27,16.2,25.31,0,none,0.0
2025-09-28,M01,CNC,0.73,42.89,4.46,21.5,886.0,idle,67.42,9.6,25.16,0,none,0.0
2025-09-29,M01,CNC,2.55,55.35,11.8,83.5,3036.8,normal,67.55,15.3,25.02,0,none,0.0
2025-09-30,M01,CNC,0.79,49.14,5.43,22.0,874.8,idle,67.63,14.6,24.94,0,none,0.0
2025-10-01,M01,CNC,0.85,49.41,5.31,20.6,877.5,idle,67.98,16.8,24.59,0,none,0.0
2025-10-02,M01,CNC,0.87,45.03,4.29,25.1,897.4,idle,68.02,8.7,24.56,0,none,0.0
2025-10-03,M01,CNC,0.95,48.59,5.12,22.6,892.7,idle,68.37,14.0,24.21,0,none,0.0
2025-10-04,M01,CNC,2.02,60.1,10.67,78.4,2868.9,normal,68.77,10.4,23.81,0,none,0.0
2025-10-05,M01,CNC,0.74,41.65,4.0,24.3,901.3,idle,68.82,10.3,23.76,0,none,0.0
2025-10-06,M01,CNC,0.85,41.61,4.13,20.1,861.6,idle,68.95,15.8,23.62,0,none,0.0
2025-10-07,M01,CNC,0.97,42.42,4.13,20.6,865.6,idle,69.05,10.9,23.52,0,none,0.0
2025-10-08,M01,CNC,2.53,59.12,11.09,54.2,2917.3,normal,69.52,13.8,23.06,0,none,0.0
2025-10-09,M01,CNC,0.77,42.2,5.44,23.7,889.0,idle,69.85,14.7,22.72,0,none,0.0
2025-10-10,M01,CNC,0.82,44.29,4.81,24.2,899.1,idle,70.05,16.8,22.52,0,none,0.0
2025-10-11,M01,CNC,0.75,45.0,4.62,25.2,894.2,idle,70.43,12.1,22.14,0,none,0.0
2025-10-12,M01,CNC,0.86,41.15,4.91,20.7,873.6,idle,70.6,17.5,21.97,0,none,0.0
2025-10-13,M01,CNC,0.74,46.92,4.31,22.4,912.7,idle,71.1,9.8,21.47,0,none,0.0
2025-10-14,M01,CNC,0.76,45.08,4.63,20.1,905.5,idle,71.48,13.0,21.09,0,none,0.0
2025-10-15,M01,CNC,1.9,57.11,13.14,75.9,3006.6,normal,71.7,14.7,20.87,0,none,0.0
2025-10-16,M01,CNC,0.78,40.1,5.09,23.2,908.5,idle,72.15,15.0,20.42,0,none,0.0
2025-10-17,M01,CNC,0.95,48.43,4.73,22.0,905.4,idle,72.4,11.8,20.17,0,none,0.0
2025-10-18,M01,CNC,0.84,41.83,5.28,25.3,882.6,idle,72.83,10.4,19.74,0,none,0.0
2025-10-19,M01,CNC,0.72,43.88,5.21,25.4,864.2,idle,72.98,15.1,19.59,0,none,0.0
2025-10-20,M01,CNC,0.72,48.77,4.58,23.2,917.8,idle,73.43,8.6,19.14,0,none,0.0
2025-10-21,M01,CNC,1.89,48.77,9.98,66.3,3041.1,normal,73.68,13.6,18.89,0,none,0.0
2025-10-22,M01,CNC,0.83,49.97,4.84,21.9,865.4,idle,73.78,10.5,18.79,0,none,0.0
2025-10-23,M01,CNC,0.81,43.73,4.1,22.2,882.5,idle,73.98,17.2,18.59,0,none,0.0
2025-10-24,M01,CNC,0.81,46.57,5.06,20.1,865.2,idle,74.47,13.4,18.11,0,none,0.0
2025-10-25,M01,CNC,0.9,44.84,4.01,24.8,904.1,idle,74.93,10.7,17.64,0,none,0.0
2025-10-26,M01,CNC,2.57,51.0,14.48,74.2,3034.6,normal,75.32,8.4,17.26,0,none,0.0
2025-10-27,M01,CNC,2.85,62.05,12.87,57.3,3001.3,normal,75.38,15.6,17.19,0,none,0.0
2025-10-28,M01,CNC,0.89,47.42,12.87,57.3,912.3,idle,75.8,10.2,16.77,0,none,0.0
2025-10-29,M01,CNC,0.92,49.08,5.14,23.6,895.8,idle,75.93,11.3,16.64,0,none,0.0
2025-10-30,M01,CNC,3.04,49.08,13.61,58.0,2942.2,normal,75.97,9.9,16.61,0,none,0.0
2025-10-31,M01,CNC,2.8,54.06,10.81,63.9,2872.4,normal,76.38,18.0,16.19,0,none,0.0
2025-11-01,M01,CNC,3.37,65.22,27.08,102.6,3856.4,peak,76.67,15.0,15.91,0,none,0.0
2025-11-02,M01,CNC,1.91,60.44,11.99,102.6,2997.8,normal,77.07,17.2,15.51,0,none,0.0
2025-11-03,M01,CNC,2.91,54.08,14.0,62.0,3081.7,normal,77.38,10.8,15.19,0,none,0.0
2025-11-04,M01,CNC,2.69,54.87,11.25,59.3,3008.4,normal,77.65,11.6,14.92,0,none,0.0
2025-11-05,M01,CNC,2.11,58.93,11.22,77.2,3044.5,normal,77.82,16.8,14.76,0,none,0.0
2025-11-06,M01,CNC,2.89,61.41,10.72,55.4,3009.7,normal,78.08,17.8,14.49,0,none,0.0
2025-11-07,M01,CNC,0.81,44.32,4.05,21.6,852.4,idle,78.37,11.2,14.21,0,none,0.0
2025-11-08,M01,CNC,3.03,53.65,13.12,53.5,3000.1,normal,78.5,12.1,14.07,0,none,0.0
2025-11-09,M01,CNC,0.8,48.98,5.33,21.9,913.1,idle,78.83,15.4,13.74,0,none,0.0
2025-11-10,M01,CNC,3.19,62.38,14.99,61.5,2973.0,normal,78.87,17.3,13.71,0,none,0.0
2025-11-11,M01,CNC,0.72,40.95,5.5,22.0,902.4,idle,79.2,11.0,13.37,0,none,0.0
2025-11-12,M01,CNC,2.93,62.87,15.98,61.2,2812.1,normal,79.33,11.8,13.24,0,none,0.0
2025-11-13,M01,CNC,2.38,51.95,9.65,65.7,3035.1,normal,79.8,13.5,12.77,0,none,0.0
2025-11-14,M01,CNC,2.59,54.69,13.75,60.8,2804.3,normal,80.18,15.6,12.39,0,none,0.0
2025-11-15,M01,CNC,3.81,68.6,25.62,95.6,4051.1,peak,80.47,14.4,12.11,0,none,0.0
2025-11-16,M01,CNC,2.67,58.45,13.56,84.8,2976.1,normal,80.75,15.3,11.82,0,none,0.0
2025-11-17,M01,CNC,2.61,64.86,14.42,68.8,3012.2,normal,80.97,15.2,11.61,0,none,0.0
2025-11-18,M01,CNC,2.34,53.43,13.38,87.3,3078.7,normal,81.25,16.9,11.32,0,none,0.0
2025-11-19,M01,CNC,3.47,66.97,20.12,109.9,4094.3,peak,81.62,13.2,10.96,0,none,0.0
2025-11-20,M01,CNC,0.89,48.04,5.07,23.6,853.7,idle,82.08,17.5,10.49,0,none,0.0
2025-11-21,M01,CNC,2.44,60.12,13.9,66.2,3082.5,normal,82.47,8.1,10.11,0,none,0.0
2025-11-22,M01,CNC,0.75,45.0,5.04,24.2,895.4,idle,82.57,10.3,10.01,0,none,0.0
2025-11-23,M01,CNC,2.19,52.34,13.63,74.8,2853.8,normal,82.97,10.2,9.61,0,none,0.0
2025-11-24,M01,CNC,2.79,56.83,13.84,83.8,2850.9,normal,83.23,14.2,9.34,0,none,0.0
2025-11-25,M01,CNC,3.22,71.24,24.1,105.5,4051.4,peak,83.62,17.1,8.96,0,none,0.0
2025-11-26,M01,CNC,2.92,64.41,12.98,70.6,2920.6,normal,84.0,8.1,8.57,0,none,0.0
2025-11-27,M01,CNC,2.02,58.59,11.3,87.0,2975.0,normal,84.32,8.2,8.26,0,none,0.0
2025-11-28,M01,CNC,2.63,55.32,9.84,53.2,2927.0,normal,84.73,17.8,7.84,0,none,0.0
2025-11-29,M01,CNC,1.92,59.1,15.23,85.5,2997.7,normal,84.77,15.0,7.81,0,none,0.0
2025-11-30,M01,CNC,0.76,48.63,5.33,21.2,901.6,idle,85.02,17.1,7.56,0,none,0.0
2025-12-01,M01,CNC,0.76,71.64,27.97,95.5,4069.2,peak,85.1,13.2,7.47,0,none,0.0
2025-12-02,M01,CNC,2.67,64.6,12.52,84.2,2818.7,normal,85.25,13.3,7.32,0,none,0.0
2025-12-03,M01,CNC,2.27,51.01,15.84,83.0,3055.8,normal,85.72,15.9,6.86,0,none,0.0
2025-12-04,M01,CNC,3.11,51.28,12.01,54.7,2863.2,normal,85.78,12.1,6.79,0,none,0.0
2025-12-05,M01,CNC,2.12,57.04,11.25,55.8,2850.2,normal,86.12,15.0,6.46,0,none,0.0
2025-12-06,M01,CNC,0.74,49.73,5.14,25.8,880.8,idle,86.3,16.5,6.27,0,none,0.0
2025-12-07,M01,CNC,3.42,71.57,21.26,99.5,3869.8,peak,86.67,14.5,5.91,0,none,0.0
2025-12-08,M01,CNC,1.98,53.85,11.81,77.6,2818.8,normal,86.72,11.8,5.86,0,none,0.0
2025-12-09,M01,CNC,2.09,62.14,10.45,65.0,3059.4,normal,87.03,14.4,5.54,0,none,0.0
2025-12-10,M01,CNC,2.02,51.24,12.65,63.5,2969.0,normal,87.43,13.0,5.14,0,none,0.0
2025-12-11,M01,CNC,2.93,52.06,13.27,71.2,2843.2,normal,87.68,11.3,4.89,0,none,0.0
2025-12-12,M01,CNC,3.7,62.65,22.88,96.2,3937.9,peak,88.17,16.9,4.41,0,none,0.0
2025-12-13,M01,CNC,2.23,62.34,9.87,67.9,2937.5,normal,88.22,17.0,4.36,0,none,0.0
2025-12-14,M01,CNC,0.92,45.74,5.0,24.7,910.4,idle,88.62,12.8,3.96,0,none,0.0
2025-12-15,M01,CNC,3.45,67.15,26.4,109.8,4066.9,peak,88.67,14.8,3.91,0,none,0.0
2025-12-16,M01,CNC,0.81,41.95,4.73,24.4,884.5,idle,88.83,13.6,3.74,0,none,0.0
2025-12-17,M01,CNC,2.48,62.57,11.85,84.7,2922.0,normal,88.88,16.5,3.69,0,none,0.0
2025-12-18,M01,CNC,3.46,65.72,25.62,96.9,3858.9,peak,88.92,13.9,3.66,0,none,0.0
2025-12-19,M01,CNC,0.99,41.75,4.85,23.5,884.3,idle,89.35,16.2,3.22,0,none,0.0
2025-12-20,M01,CNC,2.7,53.45,13.09,66.1,2998.5,normal,89.42,13.6,3.16,0,none,0.0
2025-12-21,M01,CNC,0.74,45.71,4.28,21.7,865.3,idle,89.75,11.9,2.82,0,none,0.0
2025-12-22,M01,CNC,2.06,62.39,11.36,87.2,3091.0,normal,90.25,11.8,2.32,0,none,0.0
2025-12-23,M01,CNC,2.6,52.15,11.93,82.3,2910.2,normal,90.67,17.9,1.91,0,none,0.0
2025-12-24,M01,CNC,0.73,45.57,5.27,24.8,862.3,idle,91.08,15.5,1.49,0,none,0.0
2025-12-25,M01,CNC,0.9,42.21,4.33,25.2,867.5,idle,91.3,12.4,1.27,0,none,0.0
2025-12-26,M01,CNC,0.78,40.01,5.31,24.8,893.9,idle,91.77,14.1,0.81,0,none,0.0
2025-12-27,M01,CNC,2.85,52.28,12.48,65.3,2828.1,normal,92.12,12.0,0.5,0,none,0.0
2025-12-28,M01,CNC,0.85,49.21,4.06,21.8,864.5,idle,92.55,14.3,0.5,0,none,0.0
2025-12-29,M01,CNC,2.13,63.63,12.54,69.7,3028.2,normal,93.0,12.9,0.5,0,none,0.0
2025-12-30,M01,CNC,0.75,44.87,4.64,23.6,920.0,idle,93.22,11.8,0.5,0,none,0.0
2025-12-31,M01,CNC,0.93,43.98,5.24,21.0,852.1,idle,93.33,14.6,0.5,0,none,0.0
2026-01-01,M01,CNC,0.76,43.4,4.77,23.7,913.7,idle,93.4,11.0,0.5,0,none,0.0
2026-01-02,M01,CNC,0.85,45.01,4.08,20.2,888.6,idle,93.55,8.8,0.5,0,none,0.0
2026-01-03,M01,CNC,0.83,48.39,4.24,20.1,881.4,idle,93.65,15.8,0.5,0,none,0.0
2026-01-04,M01,CNC,0.77,40.5,5.09,20.7,892.6,idle,93.75,11.2,0.5,0,none,0.0
2026-01-05,M01,CNC,0.78,41.73,4.57,24.8,877.5,idle,93.83,17.4,0.5,0,none,0.0
2026-01-06,M01,CNC,0.93,41.25,5.16,21.4,897.4,idle,94.1,10.7,0.5,0,none,0.0
2026-01-07,M01,CNC,0.87,49.29,4.58,20.4,851.3,idle,94.2,12.3,0.5,0,none,0.0
2026-01-08,M01,CNC,0.95,45.25,5.16,21.4,874.2,idle,94.52,12.1,0.5,0,none,0.0
2026-01-09,M01,CNC,0.71,45.25,5.0,25.6,868.6,idle,94.55,13.5,0.5,0,none,0.0
2026-01-10,M01,CNC,0.88,46.78,4.48,25.1,916.3,idle,94.9,11.2,0.5,0,none,0.0
2026-01-11,M01,CNC,0.97,47.39,4.42,21.7,917.4,idle,95.13,12.1,0.5,0,none,0.0
2026-01-12,M01,CNC,0.7,47.16,5.06,23.7,919.3,idle,95.57,17.0,0.5,0,none,0.0
2026-01-13,M01,CNC,2.24,55.1,10.01,68.8,2878.3,normal,96.07,10.4,0.5,0,none,0.0
2026-01-14,M01,CNC,0.8,48.35,5.4,21.1,876.1,idle,96.37,11.8,0.5,0,none,0.0
2026-01-15,M01,CNC,0.98,40.62,4.14,21.0,891.7,idle,96.47,10.7,0.5,0,none,0.0
2026-01-16,M01,CNC,0.75,49.68,4.67,23.0,867.3,idle,96.57,12.3,0.5,0,none,0.0
2026-01-17,M01,CNC,0.84,46.62,5.13,24.5,890.5,idle,96.82,15.8,0.5,0,none,0.0
2026-01-18,M01,CNC,0.97,48.17,5.14,20.3,850.5,idle,97.03,10.5,0.5,0,none,0.0
2026-01-19,M01,CNC,0.76,48.17,4.62,22.4,911.9,idle,97.4,14.2,0.5,0,none,0.0
2026-01-20,M01,CNC,0.97,49.09,4.47,24.1,869.0,idle,97.67,11.0,0.5,0,none,0.0
2026-01-21,M01,CNC,0.76,41.85,4.51,22.6,908.2,idle,97.9,14.2,0.5,0,none,0.0
2026-01-22,M01,CNC,1.97,61.02,12.95,62.9,2947.8,normal,98.35,12.4,0.5,0,none,0.0
2026-01-23,M01,CNC,0.79,45.96,4.65,21.0,858.2,idle,98.6,16.6,0.5,0,none,0.0
2026-01-24,M01,CNC,0.86,49.02,4.52,24.4,896.1,idle,98.95,11.2,0.5,0,none,0.0
2026-01-25,M01,CNC,3.1,62.31,13.18,77.0,3069.5,normal,99.35,11.1,0.5,0,none,0.0
2026-01-26,M01,CNC,3.52,63.56,18.11,107.4,4040.3,peak,99.58,10.9,0.5,0,none,0.0
2026-01-27,M01,CNC,1.95,58.65,18.11,56.5,3094.2,normal,99.98,17.7,0.5,0,none,0.0
2026-01-28,M01,CNC,2.1,51.01,13.37,80.1,2809.7,normal,100.43,11.8,0.5,0,none,0.0
2026-01-29,M01,CNC,0.9,45.32,4.15,21.0,889.8,idle,100.9,11.7,0.5,0,none,0.0
2026-01-30,M01,CNC,2.21,64.07,14.82,89.4,2877.9,normal,101.23,18.0,0.5,0,none,0.0
2026-01-31,M01,CNC,0.99,44.31,4.52,20.3,853.7,idle,101.35,13.5,0.5,0,none,0.0
2026-02-01,M01,CNC,2.77,56.87,10.97,75.3,2875.9,normal,101.77,15.1,0.5,0,none,0.0
2026-02-02,M01,CNC,0.87,43.59,5.24,24.9,883.4,idle,102.03,16.3,0.5,0,none,0.0
2026-02-03,M01,CNC,0.81,43.63,5.21,22.0,864.6,idle,102.1,16.0,0.5,0,none,0.0
2026-02-04,M01,CNC,0.73,44.67,4.72,25.1,865.5,idle,102.35,9.4,0.5,0,none,0.0
2026-02-05,M01,CNC,2.33,62.13,14.85,66.6,2937.7,normal,102.53,14.6,0.5,0,none,0.0
2026-02-06,M01,CNC,2.33,62.13,10.27,66.6,3005.2,normal,102.93,11.8,0.5,0,none,0.0
2026-02-07,M01,CNC,3.63,58.56,22.76,101.1,3848.4,peak,103.2,12.8,0.5,0,none,0.0
2026-02-08,M01,CNC,2.72,64.57,13.15,79.2,2820.5,normal,103.43,17.2,0.5,0,none,0.0
2026-02-09,M01,CNC,0.83,41.16,13.15,25.6,896.3,idle,103.92,13.4,0.5,0,none,0.0
2026-02-10,M01,CNC,3.26,64.03,23.51,101.0,4050.1,peak,104.37,15.0,0.5,0,none,0.0
2026-02-11,M01,CNC,2.94,59.18,11.93,61.7,2831.8,normal,104.82,14.4,0.5,0,none,0.0
2026-02-12,M01,CNC,2.3,56.2,13.89,77.0,2821.0,normal,104.88,10.5,0.5,0,none,0.0
2026-02-13,M01,CNC,2.35,52.73,10.52,83.4,2812.6,normal,105.27,14.5,0.5,0,none,0.0
2026-02-14,M01,CNC,2.39,52.52,15.22,73.2,2869.4,normal,105.32,14.5,0.5,0,none,0.0
2026-02-15,M01,CNC,2.5,60.97,15.73,60.4,2869.4,normal,105.68,15.5,0.5,0,none,0.0
2026-02-16,M01,CNC,3.11,63.75,13.63,75.9,2921.0,normal,106.13,8.1,0.5,0,none,0.0
2026-02-17,M01,CNC,2.85,57.97,13.9,68.3,3019.4,normal,106.3,15.5,0.5,0,none,0.0
2026-02-18,M01,CNC,2.95,52.2,14.91,72.5,3053.4,normal,106.62,13.8,0.5,0,none,0.0
2026-02-19,M01,CNC,2.4,55.69,15.45,61.5,3053.3,normal,106.88,12.6,0.5,0,none,0.0
2026-02-20,M01,CNC,2.48,57.71,11.51,61.5,2897.6,normal,107.27,13.0,0.5,0,none,0.0
2026-02-21,M01,CNC,3.23,62.62,18.06,109.7,4089.7,peak,107.48,12.8,0.5,0,none,0.0
2026-02-22,M01,CNC,2.35,60.93,11.75,77.5,3041.6,normal,107.67,17.6,0.5,0,none,0.0
2026-02-23,M01,CNC,0.98,44.0,5.17,21.6,919.3,idle,107.75,15.3,0.5,0,none,0.0
2026-02-24,M01,CNC,1.84,59.05,13.79,78.2,2836.1,normal,107.97,12.6,0.5,0,none,0.0
2026-02-25,M01,CNC,3.11,52.72,13.55,60.5,2892.2,normal,108.1,11.5,0.5,0,none,0.0
2026-02-26,M01,CNC,2.57,56.26,10.54,58.5,2925.4,normal,108.18,15.0,0.5,0,none,0.0
2026-02-27,M01,CNC,2.86,63.47,10.54,66.9,2830.1,normal,108.38,8.4,0.5,0,none,0.0
2026-02-28,M01,CNC,1.82,59.93,13.42,58.2,2870.1,normal,108.78,16.5,0.5,0,none,0.0
2026-03-01,M01,CNC,1.83,62.52,15.84,58.2,2869.4,normal,109.15,16.0,0.5,0,none,0.0
2026-03-02,M01,CNC,3.02,63.9,12.23,53.9,2811.8,normal,109.57,9.7,0.5,0,none,0.0
2026-03-03,M01,CNC,2.6,55.89,9.69,74.2,2803.4,normal,109.68,12.3,0.5,0,none,0.0
2026-03-04,M01,CNC,2.9,54.6,9.76,74.4,2919.3,normal,109.95,12.1,0.5,0,none,0.0
2026-03-05,M01,CNC,3.16,58.16,11.29,79.0,2881.4,normal,110.07,14.6,0.5,0,none,0.0
2026-03-06,M01,CNC,3.07,55.62,11.29,53.9,2927.8,normal,110.3,14.1,0.5,0,none,0.0
2026-03-07,M01,CNC,2.97,62.08,10.96,60.6,3045.2,normal,110.43,12.3,0.5,0,none,0.0
2026-03-08,M01,CNC,0.98,40.95,4.68,22.0,911.0,idle,110.47,10.1,0.5,0,none,0.0
2026-03-09,M01,CNC,0.73,42.11,5.13,20.3,884.5,idle,110.9,16.0,0.5,0,none,0.0
2026-03-10,M01,CNC,2.42,55.02,5.13,20.3,2848.4,normal,111.23,16.7,0.5,0,none,0.0
2026-03-11,M01,CNC,2.6,62.08,14.44,57.9,2844.8,normal,111.35,10.0,0.5,0,none,0.0
2026-03-12,M01,CNC,2.18,55.42,12.15,77.8,2817.0,normal,111.43,16.6,0.5,0,none,0.0
2026-03-13,M01,CNC,3.23,64.66,24.97,97.9,3992.4,peak,111.73,11.1,0.5,0,none,0.0
2026-03-14,M01,CNC,2.16,64.66,15.32,63.3,2869.0,normal,111.97,13.9,0.5,0,none,0.0
2026-03-15,M01,CNC,2.38,53.61,13.87,83.4,3001.9,normal,112.18,12.6,0.5,0,none,0.0
2026-03-16,M01,CNC,0.95,43.97,4.23,24.4,875.2,idle,112.3,15.1,0.5,0,none,0.0
2026-03-17,M01,CNC,3.74,43.97,18.81,109.9,3846.9,peak,112.48,13.9,0.5,0,none,0.0
2026-03-18,M01,CNC,3.18,64.66,14.66,77.1,2973.3,normal,112.87,9.2,0.5,0,none,0.0
2026-03-19,M01,CNC,3.01,54.34,12.54,75.5,2923.4,normal,113.05,11.7,0.5,0,none,0.0
2026-03-20,M01,CNC,2.4,54.34,13.17,84.3,2860.5,normal,113.15,12.2,0.5,0,none,0.0
2026-03-21,M01,CNC,3.11,60.34,14.85,73.1,3033.9,normal,113.25,12.2,0.5,0,none,0.0
2026-03-22,M01,CNC,1.82,62.28,9.76,85.8,3097.6,normal,113.53,14.9,0.5,0,none,0.0
2026-03-23,M01,CNC,3.44,61.58,25.65,98.8,4059.7,peak,113.9,9.7,0.5,0,none,0.0
2026-03-24,M01,CNC,1.94,51.89,15.86,77.6,3054.1,normal,114.02,9.4,0.5,0,none,0.0
2026-03-25,M01,CNC,0.8,46.76,4.89,77.6,897.8,idle,114.22,14.2,0.5,0,none,0.0
2026-03-26,M01,CNC,2.61,56.44,11.29,81.2,2867.9,normal,114.7,8.1,0.5,0,none,0.0
2026-03-27,M01,CNC,2.77,53.5,13.56,80.4,2865.6,normal,114.8,11.8,0.5,0,none,0.0
2026-03-28,M01,CNC,0.72,53.5,4.91,25.1,853.1,idle,115.12,12.9,0.5,0,none,0.0
2026-03-29,M01,CNC,0.92,43.41,4.72,25.6,873.2,idle,115.5,15.1,0.5,0,none,0.0
2026-03-30,M01,CNC,0.84,40.14,4.12,21.6,852.0,idle,115.77,8.8,0.5,0,none,0.0
2026-03-31,M01,CNC,0.89,44.26,4.82,21.1,870.7,idle,115.8,10.2,0.5,0,none,0.0
2026-04-01,M01,CNC,0.9,49.65,4.08,25.3,890.4,idle,115.85,13.4,0.5,0,none,0.0
2026-04-02,M01,CNC,0.87,45.0,4.1,20.5,892.1,idle,115.97,13.7,0.5,0,none,0.0
2026-04-03,M01,CNC,0.8,49.17,4.61,20.9,900.0,idle,116.4,13.5,0.5,0,none,0.0
2026-04-04,M01,CNC,0.8,45.25,5.05,25.4,905.5,idle,116.48,10.7,0.5,0,none,0.0
2026-04-05,M01,CNC,0.9,46.8,5.42,21.8,905.5,idle,116.8,11.7,0.5,0,none,0.0
2026-04-06,M01,CNC,0.78,42.18,4.99,23.8,891.5,idle,117.27,15.6,0.5,0,none,0.0
2026-04-07,M01,CNC,0.7,47.29,4.49,24.0,889.0,idle,117.53,17.9,0.5,0,none,0.0
2026-04-08,M01,CNC,0.8,41.35,4.14,25.0,914.3,idle,117.62,14.5,0.5,0,none,0.0
2026-04-09,M01,CNC,0.89,41.03,4.6,24.4,904.6,idle,117.77,18.0,0.5,0,none,0.0
2026-04-10,M01,CNC,0.74,40.0,5.07,22.1,867.8,idle,118.03,16.6,0.5,0,none,0.0
2026-04-11,M01,CNC,0.7,45.4,5.28,25.8,889.6,idle,118.1,17.9,0.5,0,none,0.0
2026-04-12,M01,CNC,0.85,40.85,4.82,22.3,892.5,idle,118.53,10.1,0.5,0,none,0.0
2026-04-13,M01,CNC,0.82,42.4,4.14,21.9,892.5,idle,118.95,11.5,0.5,0,none,0.0
2026-04-14,M01,CNC,0.75,49.87,4.67,23.2,911.1,idle,119.35,12.3,0.5,0,none,0.0
2026-04-15,M01,CNC,1.0,45.83,5.22,22.0,871.4,idle,119.7,10.1,0.5,0,none,0.0
2026-04-16,M01,CNC,0.82,46.73,5.02,21.9,859.3,idle,119.83,13.7,0.5,0,none,0.0
2026-04-17,M01,CNC,0.89,41.28,4.87,24.2,899.0,idle,120.15,13.4,0.5,0,none,0.0
2026-04-18,M01,CNC,2.85,63.09,12.75,24.2,2985.8,normal,120.35,10.9,0.5,0,none,0.0
2026-04-19,M01,CNC,0.76,40.26,4.43,22.7,893.2,idle,120.68,16.6,0.5,0,none,0.0
2026-04-20,M01,CNC,0.95,41.96,4.19,25.8,857.6,idle,121.18,9.0,0.5,0,none,0.0
2026-04-21,M01,CNC,0.84,45.86,4.81,20.5,854.0,idle,121.62,17.2,0.5,0,none,0.0
2026-04-22,M01,CNC,1.95,58.78,13.04,60.9,2991.3,normal,121.78,9.3,0.5,0,none,0.0
2026-04-23,M01,CNC,0.95,40.42,4.75,60.9,867.7,idle,122.27,9.5,0.5,0,none,0.0
2026-04-24,M01,CNC,0.79,46.14,5.35,24.9,890.8,idle,122.47,15.6,0.5,0,none,0.0
2026-04-25,M01,CNC,0.92,43.65,4.96,22.8,890.8,idle,122.85,9.4,0.5,0,none,0.0
2026-04-26,M01,CNC,2.78,58.35,11.83,86.6,2806.3,normal,123.22,12.1,0.5,0,none,0.0
2026-04-27,M01,CNC,2.24,50.85,14.48,78.7,2899.4,normal,123.48,15.9,0.5,0,none,0.0
2026-04-28,M01,CNC,2.75,55.94,14.42,69.3,2923.7,normal,123.92,13.2,0.5,0,none,0.0
2026-04-29,M01,CNC,0.98,42.51,4.18,23.5,917.9,idle,124.08,16.8,0.5,0,none,0.0
2026-04-30,M01,CNC,3.5,59.05,21.39,102.6,3848.6,peak,124.35,11.3,0.5,0,none,0.0
2026-05-01,M01,CNC,0.9,49.98,4.68,22.1,878.0,idle,124.38,16.5,0.5,0,none,0.0
2026-05-02,M01,CNC,0.73,48.83,4.62,22.3,896.2,idle,124.45,12.6,0.5,0,none,0.0
2026-05-03,M01,CNC,0.83,46.48,4.09,24.9,915.8,idle,124.83,16.5,0.5,0,none,0.0
2026-05-04,M01,CNC,2.71,64.32,10.48,70.1,2980.5,normal,125.28,10.2,0.5,0,none,0.0
2026-05-05,M01,CNC,0.87,44.01,4.51,20.8,877.4,idle,125.53,12.9,0.5,0,none,0.0
2026-05-06,M01,CNC,0.75,47.34,4.31,20.4,888.7,idle,125.73,11.4,0.5,0,none,0.0
2026-05-07,M01,CNC,2.63,63.08,13.25,65.1,888.7,normal,126.07,16.5,0.5,0,none,0.0
2026-05-08,M01,CNC,2.56,51.19,13.18,86.5,2918.9,normal,126.52,14.8,0.5,0,none,0.0
2026-05-09,M01,CNC,2.21,52.15,10.48,68.5,2978.7,normal,126.57,14.3,0.5,0,none,0.0
2026-05-10,M01,CNC,1.91,64.09,14.41,74.3,3048.5,normal,127.03,9.2,0.5,0,none,0.0
2026-05-11,M01,CNC,1.91,57.15,13.6,83.5,3035.0,normal,127.52,12.6,0.5,0,none,0.0
2026-05-12,M01,CNC,2.19,64.11,10.31,85.3,3091.3,normal,127.77,14.9,0.5,0,none,0.0
2026-05-13,M01,CNC,0.75,47.22,4.06,22.4,886.1,idle,127.87,11.0,0.5,0,none,0.0
2026-05-14,M01,CNC,3.66,73.91,24.72,102.2,4042.9,peak,128.35,10.7,0.5,0,none,0.0
2026-05-15,M01,CNC,3.13,50.33,15.89,55.3,3044.3,normal,128.72,8.8,0.5,0,none,0.0
2026-05-16,M01,CNC,3.42,60.25,22.4,104.7,3914.3,peak,129.1,9.7,0.5,0,none,0.0
2026-05-17,M01,CNC,1.88,58.99,15.37,66.6,2864.9,normal,129.33,15.3,0.5,0,none,0.0
2026-05-18,M01,CNC,2.42,50.73,14.83,83.4,2976.4,normal,129.77,14.6,0.5,0,none,0.0
2026-05-19,M01,CNC,2.29,62.0,13.11,83.4,2989.4,normal,130.17,10.1,0.5,0,none,0.0
2026-05-20,M01,CNC,2.9,58.98,12.19,88.4,2962.3,normal,130.23,10.3,0.5,0,none,0.0
2026-05-21,M01,CNC,2.65,53.31,13.57,73.7,2855.4,normal,130.62,8.1,0.5,0,none,0.0
2026-05-22,M01,CNC,0.72,46.04,5.15,23.1,865.9,idle,130.82,17.9,0.5,0,none,0.0
2026-05-23,M01,CNC,0.9,40.8,4.66,21.0,862.9,idle,131.07,12.8,0.5,0,none,0.0
2026-05-24,M01,CNC,2.08,55.8,9.83,67.1,2953.5,normal,131.22,15.3,0.5,0,none,0.0
2026-05-25,M01,CNC,2.48,55.74,14.95,57.5,2951.7,normal,131.3,11.7,0.5,0,none,0.0
2026-05-26,M01,CNC,1.89,51.07,13.23,73.5,3063.4,normal,131.48,15.7,0.5,0,none,0.0
2026-05-27,M01,CNC,0.87,49.6,4.07,20.6,853.1,idle,131.92,14.4,0.5,0,none,0.0
2026-05-28,M01,CNC,2.06,58.12,13.7,53.7,3083.8,normal,132.3,13.3,0.5,0,none,0.0
2026-05-29,M01,CNC,2.98,54.45,10.0,58.5,2838.1,normal,132.33,9.6,0.5,0,none,0.0
2026-05-30,M01,CNC,0.74,45.19,4.37,22.1,919.3,idle,132.55,14.3,0.5,0,none,0.0
2026-05-31,M01,CNC,3.75,74.13,19.43,100.7,3966.4,peak,132.65,14.2,0.5,0,none,0.0
2026-06-01,M01,CNC,0.72,40.04,5.01,23.9,878.8,idle,132.92,8.9,0.5,0,none,0.0
2026-06-02,M01,CNC,2.49,56.23,9.66,64.7,2853.1,normal,133.0,9.2,0.5,0,none,0.0
2026-06-03,M01,CNC,1.94,64.35,13.4,79.7,2894.6,normal,133.42,17.6,0.5,0,none,0.0
2026-06-04,M01,CNC,0.82,42.37,4.15,21.1,905.8,idle,133.62,10.5,0.5,0,none,0.0
2026-06-05,M01,CNC,2.75,58.2,12.59,87.0,2821.8,normal,133.98,13.5,0.5,0,none,0.0
2026-06-06,M01,CNC,0.78,43.5,5.17,26.0,866.9,idle,134.33,10.8,0.5,0,none,0.0
2026-06-07,M01,CNC,3.02,62.46,10.96,67.2,2922.9,normal,134.73,16.5,0.5,0,none,0.0
2026-06-08,M01,CNC,3.17,52.71,14.69,64.7,3019.3,normal,135.23,13.2,0.5,0,none,0.0
2026-06-09,M01,CNC,3.17,58.68,14.91,64.7,3019.3,normal,135.53,11.9,0.5,0,none,0.0
2026-06-10,M01,CNC,1.88,60.38,10.41,67.8,2964.6,normal,135.9,17.0,0.5,0,none,0.0
2026-06-11,M01,CNC,2.36,57.79,15.98,57.1,3002.6,normal,136.05,9.1,0.5,0,none,0.0
2026-06-12,M01,CNC,2.35,52.0,10.53,88.1,3063.9,normal,136.33,8.7,0.5,0,none,0.0
2026-06-13,M01,CNC,3.93,74.86,20.08,100.3,4000.8,peak,136.83,17.9,0.5,0,none,0.0
2026-06-14,M01,CNC,2.48,56.28,11.83,74.6,2972.7,normal,137.03,16.6,0.5,0,none,0.0
2026-06-15,M01,CNC,2.03,57.08,13.1,73.7,2863.0,normal,137.37,13.5,0.5,0,none,0.0
2026-06-16,M01,CNC,0.92,40.25,4.53,24.7,889.5,idle,137.48,17.5,0.5,0,none,0.0
2026-06-17,M01,CNC,2.17,60.42,13.19,82.3,3020.5,normal,137.92,13.9,0.5,0,none,0.0
2026-06-18,M01,CNC,2.65,57.32,10.37,61.9,2925.7,normal,137.95,8.4,0.5,0,none,0.0
2026-06-19,M01,CNC,3.68,66.73,20.88,95.1,3948.9,peak,138.0,12.0,0.5,0,none,0.0
2026-06-20,M01,CNC,2.2,61.02,9.66,74.2,3082.4,normal,138.18,13.0,0.5,0,none,0.0
2026-06-21,M01,CNC,2.04,57.07,10.09,75.8,2965.2,normal,138.43,12.0,0.5,0,none,0.0
2026-06-22,M01,CNC,2.37,57.82,15.33,59.5,2806.8,normal,138.8,14.2,0.5,0,none,0.0
2026-06-23,M01,CNC,3.01,58.66,15.29,74.7,3043.1,normal,138.97,8.8,0.5,0,none,0.0
2026-06-24,M01,CNC,2.4,61.25,15.43,73.7,2854.2,normal,139.1,9.6,0.5,0,none,0.0
2026-06-25,M01,CNC,0.78,41.99,4.37,21.8,888.9,idle,139.3,14.3,0.5,0,none,0.0
2026-06-26,M01,CNC,0.88,44.26,4.92,20.5,856.1,idle,139.77,14.4,0.5,0,none,0.0
2026-06-27,M01,CNC,0.75,45.18,4.32,21.7,878.0,idle,139.95,15.3,0.5,0,none,0.0
2026-06-28,M01,CNC,0.94,40.14,4.97,24.0,905.9,idle,140.43,10.4,0.5,0,none,0.0
2026-06-29,M01,CNC,0.98,40.2,4.23,25.3,882.1,idle,140.68,14.1,0.5,0,none,0.0
2026-06-30,M01,CNC,0.87,46.63,5.02,25.6,919.8,idle,140.73,15.4,0.5,0,none,0.0
2026-07-01,M01,CNC,0.92,42.87,5.32,20.3,866.2,idle,141.15,8.1,0.5,0,none,0.0
2026-07-02,M01,CNC,0.97,42.56,4.33,20.8,910.1,idle,141.25,9.6,0.5,0,none,0.0
2026-07-03,M01,CNC,0.85,46.75,4.36,24.6,903.2,idle,141.47,15.8,0.5,0,none,0.0
2026-07-04,M01,CNC,0.79,44.11,4.31,25.9,895.2,idle,141.88,11.7,0.5,0,none,0.0
2026-07-05,M01,CNC,0.98,43.03,5.17,24.6,898.4,idle,142.3,10.7,0.5,0,none,0.0
2026-07-06,M01,CNC,0.99,43.94,4.2,24.6,901.0,idle,142.8,17.0,0.5,0,none,0.0
2026-07-07,M01,CNC,0.87,42.07,4.76,21.9,879.9,idle,143.0,10.7,0.5,0,none,0.0
2026-07-08,M01,CNC,0.89,47.45,4.35,22.4,868.8,idle,143.07,17.8,0.5,0,none,0.0
2026-07-09,M01,CNC,0.76,47.83,5.36,22.2,902.6,idle,143.43,12.6,0.5,0,none,0.0
2026-07-10,M01,CNC,0.97,48.46,4.27,25.7,876.4,idle,143.65,16.6,0.5,0,none,0.0
2026-07-11,M01,CNC,0.8,40.62,4.73,20.6,867.4,idle,143.77,10.6,0.5,0,none,0.0
2026-07-12,M01,CNC,2.24,62.13,15.19,63.5,3057.6,normal,143.85,14.7,0.5,0,none,0.0
2026-07-13,M01,CNC,0.96,47.65,15.19,24.1,916.1,idle,143.93,13.1,0.5,0,none,0.0
2026-07-14,M01,CNC,2.76,54.97,12.75,76.5,2953.2,normal,143.98,8.1,0.5,0,none,0.0
2026-07-15,M01,CNC,0.74,43.12,5.2,25.2,859.6,idle,144.03,11.8,0.5,0,none,0.0
2026-07-16,M01,CNC,0.99,43.29,4.99,24.5,906.8,idle,144.13,17.6,0.5,0,none,0.0
2026-07-17,M01,CNC,0.98,43.13,5.29,20.8,899.4,idle,144.18,17.1,0.5,0,none,0.0
2026-07-18,M01,CNC,0.92,46.78,4.38,25.2,861.8,idle,144.6,10.2,0.5,0,none,0.0
2026-07-19,M01,CNC,0.72,47.17,4.71,25.1,876.8,idle,144.75,15.2,0.5,0,none,0.0
2026-07-20,M01,CNC,0.75,48.36,4.82,21.1,900.4,idle,144.92,13.7,0.5,0,none,0.0
2026-07-21,M01,CNC,0.85,46.04,4.69,25.0,908.1,idle,145.0,17.0,0.5,0,none,0.0
2026-07-22,M01,CNC,0.91,41.05,5.26,24.0,898.8,idle,145.12,13.2,0.5,0,none,0.0
2026-07-23,M01,CNC,2.31,63.19,14.21,56.3,2922.3,normal,145.17,8.7,0.5,0,none,0.0
2026-07-24,M01,CNC,3.04,50.71,15.75,77.8,2989.4,normal,145.43,15.7,0.5,0,none,0.0
2026-07-25,M01,CNC,0.78,42.49,5.41,21.8,904.3,idle,145.62,13.5,0.5,0,none,0.0
2026-07-26,M01,CNC,0.82,41.39,4.02,23.3,918.3,idle,145.65,10.9,0.5,0,none,0.0
2026-07-27,M01,CNC,0.81,43.57,4.52,23.1,880.9,idle,146.1,14.2,0.5,0,none,0.0
2026-07-28,M01,CNC,0.96,45.06,4.76,20.8,918.8,idle,146.37,17.7,0.5,0,none,0.0
2026-07-29,M01,CNC,0.77,40.73,4.99,23.6,879.1,idle,146.8,15.3,0.5,0,none,0.0
2026-07-30,M01,CNC,0.83,47.85,4.29,24.9,895.4,idle,147.12,10.5,0.5,0,none,0.0
2026-07-31,M01,CNC,3.54,65.79,20.57,106.3,3953.9,peak,147.15,8.2,0.5,0,none,0.0
2026-08-01,M01,CNC,2.25,58.94,15.97,106.3,3076.2,normal,147.47,16.4,0.5,0,none,0.0
2026-08-02,M01,CNC,2.28,58.94,10.83,67.9,2865.9,normal,147.97,11.4,0.5,0,none,0.0
2026-08-03,M01,CNC,0.7,49.15,5.27,24.4,861.8,idle,148.4,16.5,0.5,0,none,0.0
2026-08-04,M01,CNC,1.97,51.01,14.21,87.3,2929.2,normal,148.82,10.1,0.5,0,none,0.0
2026-08-05,M01,CNC,1.97,51.01,11.77,66.2,2986.4,normal,148.97,17.6,0.5,0,none,0.0
2026-08-06,M01,CNC,0.92,54.7,4.05,26.0,866.3,idle,149.07,8.9,0.5,0,none,0.0
2026-08-07,M01,CNC,0.72,41.9,4.06,22.4,906.2,idle,149.22,13.2,0.5,0,none,0.0
2026-08-08,M01,CNC,0.8,44.44,5.01,23.1,906.2,idle,149.62,12.6,0.5,0,none,0.0
2026-08-09,M01,CNC,3.01,50.15,14.56,69.5,3096.7,normal,150.03,9.0,0.5,0,none,0.0
2026-08-10,M01,CNC,2.48,64.8,14.4,69.5,2961.5,normal,150.13,11.9,0.5,0,none,0.0
2026-08-11,M01,CNC,3.19,62.86,10.13,78.8,2903.7,normal,150.47,12.3,0.5,0,none,0.0
2026-08-12,M01,CNC,1.81,56.05,11.03,78.8,2901.2,normal,150.57,10.6,0.5,0,none,0.0
2026-08-13,M01,CNC,3.86,58.01,21.08,98.6,3870.1,peak,150.77,11.9,0.5,0,none,0.0
2026-08-14,M01,CNC,0.72,41.87,4.83,21.8,879.2,idle,151.23,11.2,0.5,0,none,0.0
2026-08-15,M01,CNC,2.33,63.14,15.38,70.7,2899.1,normal,151.4,17.4,0.5,0,none,0.0
2026-08-16,M01,CNC,0.73,49.53,4.09,21.8,870.9,idle,151.5,13.8,0.5,0,none,0.0
2026-08-17,M01,CNC,2.25,52.46,14.59,56.6,870.9,normal,151.6,12.5,0.5,0,none,0.0
2026-08-18,M01,CNC,1.97,51.06,15.41,59.2,3046.4,normal,151.8,13.4,0.5,0,none,0.0
2026-08-19,M01,CNC,2.56,51.17,15.71,61.4,3057.9,normal,152.23,11.1,0.5,0,none,0.0
2026-08-20,M01,CNC,0.75,48.54,4.02,23.1,903.9,idle,152.4,8.9,0.5,0,none,0.0
2026-08-21,M01,CNC,0.98,49.09,5.23,25.3,864.0,idle,152.85,16.3,0.5,0,none,0.0
2026-08-22,M01,CNC,2.2,54.33,11.95,67.0,2963.4,normal,153.25,10.2,0.5,0,none,0.0
2026-08-23,M01,CNC,2.2,60.37,10.59,63.8,2951.0,normal,153.73,8.9,0.5,0,none,0.0
2026-08-24,M01,CNC,3.84,70.57,24.46,97.3,3964.1,peak,153.88,12.0,0.5,0,none,0.0
2026-08-25,M01,CNC,0.73,43.77,4.62,20.2,869.2,idle,153.93,10.6,0.5,0,none,0.0
2026-08-26,M01,CNC,3.14,64.3,11.79,53.6,2853.7,normal,154.05,12.0,0.5,0,none,0.0
2026-08-27,M01,CNC,2.35,64.22,10.42,81.0,2832.6,normal,154.32,13.5,0.5,0,none,0.0
2026-08-28,M01,CNC,3.17,55.72,14.54,65.0,2988.3,normal,154.4,16.0,0.5,0,none,0.0
2026-08-29,M01,CNC,2.07,52.19,15.6,86.9,3066.2,normal,154.5,8.6,0.5,0,none,0.0
2026-08-30,M01,CNC,3.7,71.74,18.69,86.9,3894.1,peak,154.93,9.3,0.5,0,none,0.0
2026-08-31,M01,CNC,2.69,55.34,10.47,74.7,3044.3,normal,155.4,14.9,0.5,0,none,0.0
2026-09-01,M01,CNC,2.33,51.98,10.78,61.0,2890.0,normal,155.77,13.9,0.5,0,none,0.0
2026-09-02,M01,CNC,2.7,59.01,14.02,65.8,3047.2,normal,156.23,18.0,0.5,0,none,0.0
2026-09-03,M01,CNC,3.36,65.97,26.01,97.7,3833.0,peak,156.37,12.4,0.5,0,none,0.0
2026-09-04,M01,CNC,3.04,55.14,13.95,53.0,3007.0,normal,156.47,16.5,0.5,0,none,0.0
2026-09-05,M01,CNC,2.24,50.84,13.46,61.1,2916.0,normal,156.92,8.4,0.5,0,none,0.0
2026-09-06,M01,CNC,1.91,52.21,11.44,55.4,3073.2,normal,157.18,17.2,0.5,0,none,0.0
2026-09-07,M01,CNC,0.7,52.21,4.18,21.9,914.8,idle,157.43,11.9,0.5,0,none,0.0
2026-09-08,M01,CNC,2.03,64.49,10.84,80.2,2964.0,normal,157.47,12.3,0.5,0,none,0.0
2026-09-09,M01,CNC,3.04,58.31,10.84,59.4,2849.9,normal,157.68,9.9,0.5,0,none,0.0
2026-09-10,M01,CNC,3.08,54.92,11.92,80.9,2901.7,normal,157.85,9.5,0.5,0,none,0.0
2026-09-11,M01,CNC,3.13,61.07,13.38,85.5,2814.9,normal,158.2,10.5,0.5,0,none,0.0
2026-09-12,M01,CNC,2.16,61.07,10.98,80.3,3075.8,normal,158.38,16.8,0.5,0,none,0.0
2026-09-13,M01,CNC,2.39,55.13,15.75,68.9,2946.7,normal,158.67,10.8,0.5,0,none,0.0
2026-09-14,M01,CNC,2.29,63.64,13.2,81.0,3043.5,normal,158.77,14.4,0.5,0,none,0.0
2026-09-15,M01,CNC,2.29,56.51,15.02,65.8,3038.2,normal,159.22,14.3,0.5,0,none,0.0
2026-09-16,M01,CNC,3.12,59.35,14.32,82.6,3053.5,normal,159.67,8.2,0.5,0,none,0.0
2026-09-17,M01,CNC,0.82,40.51,4.6,24.0,881.5,idle,159.9,11.6,0.5,0,none,0.0
2026-09-18,M01,CNC,0.92,43.57,4.95,21.1,902.5,idle,160.22,11.4,0.5,0,none,0.0
2026-09-19,M01,CNC,2.56,53.06,11.4,80.5,2944.8,normal,160.55,11.9,0.5,0,none,0.0
2026-09-20,M01,CNC,2.1,64.51,14.15,88.4,2928.1,normal,160.67,14.0,0.5,0,none,0.0
2026-09-21,M01,CNC,0.84,48.98,14.15,24.2,867.6,idle,160.7,15.8,0.5,0,none,0.0
2026-09-22,M01,CNC,0.83,41.23,4.31,20.0,852.8,idle,160.75,12.7,0.5,0,none,0.0
2026-09-23,M01,CNC,2.4,41.23,4.99,25.0,888.5,idle,160.97,18.0,0.5,0,none,0.0
2026-09-24,M01,CNC,2.01,60.92,13.4,79.8,3030.9,normal,161.08,14.6,0.5,0,none,0.0
2026-09-25,M01,CNC,3.17,58.6,11.72,76.6,2820.5,normal,161.25,15.9,0.5,0,none,0.0
2026-09-26,M01,CNC,3.06,51.79,11.63,83.0,2979.2,normal,161.67,18.0,0.5,0,none,0.0
2026-09-27,M01,CNC,2.35,57.1,15.05,64.9,3060.9,normal,161.82,17.8,0.5,0,none,0.0
2026-09-28,M01,CNC,1.92,61.65,15.01,58.9,2929.1,normal,162.05,16.4,0.5,0,none,0.0
2026-09-29,M01,CNC,2.03,60.6,12.98,76.1,2858.9,normal,162.53,10.4,0.5,0,none,0.0
2026-09-30,M01,CNC,0.76,40.41,4.48,23.4,910.1,idle,162.73,15.0,0.5,0,none,0.0
2026-10-01,M01,CNC,0.9,44.35,5.43,24.3,915.1,idle,163.07,15.0,0.5,0,none,0.0
2026-10-02,M01,CNC,0.86,42.59,4.08,24.4,858.5,idle,163.4,13.6,0.5,0,none,0.0
2026-10-03,M01,CNC,0.79,45.32,4.85,23.6,861.6,idle,163.53,16.1,0.5,0,none,0.0
2026-10-04,M01,CNC,0.81,46.17,5.45,24.4,914.6,idle,163.82,9.8,0.5,0,none,0.0
2026-10-05,M01,CNC,0.93,45.92,4.29,24.0,893.6,idle,163.87,10.3,0.5,0,none,0.0
2026-10-06,M01,CNC,0.88,44.9,4.79,22.0,886.4,idle,164.02,12.8,0.5,0,none,0.0
2026-10-07,M01,CNC,2.08,62.08,10.71,55.2,2930.9,normal,164.22,10.0,0.5,0,none,0.0
2026-10-08,M01,CNC,0.9,44.38,4.42,23.4,874.3,idle,164.32,9.8,0.5,0,none,0.0
2026-10-09,M01,CNC,0.98,49.23,4.75,22.0,901.6,idle,164.77,11.2,0.5,0,none,0.0
2026-10-10,M01,CNC,0.71,44.75,4.5,25.5,850.8,idle,164.8,15.0,0.5,0,none,0.0
2026-10-11,M01,CNC,0.87,47.41,4.73,20.5,918.1,idle,164.9,16.5,0.5,0,none,0.0
2026-10-12,M01,CNC,0.86,46.14,4.35,22.9,880.0,idle,165.38,8.7,0.5,0,none,0.0
2026-10-13,M01,CNC,0.86,51.59,14.94,61.1,2858.5,normal,165.78,12.0,0.5,0,none,0.0
2026-10-14,M01,CNC,0.85,47.69,4.09,23.5,858.3,idle,165.87,11.2,0.5,0,none,0.0
2026-10-15,M01,CNC,0.71,40.53,5.25,20.7,853.2,idle,165.98,12.4,0.5,0,none,0.0
2026-10-16,M01,CNC,2.41,62.66,11.21,68.0,2812.0,normal,166.35,14.5,0.5,0,none,0.0
2026-10-17,M01,CNC,0.83,45.78,4.86,22.0,872.1,idle,166.47,13.6,0.5,0,none,0.0
2026-10-18,M01,CNC,1.95,45.78,10.15,81.1,3089.9,normal,166.97,15.9,0.5,0,none,0.0
2026-10-19,M01,CNC,0.99,48.65,4.9,24.2,870.0,idle,167.12,16.1,0.5,0,none,0.0
2026-10-20,M01,CNC,0.89,44.56,4.72,24.6,869.7,idle,167.35,14.9,0.5,0,none,0.0
2026-10-21,M01,CNC,0.8,49.25,4.08,22.9,913.9,idle,167.45,8.0,0.5,0,none,0.0
2026-10-22,M01,CNC,2.65,58.2,11.12,65.0,3055.6,normal,167.85,11.9,0.5,0,none,0.0
2026-10-23,M01,CNC,2.65,57.72,10.15,52.6,3089.1,normal,168.28,8.3,0.5,0,none,0.0
2026-10-24,M01,CNC,0.81,46.03,4.12,52.6,915.3,idle,168.63,16.1,0.5,0,none,0.0
2026-10-25,M01,CNC,0.81,41.26,4.87,24.6,878.5,idle,168.98,13.7,0.5,0,none,0.0
2026-10-26,M01,CNC,0.96,46.49,5.35,23.7,859.2,idle,169.27,15.5,0.5,0,none,0.0
2026-10-27,M01,CNC,0.96,46.49,5.36,23.7,859.2,idle,169.42,11.2,0.5,0,none,0.0
2026-10-28,M01,CNC,2.22,52.76,14.42,70.0,2867.7,normal,169.78,8.9,0.5,0,none,0.0
2026-10-29,M01,CNC,2.22,40.4,14.42,70.0,2867.7,idle,170.18,15.3,0.5,0,none,0.0
2026-10-30,M01,CNC,1.0,42.09,4.2,21.2,903.8,idle,170.38,10.7,0.5,0,none,0.0
2026-10-31,M01,CNC,0.83,45.65,4.03,20.2,881.2,idle,170.53,11.5,0.5,0,none,0.0
2026-11-01,M01,CNC,0.94,48.85,4.13,20.2,913.9,idle,170.98,8.0,0.5,0,none,0.0
2026-11-02,M01,CNC,2.34,62.44,10.37,87.5,3025.4,normal,171.22,12.2,0.5,0,none,0.0
2026-11-03,M01,CNC,0.98,46.77,4.55,25.6,869.3,idle,171.33,12.9,0.5,0,none,0.0
2026-11-04,M01,CNC,2.27,60.51,14.47,87.3,2861.4,normal,171.57,11.8,0.5,0,none,0.0
2026-11-05,M01,CNC,2.92,61.08,9.91,66.7,2884.8,normal,172.03,16.6,0.5,0,none,0.0
2026-11-06,M01,CNC,0.79,49.83,4.96,24.3,918.4,idle,172.4,10.3,0.5,0,none,0.0
2026-11-07,M01,CNC,2.33,62.03,12.32,85.0,2854.2,normal,172.67,16.5,0.5,0,none,0.0
2026-11-08,M01,CNC,3.13,53.28,11.62,80.7,2918.1,normal,172.85,10.6,0.5,0,none,0.0
2026-11-09,M01,CNC,2.65,56.67,14.33,60.7,2817.5,normal,172.93,9.7,0.5,0,none,0.0
2026-11-10,M01,CNC,2.22,57.11,10.59,65.5,2920.0,normal,173.17,8.8,0.5,0,none,0.0
2026-11-11,M01,CNC,3.25,67.92,26.84,97.3,3979.3,peak,173.67,11.4,0.5,0,none,0.0
2026-11-12,M01,CNC,0.9,44.19,5.05,22.5,885.3,idle,174.02,15.0,0.5,0,none,0.0
2026-11-13,M01,CNC,3.21,69.76,24.61,95.6,3910.5,peak,174.27,9.6,0.5,0,none,0.0
2026-11-14,M01,CNC,3.17,56.31,12.76,95.6,3015.2,normal,174.77,8.5,0.5,0,none,0.0
2026-11-15,M01,CNC,3.17,61.97,15.12,69.4,3015.2,normal,174.97,9.9,0.5,0,none,0.0
2026-11-16,M01,CNC,2.34,64.5,14.03,55.2,3058.9,normal,175.37,17.3,0.5,0,none,0.0
2026-11-17,M01,CNC,2.47,51.03,13.07,67.8,3063.3,normal,175.68,10.8,0.5,0,none,0.0
2026-11-18,M01,CNC,2.47,62.4,13.12,54.1,3091.6,normal,175.83,11.9,0.5,0,none,0.0
2026-11-19,M01,CNC,0.85,42.91,4.7,25.1,871.3,idle,176.15,9.5,0.5,0,none,0.0
2026-11-20,M01,CNC,2.07,51.94,11.44,81.6,2941.5,normal,176.37,8.9,0.5,0,none,0.0
2026-11-21,M01,CNC,0.77,41.66,4.5,25.6,874.0,idle,176.83,14.0,0.5,0,none,0.0
2026-11-22,M01,CNC,3.18,57.28,10.66,85.9,2938.1,normal,176.97,10.1,0.5,0,none,0.0
2026-11-23,M01,CNC,2.79,64.76,9.83,55.7,3016.1,normal,177.33,8.8,0.5,0,none,0.0
2026-11-24,M01,CNC,2.19,52.76,9.76,52.8,3032.3,normal,177.82,15.8,0.5,0,none,0.0
2026-11-25,M01,CNC,1.99,57.02,13.44,68.3,2808.1,normal,178.1,14.6,0.5,0,none,0.0
2026-11-26,M01,CNC,2.9,50.16,14.45,86.0,2929.8,normal,178.17,11.9,0.5,0,none,0.0
2026-11-27,M01,CNC,0.86,44.77,4.58,25.3,912.6,idle,178.38,11.7,0.5,0,none,0.0
2026-11-28,M01,CNC,2.27,59.23,15.52,88.6,2952.7,normal,178.65,12.4,0.5,0,none,0.0
2026-11-29,M01,CNC,2.43,54.18,15.73,57.4,2973.9,normal,178.82,10.7,0.5,0,none,0.0
2026-11-30,M01,CNC,2.2,54.19,12.13,90.0,2816.5,normal,178.87,15.0,0.5,0,none,0.0
2026-12-01,M01,CNC,2.61,51.24,10.5,68.7,2953.1,normal,178.95,11.4,0.5,0,none,0.0
2026-12-02,M01,CNC,2.16,54.75,10.07,63.5,3090.0,normal,179.27,15.6,0.5,0,none,0.0
2026-12-03,M01,CNC,3.12,55.02,13.21,86.6,2801.9,normal,179.42,16.4,0.5,0,none,0.0
2026-12-04,M01,CNC,3.12,64.23,10.09,58.1,3088.2,normal,179.88,17.7,0.5,0,none,0.0
2026-12-05,M01,CNC,2.44,40.14,4.39,22.7,898.5,idle,180.27,12.7,0.5,0,none,0.0
2026-12-06,M01,CNC,2.83,64.93,11.37,72.5,2960.0,normal,180.77,11.0,0.5,0,none,0.0
2026-12-07,M01,CNC,3.52,60.88,27.77,107.8,3949.5,peak,181.0,15.1,0.5,0,none,0.0
2026-12-08,M01,CNC,2.64,53.41,13.03,78.4,2954.6,normal,181.3,13.2,0.5,0,none,0.0
2026-12-09,M01,CNC,1.0,46.11,4.56,24.6,861.9,idle,181.63,14.2,0.5,0,none,0.0
2026-12-10,M01,CNC,3.51,63.9,22.32,106.7,3945.2,peak,181.72,12.5,0.5,0,none,0.0
2026-12-11,M01,CNC,3.84,67.8,21.42,107.2,3871.5,peak,181.83,16.1,0.5,0,none,0.0
2026-12-12,M01,CNC,2.11,57.57,11.2,52.4,2994.5,normal,181.93,8.8,0.5,0,none,0.0
2026-12-13,M01,CNC,2.52,56.68,15.79,73.7,3059.0,normal,182.32,18.0,0.5,0,none,0.0
2026-12-14,M01,CNC,2.0,58.54,15.14,74.2,3015.4,normal,182.68,14.0,0.5,0,none,0.0
2026-12-15,M01,CNC,3.5,59.57,22.58,100.9,4060.1,peak,182.88,17.1,0.5,0,none,0.0
2026-12-16,M01,CNC,2.14,64.5,15.73,61.4,2904.4,normal,182.95,13.6,0.5,0,none,0.0
2026-12-17,M01,CNC,3.05,64.5,12.38,64.2,2957.8,normal,183.27,10.8,0.5,0,none,0.0
2026-12-18,M01,CNC,3.75,62.65,25.36,95.8,3814.8,peak,183.53,8.1,0.5,0,none,0.0
2026-12-19,M01,CNC,2.34,55.3,11.55,70.7,2896.2,normal,183.93,13.2,0.5,0,none,0.0
2026-12-20,M01,CNC,2.07,54.64,15.84,67.6,2933.4,normal,184.18,9.5,0.5,0,none,0.0
2026-12-21,M01,CNC,2.07,64.75,11.07,77.9,3014.8,normal,184.52,15.6,0.5,0,none,0.0
2026-12-22,M01,CNC,3.69,78.86,24.77,96.0,3978.8,peak,184.6,13.6,0.5,0,none,0.0
2026-12-23,M01,CNC,0.92,42.11,5.26,20.2,909.1,idle,184.68,16.7,0.5,0,none,0.0
2026-12-24,M01,CNC,2.44,53.26,10.37,88.2,2821.8,normal,185.18,12.1,0.5,0,none,0.0
2026-12-25,M01,CNC,0.76,43.48,4.93,23.3,858.8,idle,185.42,13.7,0.5,0,none,0.0
2026-12-26,M01,CNC,2.21,53.58,10.89,67.6,3011.2,normal,185.7,10.8,0.5,0,none,0.0
2026-12-27,M01,CNC,2.1,55.5,12.04,89.1,3086.4,normal,185.8,14.8,0.5,0,none,0.0
2026-12-28,M01,CNC,2.92,53.62,9.94,64.0,2880.0,normal,186.03,16.9,0.5,0,none,0.0
2026-12-29,M01,CNC,0.85,47.78,5.29,25.1,875.2,idle,186.23,8.5,0.5,0,none,0.0
2026-12-30,M01,CNC,3.75,63.32,18.61,105.5,875.2,peak,186.52,17.0,0.5,0,none,0.0
2026-12-31,M01,CNC,2.37,54.94,14.01,81.1,2891.2,normal,186.55,15.9,0.5,0,none,0.0
2027-01-01,M01,CNC,2.94,54.41,12.4,79.6,3007.9,normal,186.73,12.9,0.5,0,none,0.0
2027-01-02,M01,CNC,1.0,42.25,4.99,23.7,914.1,idle,187.13,17.7,0.5,0,none,0.0
2027-01-03,M01,CNC,0.75,47.52,4.85,21.6,883.2,idle,187.28,17.7,0.5,0,none,0.0
2027-01-04,M01,CNC,0.8,45.79,5.33,23.4,894.2,idle,187.55,11.2,0.5,0,none,0.0
2027-01-05,M01,CNC,0.86,40.51,4.35,22.9,871.7,idle,187.97,14.5,0.5,0,none,0.0
2027-01-06,M01,CNC,0.75,45.04,4.48,21.6,882.5,idle,188.1,17.1,0.5,0,none,0.0
2027-01-07,M01,CNC,0.74,49.28,5.3,24.2,857.4,idle,188.35,15.6,0.5,0,none,0.0
2027-01-08,M01,CNC,0.93,48.08,5.15,20.7,895.1,idle,188.83,8.6,0.5,0,none,0.0
2027-01-09,M01,CNC,2.7,45.77,4.97,22.8,887.0,idle,189.28,11.1,0.5,0,none,0.0
2027-01-10,M01,CNC,0.71,46.39,4.12,22.8,870.5,idle,189.58,15.8,0.5,0,none,0.0
2027-01-11,M01,CNC,2.56,52.0,14.0,82.2,870.5,normal,189.88,8.3,0.5,0,none,0.0
2027-01-12,M01,CNC,1.95,52.18,15.2,72.1,2940.2,normal,190.02,10.0,0.5,0,none,0.0
2027-01-13,M01,CNC,0.73,46.5,5.3,25.0,893.8,idle,190.07,12.6,0.5,0,none,0.0
2027-01-14,M01,CNC,0.72,41.12,5.3,21.5,859.5,idle,190.28,10.7,0.5,0,none,0.0
2027-01-15,M01,CNC,0.78,41.12,5.41,23.7,908.5,idle,190.75,12.0,0.5,0,none,0.0
2027-01-16,M01,CNC,0.91,41.13,5.1,21.6,894.7,idle,190.83,10.4,0.5,0,none,0.0
2027-01-17,M01,CNC,0.8,49.98,4.4,21.7,915.1,idle,191.12,9.8,0.5,0,none,0.0
2027-01-18,M01,CNC,0.71,46.97,5.09,25.0,918.2,idle,191.6,13.5,0.5,0,none,0.0
2027-01-19,M01,CNC,0.99,40.65,5.23,23.9,895.3,idle,191.82,16.9,0.5,0,none,0.0
2027-01-20,M01,CNC,0.74,46.5,5.47,25.5,880.7,idle,192.23,8.9,0.5,0,none,0.0
2027-01-21,M01,CNC,0.71,43.62,5.24,24.2,882.1,idle,192.27,9.6,0.5,0,none,0.0
2027-01-22,M01,CNC,0.72,44.27,4.7,25.6,894.9,idle,192.6,10.1,0.5,0,none,0.0
2027-01-23,M01,CNC,0.79,45.25,4.1,25.8,875.2,idle,192.75,14.8,0.5,0,none,0.0
2027-01-24,M01,CNC,0.84,43.55,5.02,24.0,900.1,idle,192.92,13.1,0.5,0,none,0.0
2027-01-25,M01,CNC,0.78,43.16,4.19,23.9,852.8,idle,193.4,15.7,0.5,0,none,0.0
2027-01-26,M01,CNC,0.88,48.7,5.34,22.7,882.1,idle,193.43,9.3,0.5,0,none,0.0
2027-01-27,M01,CNC,0.72,46.71,5.23,21.5,879.5,idle,193.55,8.1,0.5,0,none,0.0
2027-01-28,M01,CNC,0.95,48.77,4.36,23.3,863.5,idle,193.72,17.4,0.5,0,none,0.0
2027-01-29,M01,CNC,1.94,63.67,14.83,80.9,2814.6,normal,194.12,14.4,0.5,0,none,0.0
2027-01-30,M01,CNC,2.98,56.57,11.73,72.8,2827.4,normal,194.37,16.5,0.5,0,none,0.0
2027-01-31,M01,CNC,0.93,45.82,4.28,21.1,862.9,idle,194.63,12.7,0.5,0,none,0.0
2027-02-01,M01,CNC,1.88,58.82,14.96,52.7,2814.7,normal,195.02,14.2,0.5,0,none,0.0
2027-02-02,M01,CNC,2.6,62.29,11.62,65.3,2978.9,normal,195.35,13.1,0.5,0,none,0.0
2027-02-03,M01,CNC,3.42,58.45,25.35,104.4,3974.2,peak,195.73,16.4,0.5,0,none,0.0
2027-02-04,M01,CNC,2.84,60.13,10.84,65.4,2837.8,normal,196.05,14.1,0.5,0,none,0.0
2027-02-05,M01,CNC,0.74,46.76,5.29,25.8,894.0,idle,196.23,12.8,0.5,0,none,0.0
2027-02-06,M01,CNC,3.35,59.8,26.13,103.7,3985.5,peak,196.43,14.4,0.5,0,none,0.0
2027-02-07,M01,CNC,2.89,60.55,14.92,54.1,3024.3,normal,196.92,14.6,0.5,0,none,0.0
2027-02-08,M01,CNC,0.96,42.86,4.96,21.9,917.1,idle,197.42,9.9,0.5,0,none,0.0
2027-02-09,M01,CNC,0.96,45.8,4.25,24.3,862.3,idle,197.72,17.0,0.5,0,none,0.0
2027-02-10,M01,CNC,0.77,44.94,5.37,21.3,860.1,idle,198.17,16.1,0.5,0,none,0.0
2027-02-11,M01,CNC,0.93,45.01,5.37,20.9,895.2,idle,198.4,14.8,0.5,0,none,0.0
2027-02-12,M01,CNC,2.13,52.35,13.94,74.6,3026.4,normal,198.82,13.0,0.5,0,none,0.0
2027-02-13,M01,CNC,2.23,56.72,12.14,89.4,2887.7,normal,199.0,12.2,0.5,0,none,0.0
2027-02-14,M01,CNC,0.79,43.55,4.85,21.5,914.1,idle,199.23,13.8,0.5,0,none,0.0
2027-02-15,M01,CNC,0.78,48.96,4.16,23.9,913.5,idle,199.57,11.4,0.5,0,none,0.0
2027-02-16,M01,CNC,2.04,64.52,12.44,87.9,3003.1,normal,199.97,13.3,0.5,0,none,0.0
2027-02-17,M01,CNC,2.22,52.82,11.47,55.5,2843.2,normal,200.42,17.4,0.5,0,none,0.0
2027-02-18,M01,CNC,1.95,56.34,11.47,55.5,2839.1,normal,200.63,16.5,0.5,0,none,0.0
2027-02-19,M01,CNC,0.89,41.97,4.15,21.0,914.7,idle,201.1,13.6,0.5,0,none,0.0
2027-02-20,M01,CNC,2.95,55.31,13.76,72.4,3003.1,normal,201.28,9.3,0.5,0,none,0.0
2027-02-21,M01,CNC,0.9,46.29,4.4,20.2,881.9,idle,201.45,13.6,0.5,0,none,0.0
2027-02-22,M01,CNC,3.91,67.68,26.32,109.9,3849.1,peak,201.57,17.0,0.5,0,none,0.0
2027-02-23,M01,CNC,2.77,60.11,15.87,89.5,3006.0,normal,201.93,11.6,0.5,0,none,0.0
2027-02-24,M01,CNC,0.77,47.99,4.16,24.7,913.7,idle,202.35,12.2,0.5,0,none,0.0
2027-02-25,M01,CNC,2.34,59.46,12.3,68.6,2893.1,normal,202.85,10.6,0.5,0,none,0.0
2027-02-26,M01,CNC,2.87,64.04,15.61,58.6,3062.4,normal,203.03,9.2,0.5,0,none,0.0
2027-02-27,M01,CNC,0.92,42.53,4.1,21.6,913.9,idle,203.08,13.8,0.5,0,none,0.0
2027-02-28,M01,CNC,2.69,60.82,11.17,79.3,2808.4,normal,203.43,16.9,0.5,0,none,0.0
2027-03-01,M01,CNC,2.33,59.4,10.45,83.3,2870.5,normal,203.73,14.8,0.5,0,none,0.0
2027-03-02,M01,CNC,2.71,56.08,13.37,56.1,2805.1,normal,204.03,8.5,0.5,0,none,0.0
2027-03-03,M01,CNC,3.07,54.04,14.83,90.0,2863.4,normal,204.52,17.9,0.5,0,none,0.0
2027-03-04,M01,CNC,2.17,59.94,15.78,86.8,2950.9,normal,204.72,13.7,0.5,0,none,0.0
2027-03-05,M01,CNC,2.17,52.04,15.85,88.7,2849.1,normal,204.98,16.6,0.5,0,none,0.0
2027-03-06,M01,CNC,0.79,41.0,4.41,24.9,876.5,idle,205.1,12.9,0.5,0,none,0.0
2027-03-07,M01,CNC,3.27,63.82,27.81,104.5,3924.8,peak,205.47,11.1,0.5,0,none,0.0
2027-03-08,M01,CNC,2.03,64.79,14.84,62.7,2821.0,normal,205.52,10.7,0.5,0,none,0.0
2027-03-09,M01,CNC,0.72,41.2,4.87,25.6,884.8,idle,205.95,13.8,0.5,0,none,0.0
2027-03-10,M01,CNC,2.98,41.2,14.11,79.8,2852.2,normal,206.07,15.6,0.5,0,none,0.0
2027-03-11,M01,CNC,2.31,59.56,9.96,65.7,2960.4,normal,206.13,12.3,0.5,0,none,0.0
2027-03-12,M01,CNC,3.19,57.12,14.8,68.4,3038.9,normal,206.38,17.7,0.5,0,none,0.0
2027-03-13,M01,CNC,2.63,63.3,12.17,75.0,2989.0,normal,206.62,13.3,0.5,0,none,0.0
2027-03-14,M01,CNC,2.38,52.16,10.11,52.6,3062.1,normal,207.03,8.1,0.5,0,none,0.0
2027-03-15,M01,CNC,0.77,42.12,5.1,21.9,885.4,idle,207.23,13.3,0.5,0,none,0.0
2027-03-16,M01,CNC,0.75,49.6,5.28,25.2,878.5,idle,207.27,14.3,0.5,0,none,0.0
2027-03-17,M01,CNC,2.87,52.16,9.56,52.8,2976.0,normal,207.42,16.8,0.5,0,none,0.0
2027-03-18,M01,CNC,2.87,57.77,9.55,68.1,3015.4,normal,207.6,11.8,0.5,0,none,0.0
2027-03-19,M01,CNC,2.42,60.98,11.01,82.9,2976.5,normal,207.93,8.7,0.5,0,none,0.0
2027-03-20,M01,CNC,2.1,53.55,13.58,83.5,2924.7,normal,207.98,10.9,0.5,0,none,0.0
2027-03-21,M01,CNC,2.16,63.01,13.85,69.0,2946.4,normal,208.4,13.2,0.5,0,none,0.0
2027-03-22,M01,CNC,0.76,46.27,4.54,26.0,883.6,idle,208.65,18.0,0.5,0,none,0.0
2027-03-23,M01,CNC,3.59,46.27,27.17,107.0,3935.3,peak,208.85,12.9,0.5,0,none,0.0
2027-03-24,M01,CNC,2.81,58.79,12.7,59.3,2939.2,normal,209.28,17.5,0.5,0,none,0.0
2027-03-25,M01,CNC,2.14,63.72,11.68,88.2,2959.9,normal,209.73,10.3,0.5,0,none,0.0
2027-03-26,M01,CNC,3.71,67.23,19.29,100.6,3829.7,peak,210.15,10.1,0.5,0,none,0.0
2027-03-27,M01,CNC,2.67,56.7,14.56,60.4,2849.4,normal,210.18,9.7,0.5,0,none,0.0
2027-03-28,M01,CNC,0.82,49.27,5.07,22.5,886.2,idle,210.4,15.9,0.5,0,none,0.0
2027-03-29,M01,CNC,0.73,49.85,5.0,21.7,891.0,idle,210.63,10.6,0.5,0,none,0.0
2027-03-30,M01,CNC,1.95,64.49,10.64,76.6,2873.6,normal,210.95,13.9,0.5,0,none,0.0
2027-03-31,M01,CNC,0.92,47.77,5.01,23.7,912.5,idle,211.0,14.5,0.5,0,none,0.0
2027-04-01,M01,CNC,0.72,43.31,4.37,25.9,877.3,idle,211.03,9.2,0.5,0,none,0.0
2027-04-02,M01,CNC,0.92,46.85,4.32,21.4,869.7,idle,211.3,13.5,0.5,0,none,0.0
2027-04-03,M01,CNC,0.82,42.34,4.03,25.3,917.6,idle,211.58,10.1,0.5,0,none,0.0
2027-04-04,M01,CNC,0.8,43.39,4.01,24.1,907.8,idle,211.97,11.0,0.5,0,none,0.0
2027-04-05,M01,CNC,0.74,41.6,5.19,23.7,853.1,idle,212.35,13.2,0.5,0,none,0.0
2027-04-06,M01,CNC,0.89,43.09,4.55,24.6,906.8,idle,212.7,9.4,0.5,0,none,0.0
2027-04-07,M02,CNC,0.82,49.47,4.61,24.6,883.9,idle,364.52,10.0,80.46,0,none,0.0
2027-04-08,M02,CNC,0.97,49.08,4.13,25.6,907.8,idle,364.92,9.6,80.06,0,none,0.0
2027-04-09,M02,CNC,0.94,42.01,5.21,25.1,870.2,idle,365.23,10.1,79.75,0,none,0.0
2027-04-10,M02,CNC,0.99,40.5,4.22,23.2,870.2,idle,365.52,8.0,79.46,0,none,0.0
2027-04-11,M02,CNC,0.89,40.17,5.44,20.3,860.0,idle,365.9,9.1,79.08,0,none,0.0
2027-04-12,M02,CNC,0.7,45.67,5.4,24.0,907.6,idle,366.23,9.5,78.75,0,none,0.0
2027-04-13,M02,CNC,0.7,45.42,4.69,23.0,855.0,idle,366.3,8.8,78.68,0,none,0.0
2027-04-14,M02,CNC,0.91,45.03,5.15,22.9,860.5,idle,366.72,10.6,78.26,0,none,0.0
2027-04-15,M02,CNC,0.89,41.72,5.31,23.7,861.0,idle,366.87,17.8,78.11,0,none,0.0
2027-04-16,M02,CNC,0.99,45.18,4.11,23.8,867.7,idle,367.03,9.0,77.95,0,none,0.0
2027-04-17,M02,CNC,2.93,62.27,15.86,71.1,2936.5,normal,367.15,16.5,77.83,0,none,0.0
2027-04-18,M02,CNC,0.93,41.32,4.82,23.3,856.3,idle,367.37,11.1,77.61,0,none,0.0
2027-04-19,M02,CNC,0.83,48.53,5.28,20.6,856.4,idle,367.78,16.5,77.2,0,none,0.0
2027-04-20,M02,CNC,0.78,48.75,4.19,24.3,857.1,idle,368.28,16.5,76.7,0,none,0.0
2027-04-21,M02,CNC,0.89,43.56,5.18,21.4,894.7,idle,368.67,11.3,76.31,0,none,0.0
2027-04-22,M02,CNC,0.77,47.14,5.31,20.8,910.7,idle,369.17,14.2,75.81,0,none,0.0
2027-04-23,M02,CNC,0.88,41.27,4.64,21.0,899.0,idle,369.67,11.7,75.31,0,none,0.0
2027-04-24,M02,CNC,0.93,41.06,4.76,24.9,915.5,idle,369.87,12.0,75.11,0,none,0.0
2027-04-25,M02,CNC,0.85,49.5,4.8,22.4,909.4,idle,370.13,11.9,74.85,0,none,0.0
2027-04-26,M02,CNC,2.49,57.08,12.69,84.2,3049.6,normal,370.62,12.2,74.36,0,none,0.0
2027-04-27,M02,CNC,0.82,43.33,4.74,23.4,866.7,idle,371.12,9.1,73.86,0,none,0.0
2027-04-28,M02,CNC,0.94,44.86,4.5,20.6,866.7,idle,371.52,17.8,73.46,0,none,0.0
2027-04-29,M02,CNC,3.13,54.58,10.6,69.5,2892.1,normal,372.0,12.2,72.98,0,none,0.0
2027-04-30,M02,CNC,1.85,54.85,13.04,73.0,2907.0,normal,372.33,13.7,72.65,0,none,0.0
2027-05-01,M02,CNC,2.43,64.48,11.95,61.8,2873.0,normal,372.6,11.8,72.38,0,none,0.0
2027-05-02,M02,CNC,2.44,61.39,10.84,79.0,2806.3,normal,372.82,16.6,72.16,0,none,0.0
2027-05-03,M02,CNC,0.83,47.76,4.51,23.4,864.4,idle,373.32,17.7,71.66,0,none,0.0
2027-05-04,M02,CNC,2.84,50.78,15.04,59.5,3062.3,normal,373.42,12.9,71.56,0,none,0.0
2027-05-05,M02,CNC,2.29,60.84,11.57,86.4,2838.0,normal,373.92,8.5,71.06,0,none,0.0
2027-05-06,M02,CNC,0.75,44.93,4.12,21.2,916.1,idle,374.08,8.1,70.9,0,none,0.0
2027-05-07,M02,CNC,0.99,43.76,5.38,23.3,868.9,idle,374.57,15.7,70.41,0,none,0.0
2027-05-08,M02,CNC,0.91,46.59,5.48,21.6,897.0,idle,374.9,10.2,70.08,0,none,0.0
2027-05-09,M02,CNC,0.91,41.14,4.01,26.0,906.2,idle,375.28,13.2,69.7,0,none,0.0
2027-05-10,M02,CNC,0.94,45.1,4.45,20.9,869.9,idle,375.68,9.0,69.3,0,none,0.0
2027-05-11,M02,CNC,0.81,47.56,4.81,20.5,851.3,idle,376.07,12.8,68.91,0,none,0.0
2027-05-12,M02,CNC,0.73,44.1,5.4,23.8,906.1,idle,376.45,11.8,68.53,0,none,0.0
2027-05-13,M02,CNC,0.84,43.62,4.16,25.3,904.8,idle,376.92,16.9,68.06,0,none,0.0
2027-05-14,M02,CNC,2.04,57.68,12.67,75.8,3083.9,normal,377.27,14.4,67.71,0,none,0.0
2027-05-15,M02,CNC,2.61,58.1,9.83,54.4,2856.2,normal,377.38,12.7,67.6,0,none,0.0
2027-05-16,M02,CNC,0.71,47.43,5.08,20.8,908.5,idle,377.67,8.7,67.31,0,none,0.0
2027-05-17,M02,CNC,2.02,54.52,11.12,66.2,2876.4,normal,377.95,11.3,67.03,0,none,0.0
2027-05-18,M02,CNC,2.02,54.52,15.91,66.2,2876.4,normal,378.12,10.2,66.86,0,none,0.0
2027-05-19,M02,CNC,1.87,59.39,9.85,83.8,2953.6,normal,378.48,16.2,66.5,0,none,0.0
2027-05-20,M02,CNC,2.54,58.42,10.61,59.5,2895.7,normal,378.55,16.0,66.43,0,none,0.0
2027-05-21,M02,CNC,2.63,53.15,10.26,88.9,2806.6,normal,378.82,13.0,66.16,0,none,0.0
2027-05-22,M02,CNC,2.63,61.82,11.43,57.1,2843.7,normal,379.02,13.0,65.96,0,none,0.0
2027-05-23,M02,CNC,2.78,61.82,14.59,87.6,3007.6,normal,379.38,12.0,65.6,0,none,0.0
2027-05-24,M02,CNC,2.02,53.65,14.97,60.0,2821.8,normal,379.43,8.0,65.55,0,none,0.0
2027-05-25,M02,CNC,0.91,44.03,5.38,23.9,856.3,idle,379.5,17.6,65.48,0,none,0.0
2027-05-26,M02,CNC,3.13,53.88,11.69,67.3,2815.4,normal,379.87,13.1,65.11,0,none,0.0
2027-05-27,M02,CNC,0.85,41.23,4.6,22.1,904.1,idle,380.0,12.6,64.98,0,none,0.0
2027-05-28,M02,CNC,2.92,52.3,11.88,66.2,2845.4,normal,380.2,8.5,64.78,0,none,0.0
2027-05-29,M02,CNC,0.94,47.07,4.29,22.2,857.4,idle,380.35,11.3,64.63,0,none,0.0
2027-05-30,M02,CNC,2.68,51.82,15.91,81.7,2917.1,normal,380.78,12.7,64.2,0,none,0.0
2027-05-31,M02,CNC,2.61,63.67,13.1,58.6,2913.6,normal,381.17,12.5,63.81,0,none,0.0
2027-06-01,M02,CNC,0.95,46.44,4.98,25.2,912.6,idle,381.25,10.2,63.73,0,none,0.0
2027-06-02,M02,CNC,3.09,51.42,13.04,80.1,3027.1,normal,381.45,14.3,63.53,0,none,0.0
2027-06-03,M02,CNC,2.65,51.42,14.68,79.4,2825.8,normal,381.9,13.2,63.08,0,none,0.0
2027-06-04,M02,CNC,2.45,52.61,11.69,52.7,2920.1,normal,382.3,17.0,62.68,0,none,0.0
2027-06-05,M02,CNC,2.57,59.29,13.81,83.8,2864.6,normal,382.58,15.2,62.4,0,none,0.0
2027-06-06,M02,CNC,1.97,62.77,10.52,89.0,3052.8,normal,383.0,10.5,61.98,0,none,0.0
2027-06-07,M02,CNC,2.5,64.72,10.52,63.5,2991.5,normal,383.13,17.3,61.85,0,none,0.0
2027-06-08,M02,CNC,2.29,63.93,9.93,72.9,2977.3,normal,383.37,16.2,61.61,0,none,0.0
2027-06-09,M02,CNC,0.9,42.56,4.55,25.1,863.6,idle,383.5,9.1,61.48,0,none,0.0
2027-06-10,M02,CNC,2.96,58.44,14.45,79.1,2862.2,normal,383.75,14.3,61.23,0,none,0.0
2027-06-11,M02,CNC,2.96,63.02,12.31,88.7,2935.7,normal,384.13,15.7,60.85,0,none,0.0
2027-06-12,M02,CNC,2.0,55.84,15.69,64.2,3060.4,normal,384.4,13.9,60.58,0,none,0.0
2027-06-13,M02,CNC,3.03,55.25,10.04,79.5,2893.4,normal,384.7,13.0,60.28,0,none,0.0
2027-06-14,M02,CNC,0.93,44.43,4.73,24.7,876.8,idle,385.0,13.5,59.98,0,none,0.0
2027-06-15,M02,CNC,0.83,43.76,4.55,23.2,906.6,idle,385.25,12.8,59.73,0,none,0.0
2027-06-16,M02,CNC,0.81,43.76,5.01,21.6,869.4,idle,385.55,17.1,59.43,0,none,0.0
2027-06-17,M02,CNC,3.11,60.85,13.25,76.6,2808.8,normal,385.95,15.3,59.03,0,none,0.0
2027-06-18,M02,CNC,2.67,57.64,13.05,65.7,2808.8,normal,386.05,14.6,58.93,0,none,0.0
2027-06-19,M02,CNC,0.76,49.51,4.61,22.8,853.7,idle,386.4,13.0,58.58,0,none,0.0
2027-06-20,M02,CNC,0.71,47.17,4.81,23.1,867.0,idle,386.63,14.1,58.35,0,none,0.0
2027-06-21,M02,CNC,0.92,41.68,4.28,22.8,870.0,idle,387.03,10.7,57.95,0,none,0.0
2027-06-22,M02,CNC,2.15,59.68,13.73,83.3,2925.3,normal,387.23,12.5,57.75,0,none,0.0
2027-06-23,M02,CNC,0.72,42.74,5.47,23.6,899.7,idle,387.33,14.0,57.65,0,none,0.0
2027-06-24,M02,CNC,0.7,45.18,4.06,23.4,914.5,idle,387.83,11.0,57.15,0,none,0.0
2027-06-25,M02,CNC,0.99,45.41,4.69,25.7,897.1,idle,388.23,11.1,56.75,0,none,0.0
2027-06-26,M02,CNC,1.89,56.99,11.06,69.8,2936.6,normal,388.65,14.3,56.33,0,none,0.0
2027-06-27,M02,CNC,0.87,43.57,4.25,23.0,908.1,idle,388.78,15.1,56.2,0,none,0.0
2027-06-28,M02,CNC,0.9,43.38,5.4,25.5,864.6,idle,389.17,14.7,55.81,0,none,0.0
2027-06-29,M02,CNC,0.71,47.41,5.24,25.5,912.3,idle,389.57,17.6,55.41,0,none,0.0
2027-06-30,M02,CNC,0.88,45.3,4.04,21.5,882.2,idle,389.87,14.4,55.11,0,none,0.0
2027-07-01,M02,CNC,0.89,45.57,5.11,21.7,889.5,idle,390.27,11.5,54.71,0,none,0.0
2027-07-02,M02,CNC,0.73,44.14,5.13,24.2,919.3,idle,390.55,17.4,54.43,0,none,0.0
2027-07-03,M02,CNC,0.78,44.98,5.13,22.6,910.0,idle,390.95,15.5,54.03,0,none,0.0
2027-07-04,M02,CNC,0.91,44.98,4.31,25.2,854.2,idle,391.42,16.8,53.56,0,none,0.0
2027-07-05,M02,CNC,0.91,44.98,4.31,23.1,854.2,idle,391.67,13.2,53.31,0,none,0.0
2027-07-06,M02,CNC,0.71,43.52,5.28,22.4,863.9,idle,391.7,8.5,53.28,0,none,0.0
2027-07-07,M02,CNC,0.83,43.86,5.37,24.6,885.4,idle,391.75,15.5,53.23,0,none,0.0
2027-07-08,M02,CNC,3.18,56.98,9.88,62.0,2930.8,normal,391.87,14.8,53.11,0,none,0.0
2027-07-09,M02,CNC,0.75,49.48,5.15,21.6,891.4,idle,391.97,14.9,53.01,0,none,0.0
2027-07-10,M02,CNC,0.92,49.41,5.15,23.1,904.2,idle,392.15,13.4,52.83,0,none,0.0
2027-07-11,M02,CNC,0.87,45.53,4.17,20.8,887.1,idle,392.37,9.0,52.61,0,none,0.0
2027-07-12,M02,CNC,0.79,40.3,5.09,20.2,891.4,idle,392.85,13.6,47.72,0,none,0.0
2027-07-13,M02,CNC,0.87,49.82,4.74,20.4,888.2,idle,393.0,13.6,47.57,0,none,0.0
2027-07-14,M02,CNC,0.97,50.15,4.66,21.9,912.9,idle,393.15,16.0,47.42,0,none,0.0
2027-07-15,M02,CNC,0.78,46.46,4.63,20.2,873.4,idle,393.55,14.6,47.02,0,none,0.0
2027-07-16,M02,CNC,0.81,47.24,5.45,21.6,905.7,idle,393.78,17.6,46.79,0,none,0.0
2027-07-17,M02,CNC,0.76,45.88,4.14,25.6,902.1,idle,394.17,13.5,46.4,0,none,0.0
2027-07-18,M02,CNC,0.95,48.75,5.0,25.8,898.5,idle,394.2,10.0,46.37,0,none,0.0
2027-07-19,M02,CNC,1.04,45.83,4.22,23.2,857.0,idle,394.68,16.7,45.89,0,none,0.0
2027-07-20,M02,CNC,2.84,58.05,13.7,52.4,2850.8,normal,395.15,14.3,45.42,0,none,0.0
2027-07-21,M02,CNC,2.72,65.19,12.14,68.1,3005.1,normal,395.55,15.6,45.02,0,none,0.0
2027-07-22,M02,CNC,2.27,62.3,4.68,21.3,914.5,idle,395.87,10.0,44.7,0,none,0.0
2027-07-23,M02,CNC,3.68,65.48,18.54,98.3,4018.5,peak,396.28,10.9,44.29,0,none,0.0
2027-07-24,M02,CNC,3.76,60.56,23.1,95.2,3810.2,peak,396.4,8.7,44.17,0,none,0.0
2027-07-25,M02,CNC,1.06,48.94,5.46,25.1,894.1,idle,396.52,9.2,44.05,0,none,0.0
2027-07-26,M02,CNC,2.1,62.99,15.25,82.4,2940.2,normal,396.57,13.6,44.0,0,none,0.0
2027-07-27,M02,CNC,2.4,63.96,14.47,89.3,2834.6,normal,396.67,16.5,43.9,0,none,0.0
2027-07-28,M02,CNC,2.39,54.47,14.9,59.1,2807.9,normal,396.7,15.1,43.87,0,none,0.0
2027-07-29,M02,CNC,3.62,51.69,15.19,65.9,3039.0,normal,396.8,17.3,43.77,0,none,0.0
2027-07-30,M02,CNC,2.95,64.95,15.82,52.4,2809.2,normal,397.15,17.3,43.42,0,none,0.0
2027-07-31,M02,CNC,0.9,48.23,5.44,22.8,887.9,idle,397.5,11.0,43.07,0,none,0.0
2027-08-01,M02,CNC,2.41,63.75,16.14,62.2,2931.9,normal,397.95,11.6,42.62,0,none,0.0
2027-08-02,M02,CNC,0.86,63.75,4.87,20.9,875.6,idle,398.4,13.3,42.17,0,none,0.0
2027-08-03,M02,CNC,2.69,59.69,13.64,20.9,3009.5,normal,398.52,15.9,42.05,0,none,0.0
2027-08-04,M02,CNC,3.33,57.38,10.09,20.9,3067.1,normal,398.63,13.4,41.94,0,none,0.0
2027-08-05,M02,CNC,2.55,56.77,10.96,73.9,2828.3,normal,398.7,16.8,41.87,0,none,0.0
2027-08-06,M02,CNC,2.77,62.5,13.5,66.7,2906.2,normal,399.08,11.6,41.49,0,none,0.0
2027-08-07,M02,CNC,2.77,60.18,19.31,108.2,3796.9,peak,399.22,14.2,41.35,0,none,0.0
2027-08-08,M02,CNC,4.59,75.81,19.31,100.6,3942.0,peak,399.5,16.2,41.07,0,none,0.0
2027-08-09,M02,CNC,3.72,66.41,14.75,55.3,2977.9,normal,399.87,14.7,40.7,0,none,0.0
2027-08-10,M02,CNC,2.93,59.42,10.13,59.3,3013.2,normal,400.13,14.4,40.44,0,none,0.0
2027-08-11,M02,CNC,3.04,56.99,12.4,84.5,2999.8,normal,400.48,8.4,40.09,0,none,0.0
2027-08-12,M02,CNC,2.75,54.39,11.53,87.0,2948.4,normal,400.98,17.2,39.59,0,none,0.0
2027-08-13,M02,CNC,3.23,61.61,12.3,82.7,2930.8,normal,401.07,13.4,39.5,0,none,0.0
2027-08-14,M02,CNC,2.49,54.65,13.46,87.6,2866.4,normal,401.25,13.2,39.32,0,none,0.0
2027-08-15,M02,CNC,3.88,64.31,11.53,53.4,2803.7,normal,401.68,16.0,38.89,0,none,0.0
2027-08-16,M02,CNC,3.65,55.93,12.38,71.1,2988.2,normal,401.95,11.0,38.62,0,none,0.0
2027-08-17,M02,CNC,2.56,59.15,13.16,72.5,3014.6,normal,402.32,13.1,38.25,0,none,0.0
2027-08-18,M02,CNC,2.67,65.19,14.57,73.1,2979.0,normal,402.4,17.6,38.17,0,none,0.0
2027-08-19,M02,CNC,3.13,55.25,14.41,71.9,2960.2,normal,402.72,14.3,37.85,0,none,0.0
2027-08-20,M02,CNC,1.06,52.28,5.09,20.5,872.1,idle,402.85,15.7,37.72,0,none,0.0
2027-08-21,M02,CNC,1.24,51.3,4.95,25.4,859.0,idle,403.33,16.4,37.24,0,none,0.0
2027-08-22,M02,CNC,3.18,66.89,16.03,78.1,3023.0,normal,403.47,15.0,37.1,0,none,0.0
2027-08-23,M02,CNC,0.99,52.19,4.69,21.1,856.5,idle,403.88,14.5,36.69,0,none,0.0
2027-08-24,M02,CNC,1.13,46.07,4.69,20.8,860.4,idle,403.95,9.5,36.62,0,none,0.0
2027-08-25,M02,CNC,1.19,48.06,4.74,24.5,901.5,idle,404.22,8.4,36.35,0,none,0.0
2027-08-26,M02,CNC,3.91,58.64,15.04,57.8,2804.5,normal,404.28,15.9,36.29,0,none,0.0
2027-08-27,M02,CNC,3.14,65.88,11.66,54.4,2803.9,normal,404.6,16.2,35.97,0,none,0.0
2027-08-28,M02,CNC,4.14,63.32,11.72,73.1,2920.7,normal,404.77,12.5,35.8,0,none,0.0
2027-08-29,M02,CNC,3.78,57.38,15.9,63.8,2969.3,normal,405.0,8.2,35.57,0,none,0.0
2027-08-30,M02,CNC,2.55,59.59,12.42,72.7,2784.2,normal,405.38,8.1,35.19,0,none,0.0
2027-08-31,M02,CNC,4.11,57.4,14.67,72.7,2927.7,normal,405.8,15.6,34.77,0,none,0.0
2027-09-01,M02,CNC,4.04,64.17,12.48,82.7,2847.6,normal,406.13,16.5,34.44,0,none,0.0
2027-09-02,M02,CNC,5.24,74.98,23.04,99.5,3881.3,peak,406.35,9.1,34.22,0,none,0.0
2027-09-03,M02,CNC,1.37,53.75,5.11,24.0,899.7,idle,406.8,14.1,33.77,0,none,0.0
2027-09-04,M02,CNC,1.06,46.82,5.36,24.9,896.3,idle,406.98,12.4,33.59,0,none,0.0
2027-09-05,M02,CNC,1.2,45.47,4.94,21.4,857.1,idle,407.22,8.3,33.35,0,none,0.0
2027-09-06,M02,CNC,4.21,55.74,15.8,68.2,2933.0,normal,407.33,9.4,33.24,0,none,0.0
2027-09-07,M02,CNC,1.07,48.06,4.39,25.8,892.3,idle,407.57,16.5,33.0,0,none,0.0
2027-09-08,M02,CNC,5.26,66.54,29.06,100.2,3787.4,peak,407.75,9.4,32.82,0,none,0.0
2027-09-09,M02,CNC,1.29,54.3,4.27,21.4,900.8,idle,408.13,17.7,32.44,0,none,0.0
2027-09-10,M02,CNC,1.13,46.14,5.18,25.2,868.6,idle,408.62,11.7,31.95,0,none,0.0
2027-09-11,M02,CNC,4.79,65.21,10.65,89.7,2873.4,normal,408.65,13.6,31.92,0,none,0.0
2027-09-12,M02,CNC,3.31,63.42,12.25,55.3,2753.3,normal,408.73,13.7,31.84,0,none,0.0
2027-09-13,M02,CNC,3.68,67.67,14.12,90.0,2836.8,normal,408.97,17.5,31.6,0,none,0.0
2027-09-14,M02,CNC,3.32,57.58,11.3,62.8,2985.4,normal,409.15,15.4,31.42,0,none,0.0
2027-09-15,M02,CNC,4.7,69.94,11.79,85.5,2847.2,normal,409.57,12.1,31.0,0,none,0.0
2027-09-16,M02,CNC,1.13,69.94,5.31,21.0,864.2,idle,409.93,9.4,30.64,0,none,0.0
2027-09-17,M02,CNC,3.4,66.51,13.36,89.6,2765.1,normal,410.05,16.3,30.52,0,none,0.0
2027-09-18,M02,CNC,3.57,62.73,13.71,64.0,2963.4,normal,410.18,14.7,30.39,0,none,0.0
2027-09-19,M02,CNC,4.71,69.69,15.83,84.3,2909.7,normal,410.52,16.5,30.05,0,none,0.0
2027-09-20,M02,CNC,1.49,48.75,4.95,21.9,865.9,idle,410.83,13.5,29.74,0,none,0.0
2027-09-21,M02,CNC,1.25,55.38,4.81,20.6,869.8,idle,411.02,10.5,29.55,0,none,0.0
2027-09-22,M02,CNC,1.14,46.92,4.67,22.8,863.3,idle,411.15,12.9,29.42,0,none,0.0
2027-09-23,M02,CNC,1.14,53.26,5.0,22.0,855.1,idle,411.35,14.7,29.22,0,none,0.0
2027-09-24,M02,CNC,1.48,46.44,4.34,24.8,866.0,idle,411.5,14.2,29.07,0,none,0.0
2027-09-25,M02,CNC,1.19,48.43,5.84,25.2,881.5,idle,412.0,12.9,28.57,0,none,0.0
2027-09-26,M02,CNC,1.36,51.33,5.91,25.8,847.4,idle,412.2,11.1,28.37,0,none,0.0
2027-09-27,M02,CNC,1.53,48.21,4.68,24.1,860.1,idle,412.53,13.7,28.04,0,none,0.0
2027-09-28,M02,CNC,1.61,47.27,5.18,25.5,893.9,idle,412.98,12.3,27.59,0,none,0.0
2027-09-29,M02,CNC,1.23,50.06,5.35,21.0,898.2,idle,413.02,15.9,27.55,0,none,0.0
2027-09-30,M02,CNC,1.6,50.06,4.54,20.5,893.8,idle,413.42,12.4,27.15,0,none,0.0
2027-10-01,M02,CNC,1.27,50.82,5.08,23.6,836.0,idle,413.88,14.8,26.69,0,none,0.0
2027-10-02,M02,CNC,3.55,70.69,16.78,81.7,2742.9,normal,414.08,12.6,26.49,0,none,0.0
2027-10-03,M02,CNC,1.34,53.07,4.81,25.5,874.1,idle,414.3,12.9,26.27,0,none,0.0
2027-10-04,M02,CNC,1.21,55.91,5.93,20.5,867.1,idle,414.38,14.1,26.19,0,none,0.0
2027-10-05,M02,CNC,1.34,50.89,4.67,23.5,867.1,idle,414.85,16.3,25.72,0,none,0.0
2027-10-06,M02,CNC,1.34,47.95,5.4,22.0,888.3,idle,415.35,10.6,25.22,0,none,0.0
2027-10-07,M02,CNC,1.43,49.2,4.71,24.6,847.5,idle,415.85,15.3,24.72,0,none,0.0
2027-10-08,M02,CNC,1.62,49.49,4.92,22.8,893.3,idle,416.35,13.1,24.22,0,none,0.0
2027-10-09,M02,CNC,1.71,49.51,4.99,20.9,863.7,idle,416.38,13.8,24.19,0,none,0.0
2027-10-10,M02,CNC,1.48,56.59,5.95,22.3,862.1,idle,416.82,17.1,23.75,1,bearing,4759.0
2027-10-11,M02,CNC,1.71,55.7,4.42,21.9,857.2,idle,416.98,18.0,23.59,1,bearing,4433.0
2027-10-12,M02,CNC,1.37,49.74,4.48,23.9,846.0,idle,417.35,11.7,23.22,1,bearing,3414.0
2027-10-13,M02,CNC,1.29,49.74,5.75,25.1,860.5,idle,417.85,15.3,22.72,1,bearing,3691.0
2027-10-14,M02,CNC,1.47,57.71,4.75,21.3,860.5,idle,417.95,13.1,22.62,1,bearing,4125.0
2027-10-15,M02,CNC,1.35,51.79,5.94,23.7,855.4,idle,418.17,14.6,22.4,1,bearing,3179.0
2027-10-16,M02,CNC,5.64,58.86,12.05,73.5,2903.7,normal,418.6,12.5,21.97,1,bearing,3233.0
2027-10-17,M02,CNC,5.89,73.09,27.18,105.5,3881.8,peak,418.93,14.6,21.64,1,bearing,3098.0
2027-10-18,M02,CNC,1.47,49.31,5.16,20.8,3881.8,idle,419.35,17.4,21.22,1,bearing,2665.0
2027-10-19,M02,CNC,1.55,51.59,5.73,23.0,847.2,idle,419.5,10.3,21.07,1,bearing,3582.0
2027-10-20,M02,CNC,5.43,71.49,15.44,53.8,2885.9,normal,419.72,14.7,20.85,1,bearing,4621.0
2027-10-21,M02,CNC,5.43,60.67,12.25,85.5,2725.4,normal,420.17,12.7,20.4,1,bearing,4362.0
2027-10-22,M02,CNC,5.35,65.89,13.85,52.3,2956.7,normal,420.67,17.8,19.9,1,bearing,3827.0
2027-10-23,M02,CNC,1.52,54.22,5.61,24.2,890.0,idle,420.75,13.2,19.82,1,bearing,3620.0
2027-10-24,M02,CNC,1.63,52.95,6.08,23.9,844.9,idle,421.22,13.8,19.35,1,bearing,4835.0
2027-10-25,M02,CNC,1.63,71.63,13.27,77.1,2853.1,normal,421.33,11.8,19.24,1,bearing,4907.0
2027-10-26,M02,CNC,1.45,55.12,4.59,22.5,861.3,idle,421.7,8.8,18.87,1,bearing,3530.0
2027-10-27,M02,CNC,6.81,79.91,29.5,106.6,3695.1,peak,421.93,10.2,18.64,1,bearing,4162.0
2027-10-28,M02,CNC,1.46,54.61,6.07,25.0,881.0,idle,422.15,11.5,18.42,1,bearing,4474.0
2027-10-29,M02,CNC,4.31,65.84,14.13,58.0,2721.3,normal,422.65,13.0,17.92,1,bearing,3069.0
2027-10-30,M02,CNC,6.1,63.09,12.46,55.2,2981.2,normal,422.92,8.8,17.65,1,bearing,3650.0
2027-10-31,M02,CNC,5.1,69.53,17.39,65.1,2891.6,normal,423.05,9.6,17.52,1,bearing,4965.0
2027-11-01,M02,CNC,1.4,51.52,5.93,24.6,846.4,idle,423.45,14.6,17.12,1,bearing,4198.0
2027-11-02,M02,CNC,4.61,67.79,10.74,61.2,2769.1,normal,423.9,9.1,16.67,1,bearing,4461.0
2027-11-03,M02,CNC,4.27,71.97,12.81,59.3,2854.1,normal,424.18,9.6,16.39,1,bearing,4183.0
2027-11-04,M02,CNC,5.99,63.51,11.33,65.5,2924.6,normal,424.22,9.3,16.35,1,bearing,4926.0
2027-11-05,M02,CNC,5.12,72.18,17.82,82.1,2882.5,normal,424.33,13.1,16.24,1,bearing,4844.0
2027-11-06,M02,CNC,4.97,60.56,18.01,66.6,2751.2,normal,424.43,10.6,16.14,1,bearing,3237.0
2027-11-07,M02,CNC,7.48,72.88,27.06,103.8,3801.9,peak,424.73,14.0,15.84,1,bearing,4808.0
2027-11-08,M02,CNC,5.99,64.14,14.1,72.4,2897.5,normal,425.1,15.2,15.47,1,bearing,3661.0
2027-11-09,M02,CNC,5.85,66.11,15.56,57.7,2975.2,normal,425.17,14.1,15.4,1,bearing,4430.0
2027-11-10,M02,CNC,4.76,71.28,10.96,59.8,2844.6,normal,425.65,10.2,14.92,1,bearing,4182.0
2027-11-11,M02,CNC,6.2,68.36,17.7,70.4,2844.5,normal,426.0,13.8,14.57,1,bearing,3244.0
2027-11-12,M02,CNC,1.52,58.59,4.99,25.4,881.6,idle,426.35,10.6,14.22,1,bearing,3903.0
2027-11-13,M02,CNC,6.44,68.44,15.87,81.6,2738.6,normal,426.62,8.7,13.95,1,bearing,4049.0
2027-11-14,M02,CNC,5.47,61.22,14.55,57.9,2752.9,normal,426.85,8.2,13.72,1,bearing,4641.0
2027-11-15,M02,CNC,7.28,76.21,27.74,96.1,3808.0,peak,427.33,14.8,13.24,1,bearing,3112.0
2027-11-16,M02,CNC,4.32,69.58,15.64,73.2,2911.0,normal,427.68,12.8,12.89,1,bearing,4956.0
2027-11-17,M02,CNC,1.68,58.64,5.33,22.9,862.6,idle,427.73,13.3,12.84,1,bearing,2981.0
2027-11-18,M02,CNC,3.84,70.82,15.5,63.8,2722.0,normal,427.8,9.3,12.77,1,bearing,4971.0
2027-11-19,M02,CNC,1.54,60.34,5.77,20.8,842.6,idle,428.12,17.0,12.45,1,bearing,4267.0
2027-11-20,M02,CNC,5.58,73.73,11.24,61.0,2952.4,normal,428.42,16.7,12.15,1,bearing,4670.0
2027-11-21,M02,CNC,3.85,64.3,18.1,75.3,2770.3,normal,428.67,16.0,11.9,1,bearing,4061.0
2027-11-22,M02,CNC,4.03,61.77,12.77,75.3,2814.1,normal,428.88,15.4,11.69,1,bearing,4859.0
2027-11-23,M02,CNC,6.01,75.14,13.99,59.3,2843.1,normal,428.97,10.5,11.6,1,bearing,3452.0
2027-11-24,M02,CNC,6.61,73.59,11.46,78.3,2857.4,normal,429.45,14.0,11.12,1,bearing,4727.0
2027-11-25,M02,CNC,6.63,63.44,14.98,85.4,2810.0,normal,429.7,8.1,10.87,1,bearing,2529.0
2027-11-26,M02,CNC,5.36,62.77,13.08,64.3,2963.2,normal,430.03,13.2,10.54,1,bearing,4036.0
2027-11-27,M02,CNC,4.8,68.73,16.04,58.2,2829.8,normal,430.4,16.0,10.17,1,bearing,4174.0
2027-11-28,M02,CNC,6.19,74.89,15.72,77.4,2725.4,normal,430.62,12.3,9.95,1,bearing,4897.0
2027-11-29,M02,CNC,6.85,63.93,16.86,62.1,2957.5,normal,430.78,13.4,9.79,1,bearing,4812.0
2027-11-30,M02,CNC,6.18,73.32,12.67,68.8,2865.8,normal,431.0,17.9,9.57,1,bearing,4127.0
2027-12-01,M02,CNC,6.38,63.7,18.31,85.8,2764.5,normal,431.43,13.5,9.14,1,bearing,4783.0
2027-12-02,M02,CNC,6.56,70.0,14.54,64.0,2853.0,normal,431.72,13.6,8.85,1,bearing,4481.0
2027-12-03,M02,CNC,8.42,77.28,28.27,105.5,3849.0,peak,431.88,13.8,8.69,1,bearing,4130.0
2027-12-04,M02,CNC,4.19,75.32,14.55,62.0,2753.7,normal,432.3,16.6,8.27,1,bearing,2987.0
2027-12-05,M02,CNC,5.59,75.32,13.96,80.5,2710.7,normal,432.72,15.8,7.85,1,bearing,3162.0
2027-12-06,M02,CNC,5.58,77.45,16.94,60.0,2826.8,normal,432.8,12.0,7.77,1,bearing,3886.0
2027-12-07,M02,CNC,4.84,68.85,17.04,81.3,2826.8,normal,433.25,15.0,7.32,1,bearing,2713.0
2027-12-08,M02,CNC,4.84,71.64,14.0,71.1,2854.8,normal,433.37,14.4,7.2,1,bearing,2873.0
2027-12-09,M02,CNC,5.91,70.19,14.98,58.7,2913.0,normal,433.83,17.3,6.74,1,bearing,4283.0
2027-12-10,M02,CNC,5.87,64.89,16.97,87.4,2951.4,normal,433.9,10.2,6.67,1,bearing,2827.0
2027-12-11,M02,CNC,5.34,65.05,15.11,56.3,2946.5,normal,434.25,11.8,6.32,1,bearing,4141.0
2027-12-12,M02,CNC,1.76,55.66,5.42,22.3,866.0,idle,434.6,10.9,5.97,1,bearing,4947.0
2027-12-13,M02,CNC,1.76,65.71,5.42,71.3,866.0,normal,434.65,16.2,5.92,1,bearing,4524.0
2027-12-14,M02,CNC,2.04,58.89,5.96,25.6,873.5,idle,434.92,16.5,5.65,1,bearing,4622.0
2027-12-15,M02,CNC,2.28,55.74,5.96,21.8,872.2,idle,435.1,15.8,5.47,1,bearing,4591.0
2027-12-16,M02,CNC,2.32,61.97,4.91,25.7,840.4,idle,435.4,14.2,5.17,1,bearing,2647.0
2027-12-17,M02,CNC,1.64,57.87,4.8,23.3,834.5,idle,435.62,8.0,4.95,1,bearing,3144.0
2027-12-18,M02,CNC,5.77,72.67,17.87,77.2,2798.6,normal,435.68,15.8,4.89,1,bearing,3946.0
2027-12-19,M02,CNC,2.24,62.65,4.94,23.2,830.5,idle,436.07,13.9,4.5,1,bearing,4620.0
2027-12-20,M02,CNC,1.68,60.29,6.25,21.0,865.7,idle,436.1,8.7,4.47,1,bearing,2869.0
2027-12-21,M02,CNC,2.28,62.84,5.2,25.4,832.6,idle,436.42,16.3,4.15,1,bearing,4887.0
2027-12-22,M02,CNC,2.07,54.28,4.82,24.3,840.7,idle,436.63,16.2,3.94,1,bearing,3426.0
2027-12-23,M02,CNC,5.16,66.74,16.41,24.3,840.7,normal,436.98,12.5,3.59,1,bearing,4154.0
2027-12-24,M02,CNC,1.73,55.89,5.43,22.9,834.1,idle,437.32,9.8,3.25,1,bearing,4573.0
2027-12-25,M02,CNC,1.92,63.65,5.89,20.1,839.0,idle,437.4,13.0,3.17,1,bearing,3892.0
2027-12-26,M02,CNC,2.31,57.05,4.91,24.6,850.7,idle,437.48,17.6,3.09,1,bearing,4703.0
2027-12-27,M02,CNC,2.1,54.72,5.01,23.7,823.7,idle,437.95,10.5,2.62,1,bearing,4313.0
2027-12-28,M02,CNC,2.1,59.7,5.27,25.7,865.8,idle,438.18,15.7,2.39,1,bearing,3891.0
2027-12-29,M02,CNC,2.24,55.17,4.96,23.0,819.9,idle,438.62,12.6,1.95,1,bearing,4903.0
2027-12-30,M02,CNC,2.43,56.13,5.65,22.2,851.4,idle,439.1,9.2,1.47,1,bearing,2776.0
2027-12-31,M02,CNC,2.43,58.91,5.27,25.3,811.3,idle,439.33,17.9,1.24,1,bearing,3441.0
2028-01-01,M02,CNC,2.4,63.08,5.33,24.7,810.3,idle,439.78,17.6,0.79,1,bearing,4615.0
2028-01-02,M02,CNC,2.46,60.12,5.33,22.2,812.3,idle,440.1,16.3,0.5,1,bearing,3516.0
2028-01-03,M02,CNC,2.49,55.3,5.97,22.7,870.9,idle,440.28,14.7,0.5,1,bearing,3900.0
2028-01-04,M02,CNC,1.92,60.25,5.66,24.2,812.2,idle,440.35,9.8,0.5,1,bearing,3785.0
2028-01-05,M02,CNC,1.9,57.15,6.13,21.1,845.6,idle,440.57,13.7,0.5,1,bearing,3248.0
2028-01-06,M02,CNC,1.77,61.97,6.13,23.1,845.6,idle,0.0,10.0,5.29,1,bearing,3522.0
2028-01-07,M02,CNC,1.81,53.99,5.19,23.9,847.4,idle,0.47,9.6,4.83,1,bearing,2936.0
2028-01-08,M02,CNC,7.34,69.46,16.54,70.6,847.4,normal,0.55,14.8,4.74,1,bearing,4517.0
2028-01-09,M02,CNC,1.84,58.18,5.57,24.2,874.2,idle,0.9,16.6,4.39,1,bearing,2673.0
2028-01-10,M02,CNC,1.9,54.2,5.61,23.3,822.2,idle,1.38,14.2,3.91,1,bearing,4516.0
2028-01-11,M02,CNC,6.85,78.7,18.56,59.5,2920.4,normal,1.88,17.0,3.41,1,bearing,3625.0
2028-01-12,M02,CNC,2.19,58.56,5.71,25.1,842.3,idle,2.17,15.6,3.13,1,bearing,4593.0
2028-01-13,M02,CNC,1.95,59.01,5.71,21.1,870.2,idle,2.33,15.5,2.96,1,bearing,3025.0
2028-01-14,M02,CNC,2.17,60.42,5.71,23.6,818.1,idle,2.38,12.2,2.91,1,bearing,4714.0
2028-01-15,M02,CNC,1.74,59.38,5.47,23.5,816.0,idle,2.43,11.9,2.86,1,bearing,3215.0
2028-01-16,M02,CNC,5.81,66.81,18.93,73.3,2864.0,normal,2.7,15.0,2.59,1,bearing,4384.0
2028-01-17,M02,CNC,1.94,55.2,6.5,21.7,837.9,idle,2.9,8.1,2.39,1,bearing,3363.0
2028-01-18,M02,CNC,2.16,54.58,6.22,23.2,828.0,idle,3.13,11.3,2.16,1,bearing,3563.0
2028-01-19,M02,CNC,1.75,55.98,6.36,24.1,826.0,idle,3.25,10.4,2.04,1,bearing,4430.0
2028-01-20,M02,CNC,1.76,61.38,5.8,22.4,833.2,idle,3.6,9.8,1.69,1,bearing,4236.0
2028-01-21,M02,CNC,1.89,61.21,6.52,21.1,848.7,idle,3.73,15.5,1.56,1,bearing,3995.0
2028-01-22,M02,CNC,2.05,59.13,5.24,24.9,840.8,idle,4.22,12.5,1.08,1,bearing,4840.0
2028-01-23,M02,CNC,6.32,69.26,12.77,55.3,2866.6,normal,4.32,14.9,0.98,1,bearing,2909.0
2028-01-24,M02,CNC,1.89,61.73,5.5,22.5,839.2,idle,4.73,10.4,0.56,1,bearing,4270.0
2028-01-25,M02,CNC,2.02,55.99,5.35,22.5,851.8,idle,5.22,9.5,0.5,1,bearing,3112.0
2028-01-26,M02,CNC,3.43,65.82,19.93,98.2,3806.9,peak,0.0,16.5,75.3,0,none,0.0
2028-01-27,M02,CNC,3.06,53.16,10.98,62.6,2838.2,normal,0.3,11.2,75.0,0,none,0.0
2028-01-28,M02,CNC,2.69,51.13,10.37,76.5,2901.9,normal,0.58,13.6,74.71,0,none,0.0
2028-01-29,M02,CNC,2.79,58.36,11.16,76.7,2834.9,normal,0.92,9.0,74.38,0,none,0.0
2028-01-30,M02,CNC,2.55,56.56,11.24,75.0,3061.4,normal,1.03,16.1,74.26,0,none,0.0
2028-01-31,M02,CNC,1.0,46.08,4.61,21.4,868.0,idle,1.32,9.0,73.98,0,none,0.0
2028-02-01,M02,CNC,2.47,55.51,15.44,66.0,2912.0,normal,1.73,11.6,73.56,0,none,0.0
2028-02-02,M02,CNC,2.34,62.55,13.73,75.3,2900.2,normal,2.05,16.1,73.25,0,none,0.0
2028-02-03,M02,CNC,2.95,50.58,15.16,71.5,2919.5,normal,2.27,9.2,73.03,0,none,0.0
2028-02-04,M02,CNC,0.85,46.67,4.02,25.2,881.3,idle,2.75,14.1,72.55,0,none,0.0
2028-02-05,M02,CNC,2.28,52.07,12.36,70.9,2921.1,normal,3.08,14.5,72.21,0,none,0.0
2028-02-06,M02,CNC,3.74,65.16,27.61,104.0,4042.2,peak,3.2,10.8,72.1,0,none,0.0
2028-02-07,M02,CNC,0.73,43.97,4.51,23.4,910.3,idle,3.4,12.9,71.9,0,none,0.0
2028-02-08,M02,CNC,1.91,51.09,15.03,60.1,3000.6,normal,3.82,8.8,71.48,0,none,0.0
2028-02-09,M02,CNC,2.56,62.49,10.31,56.9,2967.1,normal,4.17,14.3,71.13,0,none,0.0
2028-02-10,M02,CNC,0.98,44.15,4.49,23.6,915.1,idle,4.27,14.4,71.03,0,none,0.0
2028-02-11,M02,CNC,2.97,64.93,9.65,56.3,2982.8,normal,4.47,14.1,70.83,0,none,0.0
2028-02-12,M02,CNC,0.95,42.85,4.36,24.7,854.0,idle,4.7,8.7,70.6,0,none,0.0
2028-02-13,M02,CNC,2.32,57.59,13.14,79.7,2906.4,normal,4.82,11.1,70.48,0,none,0.0
2028-02-14,M02,CNC,2.66,58.78,13.06,76.3,2877.8,normal,5.18,10.7,70.11,0,none,0.0
2028-02-15,M02,CNC,1.92,51.79,10.96,71.0,3052.1,normal,5.55,16.9,69.75,0,none,0.0
2028-02-16,M02,CNC,0.91,47.89,4.53,22.4,877.6,idle,5.98,11.6,69.31,0,none,0.0
2028-02-17,M02,CNC,2.07,50.92,13.34,89.6,2850.1,normal,6.32,12.5,68.98,0,none,0.0
2028-02-18,M02,CNC,1.87,61.69,11.14,83.5,3011.2,normal,6.43,8.2,68.86,0,none,0.0
2028-02-19,M02,CNC,3.12,56.13,13.8,69.7,2989.2,normal,6.85,10.5,68.45,0,none,0.0
2028-02-20,M02,CNC,0.83,41.89,4.76,23.2,906.7,idle,7.27,8.8,68.03,0,none,0.0
2028-02-21,M02,CNC,2.83,59.96,10.24,79.4,2950.1,normal,7.38,9.0,67.91,0,none,0.0
2028-02-22,M02,CNC,3.05,63.8,9.86,83.2,2811.3,normal,7.88,8.5,67.41,0,none,0.0
2028-02-23,M02,CNC,2.31,58.13,10.46,80.4,2802.5,normal,8.32,15.6,66.98,0,none,0.0
2028-02-24,M02,CNC,2.04,58.71,14.14,86.8,3011.7,normal,8.38,14.2,66.91,0,none,0.0
2028-02-25,M02,CNC,0.9,43.94,4.0,20.7,887.4,idle,8.45,16.9,66.85,0,none,0.0
2028-02-26,M02,CNC,2.75,56.26,14.25,71.8,2822.2,normal,8.63,15.4,66.66,0,none,0.0
2028-02-27,M02,CNC,2.07,62.6,14.21,86.0,2835.3,normal,8.9,9.3,66.4,0,none,0.0
2028-02-28,M02,CNC,1.0,42.09,4.02,26.0,869.7,idle,9.37,8.4,65.93,0,none,0.0
2028-02-29,M02,CNC,2.74,52.65,13.27,86.3,2896.1,normal,9.58,11.3,65.71,0,none,0.0
2028-03-01,M02,CNC,0.9,41.88,4.94,22.0,864.8,idle,9.87,16.7,65.43,0,none,0.0
2028-03-02,M02,CNC,0.79,41.79,4.94,22.4,867.2,idle,10.03,9.4,65.26,0,none,0.0
2028-03-03,M02,CNC,0.83,43.21,5.12,25.8,867.2,idle,10.43,13.9,64.86,0,none,0.0
2028-03-04,M02,CNC,0.96,45.66,4.24,24.1,885.9,idle,10.7,14.4,64.6,0,none,0.0
2028-03-05,M02,CNC,0.9,48.9,4.66,25.4,902.5,idle,11.03,14.4,64.26,0,none,0.0
2028-03-06,M02,CNC,0.9,46.03,4.49,25.9,896.7,idle,11.35,11.5,63.95,0,none,0.0
2028-03-07,M02,CNC,0.71,43.27,4.93,20.3,851.7,idle,11.67,8.9,63.63,0,none,0.0
2028-03-08,M02,CNC,0.84,43.33,4.66,21.6,861.5,idle,11.85,10.6,63.45,0,none,0.0
2028-03-09,M02,CNC,0.91,45.15,4.3,21.9,891.4,idle,12.03,13.2,63.26,0,none,0.0
2028-03-10,M02,CNC,0.72,41.47,4.11,24.9,902.7,idle,12.47,11.4,62.83,0,none,0.0
2028-03-11,M02,CNC,0.93,47.16,5.0,22.9,895.0,idle,12.75,14.9,62.55,0,none,0.0
2028-03-12,M02,CNC,1.85,59.32,14.56,71.0,2907.2,normal,13.03,12.8,62.26,0,none,0.0
2028-03-13,M02,CNC,0.78,46.43,5.04,25.2,874.0,idle,13.07,16.0,62.23,0,none,0.0
2028-03-14,M02,CNC,0.93,45.61,5.32,23.2,886.2,idle,13.42,8.1,61.88,0,none,0.0
2028-03-15,M02,CNC,0.87,47.49,5.45,20.4,853.7,idle,13.63,16.8,61.66,0,none,0.0
2028-03-16,M02,CNC,0.98,45.3,4.92,22.9,856.6,idle,13.88,9.6,61.41,0,none,0.0
2028-03-17,M02,CNC,0.93,47.47,4.47,21.8,908.6,idle,14.3,16.3,61.0,0,none,0.0
2028-03-18,M02,CNC,0.72,48.81,4.38,23.6,915.5,idle,14.45,12.2,60.85,0,none,0.0
2028-03-19,M02,CNC,0.9,44.14,5.03,22.1,869.4,idle,14.6,16.0,60.7,0,none,0.0
2028-03-20,M02,CNC,1.0,47.51,4.97,22.1,853.4,idle,14.95,14.8,60.35,0,none,0.0
2028-03-21,M02,CNC,0.71,45.54,5.14,22.1,908.9,idle,15.13,13.3,60.16,0,none,0.0
2028-03-22,M02,CNC,0.71,43.67,4.36,22.7,855.1,idle,15.3,16.5,60.0,0,none,0.0
2028-03-23,M02,CNC,0.99,42.23,5.38,22.6,919.0,idle,15.42,9.1,59.88,0,none,0.0
2028-03-24,M02,CNC,0.87,49.31,4.01,24.5,913.2,idle,15.68,10.7,59.61,0,none,0.0
2028-03-25,M02,CNC,0.74,40.96,4.64,25.6,913.2,idle,16.03,11.2,59.26,0,none,0.0
2028-03-26,M02,CNC,0.86,41.41,4.0,24.9,856.1,idle,16.13,13.3,59.16,0,none,0.0
2028-03-27,M02,CNC,2.69,63.72,10.86,77.3,2823.6,normal,16.25,10.8,59.05,0,none,0.0
2028-03-28,M02,CNC,0.88,41.64,5.1,77.3,882.4,idle,16.35,15.3,58.95,0,none,0.0
2028-03-29,M02,CNC,0.88,41.71,5.11,21.8,896.4,idle,16.5,8.1,58.8,0,none,0.0
2028-03-30,M02,CNC,0.75,46.88,4.19,22.6,867.3,idle,16.63,11.1,58.66,0,none,0.0
2028-03-31,M02,CNC,2.85,53.93,15.23,85.9,2858.9,normal,17.08,11.7,58.21,0,none,0.0
2028-04-01,M02,CNC,0.88,40.88,4.59,24.3,896.2,idle,17.48,11.3,57.81,0,none,0.0
2028-04-02,M02,CNC,0.89,42.83,4.57,20.6,900.3,idle,17.95,9.5,57.35,0,none,0.0
2028-04-03,M02,CNC,0.85,47.09,4.37,21.9,873.4,idle,18.12,8.7,57.18,0,none,0.0
2028-04-04,M02,CNC,1.84,55.12,14.72,86.1,2955.5,normal,18.4,17.0,56.9,0,none,0.0
2028-04-05,M02,CNC,0.84,40.31,5.32,20.1,916.1,idle,18.57,16.3,56.73,0,none,0.0
2028-04-06,M02,CNC,3.59,63.81,27.24,95.4,3974.4,peak,18.65,15.1,56.65,0,none,0.0
2028-04-07,M02,CNC,0.86,42.19,4.64,95.4,900.9,idle,18.88,12.4,56.41,0,none,0.0
2028-04-08,M02,CNC,3.2,73.93,19.65,98.5,3879.0,peak,19.3,10.0,56.0,0,none,0.0
2028-04-09,M02,CNC,0.71,41.23,5.48,21.9,858.1,idle,19.72,13.2,55.58,0,none,0.0
2028-04-10,M02,CNC,1.95,60.79,15.05,61.8,2806.3,normal,19.85,14.8,55.45,0,none,0.0
2028-04-11,M02,CNC,3.38,58.96,19.03,101.5,3869.0,peak,20.03,9.6,55.26,0,none,0.0
2028-04-12,M02,CNC,2.52,53.8,15.61,86.4,2970.0,normal,20.45,17.4,54.85,0,none,0.0
2028-04-13,M02,CNC,2.3,53.8,12.18,79.7,2935.5,normal,20.75,12.8,54.55,0,none,0.0
2028-04-14,M02,CNC,2.3,64.16,11.68,73.3,2828.5,normal,20.93,16.9,54.36,0,none,0.0
2028-04-15,M02,CNC,0.76,44.13,4.31,25.3,2828.5,idle,21.42,17.7,53.88,0,none,0.0
2028-04-16,M02,CNC,0.76,59.09,14.0,66.6,3060.7,normal,21.57,11.2,53.73,0,none,0.0
2028-04-17,M02,CNC,0.87,44.4,4.1,22.8,907.5,idle,21.68,13.8,53.61,0,none,0.0
2028-04-18,M02,CNC,0.88,48.32,4.74,20.7,851.0,idle,21.92,8.1,53.38,0,none,0.0
2028-04-19,M02,CNC,2.22,48.32,14.64,63.2,2948.7,normal,21.97,14.9,53.33,0,none,0.0
2028-04-20,M02,CNC,2.22,56.16,11.0,57.2,2859.0,normal,22.37,11.7,52.93,0,none,0.0
2028-04-21,M02,CNC,1.88,52.97,9.56,75.8,2894.9,normal,22.43,13.0,52.86,0,none,0.0
2028-04-22,M02,CNC,3.16,52.91,11.75,65.6,2802.5,normal,22.82,17.3,52.48,0,none,0.0
2028-04-23,M02,CNC,2.97,50.48,15.61,85.9,2960.7,normal,23.25,8.6,52.05,0,none,0.0
2028-04-24,M02,CNC,2.56,59.81,12.02,76.6,2813.4,normal,23.62,13.4,51.68,0,none,0.0
2028-04-25,M02,CNC,1.88,56.86,13.07,85.7,2831.4,normal,23.7,10.3,51.6,0,none,0.0
2028-04-26,M02,CNC,0.95,42.1,4.59,21.9,878.0,idle,24.02,15.6,51.28,0,none,0.0
2028-04-27,M02,CNC,0.75,45.04,5.2,22.6,884.3,idle,24.47,15.3,50.83,0,none,0.0
2028-04-28,M02,CNC,0.95,47.06,4.74,21.6,911.9,idle,24.5,11.6,50.8,0,none,0.0
2028-04-29,M02,CNC,2.61,53.32,11.25,82.5,2813.2,normal,24.6,8.4,50.7,0,none,0.0
2028-04-30,M02,CNC,3.19,51.96,14.67,67.0,2947.7,normal,25.0,10.9,50.3,0,none,0.0
2028-05-01,M02,CNC,3.03,56.19,12.99,67.0,2800.7,normal,25.4,13.7,49.9,0,none,0.0
2028-05-02,M02,CNC,2.14,60.21,10.29,56.3,2923.3,normal,25.72,15.3,49.58,0,none,0.0
2028-05-03,M02,CNC,0.89,47.12,4.27,20.5,915.8,idle,25.88,14.0,49.41,0,none,0.0
2028-05-04,M02,CNC,2.16,62.8,15.11,81.4,2850.7,normal,26.37,8.7,48.93,0,none,0.0
2028-05-05,M02,CNC,2.95,61.54,13.38,64.8,2878.8,normal,26.47,16.2,48.83,0,none,0.0
2028-05-06,M02,CNC,1.97,57.65,13.3,65.7,2942.6,normal,26.78,8.0,48.51,0,none,0.0
2028-05-07,M02,CNC,2.31,59.62,15.36,58.2,2914.4,normal,27.15,15.3,48.15,0,none,0.0
2028-05-08,M02,CNC,2.0,59.37,14.24,87.4,2883.7,normal,27.65,16.6,47.65,0,none,0.0
2028-05-09,M02,CNC,3.13,50.95,13.42,54.2,3068.1,normal,28.08,11.2,47.21,0,none,0.0
2028-05-10,M02,CNC,0.86,46.69,5.25,20.9,852.7,idle,28.15,13.4,47.15,0,none,0.0
2028-05-11,M02,CNC,0.86,54.72,10.34,69.8,2979.5,normal,28.38,14.8,46.91,0,none,0.0
2028-05-12,M02,CNC,1.84,54.12,9.71,68.0,3068.5,normal,28.82,14.1,46.48,0,none,0.0
2028-05-13,M02,CNC,3.18,59.56,10.55,86.4,2954.9,normal,29.02,11.2,46.28,0,none,0.0
2028-05-14,M02,CNC,2.02,63.83,14.42,79.8,3012.8,normal,29.1,8.7,46.2,0,none,0.0
2028-05-15,M02,CNC,3.36,61.59,24.88,98.3,3931.6,peak,29.57,9.8,45.73,0,none,0.0
2028-05-16,M02,CNC,2.89,61.76,12.45,82.1,3051.6,normal,29.62,12.9,45.68,0,none,0.0
2028-05-17,M02,CNC,2.72,53.43,11.28,64.0,2835.0,normal,29.7,14.4,45.6,0,none,0.0
2028-05-18,M02,CNC,0.78,42.1,4.68,25.4,857.3,idle,29.93,13.3,45.36,0,none,0.0
2028-05-19,M02,CNC,2.81,60.31,10.12,87.1,2970.5,normal,30.33,8.5,44.96,0,none,0.0
2028-05-20,M02,CNC,2.31,61.35,11.17,78.3,2811.9,normal,30.48,8.7,44.81,0,none,0.0
2028-05-21,M02,CNC,0.95,44.48,4.96,21.3,897.4,idle,30.62,17.3,44.68,0,none,0.0
2028-05-22,M02,CNC,2.88,57.1,13.52,69.3,3068.2,normal,31.08,16.0,44.21,0,none,0.0
2028-05-23,M02,CNC,2.5,62.63,14.71,67.6,2869.0,normal,31.13,15.4,44.16,0,none,0.0
2028-05-24,M02,CNC,2.37,62.39,10.98,71.9,3041.8,normal,31.63,11.7,43.66,0,none,0.0
2028-05-25,M02,CNC,2.29,59.63,11.1,56.1,3038.3,normal,32.03,14.2,43.26,0,none,0.0
2028-05-26,M02,CNC,1.94,54.07,11.1,65.2,3091.9,normal,32.33,8.7,42.96,0,none,0.0
2028-05-27,M02,CNC,3.17,54.02,9.77,78.8,2935.3,normal,32.52,10.2,42.78,0,none,0.0
2028-05-28,M02,CNC,1.94,60.61,9.7,85.1,2841.6,normal,32.82,15.3,42.48,0,none,0.0
2028-05-29,M02,CNC,0.74,41.76,5.44,85.1,906.1,idle,33.13,9.9,42.16,0,none,0.0
2028-05-30,M02,CNC,0.82,43.36,4.35,22.9,888.6,idle,33.52,14.3,41.78,0,none,0.0
2028-05-31,M02,CNC,0.89,42.57,5.42,21.0,917.6,idle,33.63,13.6,41.66,0,none,0.0
2028-06-01,M02,CNC,0.7,44.81,4.5,22.7,890.0,idle,34.05,14.4,41.25,0,none,0.0
2028-06-02,M02,CNC,0.83,44.15,5.1,24.1,908.3,idle,34.27,15.0,41.03,0,none,0.0
2028-06-03,M02,CNC,2.15,59.14,13.3,66.0,2945.8,normal,34.52,9.7,40.78,0,none,0.0
2028-06-04,M02,CNC,0.79,41.42,4.32,20.6,897.8,idle,34.63,13.0,40.66,0,none,0.0
2028-06-05,M02,CNC,0.9,49.51,5.09,20.3,911.9,idle,35.02,18.0,40.28,0,none,0.0
2028-06-06,M02,CNC,0.9,56.65,5.09,20.3,911.9,normal,35.28,17.0,40.01,0,none,0.0
2028-06-07,M02,CNC,3.07,51.25,10.74,68.8,2975.4,normal,35.6,11.2,39.7,0,none,0.0
2028-06-08,M02,CNC,0.94,49.88,4.58,20.3,906.1,idle,35.82,14.3,39.48,0,none,0.0
2028-06-09,M02,CNC,0.88,41.99,4.74,24.4,903.9,idle,36.28,14.1,39.01,0,none,0.0
2028-06-10,M02,CNC,0.85,43.05,5.46,24.0,878.6,idle,36.62,11.8,38.68,0,none,0.0
2028-06-11,M02,CNC,2.19,60.97,11.07,58.5,2958.9,normal,36.93,10.5,38.36,0,none,0.0
2028-06-12,M02,CNC,0.79,46.29,4.18,23.9,869.8,idle,37.2,12.0,38.1,0,none,0.0
2028-06-13,M02,CNC,0.7,41.27,5.4,25.2,866.4,idle,37.62,10.8,37.68,0,none,0.0
2028-06-14,M02,CNC,0.93,46.09,5.46,22.2,897.7,idle,37.65,17.9,37.65,0,none,0.0
2028-06-15,M02,CNC,0.93,43.96,5.45,23.2,870.1,idle,37.83,17.8,37.46,0,none,0.0
2028-06-16,M02,CNC,1.97,60.55,13.69,66.2,3085.3,normal,37.97,8.2,37.33,0,none,0.0
2028-06-17,M02,CNC,1.83,54.56,15.49,64.2,2875.7,normal,38.43,16.2,36.86,0,none,0.0
2028-06-18,M02,CNC,0.86,48.24,4.15,25.7,905.7,idle,38.75,13.7,36.55,0,none,0.0
2028-06-19,M02,CNC,0.75,47.12,4.58,22.4,904.8,idle,39.08,8.4,36.21,0,none,0.0
2028-06-20,M02,CNC,0.99,41.27,4.63,22.9,876.3,idle,39.3,10.6,36.0,0,none,0.0
2028-06-21,M02,CNC,0.81,40.52,5.03,22.6,863.6,idle,39.8,10.3,35.5,0,none,0.0
2028-06-22,M02,CNC,0.94,48.03,4.73,21.8,894.7,idle,40.25,13.7,35.05,0,none,0.0
2028-06-23,M02,CNC,2.2,53.54,4.73,53.5,2828.4,normal,40.58,15.3,34.71,0,none,0.0
2028-06-24,M02,CNC,0.7,41.53,4.1,26.0,870.2,idle,41.0,12.8,34.3,0,none,0.0
2028-06-25,M02,CNC,0.74,42.41,5.4,23.1,870.2,idle,41.28,14.9,34.01,0,none,0.0
2028-06-26,M02,CNC,0.96,43.95,4.5,21.2,876.5,idle,41.62,9.0,33.68,0,none,0.0
2028-06-27,M02,CNC,2.24,60.16,11.38,73.9,2819.8,normal,41.98,15.3,33.31,0,none,0.0
2028-06-28,M02,CNC,2.07,56.11,15.59,66.3,2999.2,normal,42.32,15.8,32.98,0,none,0.0
2028-06-29,M02,CNC,2.16,51.91,9.88,63.6,2847.3,normal,42.75,16.8,32.55,0,none,0.0
2028-06-30,M02,CNC,2.04,61.41,9.6,73.2,2913.8,normal,43.0,16.7,32.3,0,none,0.0
2028-07-01,M02,CNC,0.85,45.63,4.47,21.8,901.3,idle,43.48,15.5,31.81,0,none,0.0
2028-07-02,M02,CNC,0.85,52.89,4.47,86.1,2905.0,normal,43.97,8.1,31.33,0,none,0.0
2028-07-03,M02,CNC,2.57,55.39,10.32,74.4,2957.5,normal,44.4,8.5,30.9,0,none,0.0
2028-07-04,M02,CNC,2.08,56.78,14.68,74.4,2829.1,normal,44.7,13.4,30.6,0,none,0.0
2028-07-05,M02,CNC,2.57,60.54,14.65,75.9,2845.8,normal,44.8,15.0,30.5,0,none,0.0
2028-07-06,M02,CNC,2.79,60.16,9.66,67.7,2899.9,normal,44.9,15.3,30.4,0,none,0.0
2028-07-07,M02,CNC,3.74,61.67,23.91,108.7,4039.3,peak,45.13,15.5,30.16,0,none,0.0
2028-07-08,M02,CNC,3.09,64.68,9.57,75.7,2923.8,normal,45.47,10.2,29.83,0,none,0.0
2028-07-09,M02,CNC,0.96,42.52,5.47,23.7,905.5,idle,45.65,9.5,29.65,0,none,0.0
2028-07-10,M02,CNC,1.92,52.75,14.43,52.8,3045.1,normal,45.85,13.7,29.45,0,none,0.0
2028-07-11,M02,CNC,1.82,59.86,11.87,75.2,3008.8,normal,45.9,10.6,29.4,0,none,0.0
2028-07-12,M02,CNC,2.28,51.62,9.95,74.4,2956.2,normal,46.13,15.7,29.16,0,none,0.0
2028-07-13,M02,CNC,0.92,45.1,4.63,22.4,851.9,idle,46.23,12.8,29.06,0,none,0.0
2028-07-14,M02,CNC,2.27,64.64,15.18,64.5,2976.3,normal,46.37,14.5,28.93,0,none,0.0
2028-07-15,M02,CNC,2.99,56.62,9.62,54.8,2953.1,normal,46.5,18.0,28.8,0,none,0.0
2028-07-16,M02,CNC,3.16,60.4,9.96,59.2,3031.4,normal,46.8,8.7,28.5,0,none,0.0
2028-07-17,M02,CNC,2.98,59.27,13.69,53.1,3048.6,normal,47.23,14.8,28.06,0,none,0.0
2028-07-18,M02,CNC,2.9,53.89,14.11,60.2,2812.1,normal,47.57,14.7,27.73,0,none,0.0
2028-07-19,M02,CNC,2.08,52.68,11.7,67.9,2952.6,normal,47.82,9.9,27.48,0,none,0.0
2028-07-20,M02,CNC,2.47,54.06,9.69,75.0,2918.7,normal,48.03,8.2,27.26,0,none,0.0
2028-07-21,M02,CNC,2.22,54.06,14.35,84.6,2948.5,normal,48.22,11.5,27.08,0,none,0.0
2028-07-22,M02,CNC,3.3,54.06,20.06,101.6,3819.5,peak,48.68,12.4,26.61,0,none,0.0
2028-07-23,M02,CNC,2.96,51.89,15.37,84.8,2939.4,normal,48.78,17.2,26.51,0,none,0.0
2028-07-24,M02,CNC,2.84,59.29,14.72,68.4,3035.7,normal,48.93,11.7,26.36,0,none,0.0
2028-07-25,M02,CNC,0.84,49.41,4.73,22.8,905.0,idle,49.37,8.9,25.93,0,none,0.0
2028-07-26,M02,CNC,2.95,58.32,10.67,69.8,3090.4,normal,49.78,17.5,25.51,0,none,0.0
2028-07-27,M02,CNC,0.93,48.11,4.05,22.8,895.3,idle,49.88,16.2,25.41,0,none,0.0
2028-07-28,M02,CNC,2.96,50.74,15.04,72.8,2859.2,normal,49.92,16.0,25.38,0,none,0.0
2028-07-29,M02,CNC,2.24,54.23,12.95,54.0,2847.6,normal,50.1,8.2,25.2,0,none,0.0
2028-07-30,M02,CNC,0.94,54.23,4.35,22.7,886.2,idle,50.23,10.1,25.06,0,none,0.0
2028-07-31,M02,CNC,2.87,56.71,14.63,75.5,2833.9,normal,50.55,10.6,24.75,0,none,0.0
2028-08-01,M02,CNC,2.02,56.56,12.08,80.2,2974.2,normal,50.83,17.9,24.46,0,none,0.0
2028-08-02,M02,CNC,0.82,41.71,4.34,23.4,879.6,idle,51.23,8.2,24.06,0,none,0.0
2028-08-03,M02,CNC,3.61,60.9,24.63,107.8,3877.4,peak,51.57,13.3,23.73,0,none,0.0
2028-08-04,M02,CNC,2.49,64.63,11.67,74.6,2827.1,normal,51.73,10.8,23.56,0,none,0.0
2028-08-05,M02,CNC,0.88,40.9,5.44,24.3,905.2,idle,52.18,10.7,23.11,0,none,0.0
2028-08-06,M02,CNC,0.91,45.9,4.67,25.1,917.0,idle,52.45,8.1,22.85,0,none,0.0
2028-08-07,M02,CNC,0.85,49.32,4.87,23.2,881.8,idle,52.68,14.6,22.61,0,none,0.0
2028-08-08,M02,CNC,2.09,50.06,11.07,71.4,2914.0,normal,53.07,9.1,22.23,0,none,0.0
2028-08-09,M02,CNC,0.83,49.81,4.53,22.7,859.4,idle,53.25,14.5,22.05,0,none,0.0
2028-08-10,M02,CNC,3.24,71.18,4.53,106.4,3845.0,peak,53.4,13.1,21.9,0,none,0.0
2028-08-11,M02,CNC,2.6,53.8,10.98,52.4,2839.1,normal,53.8,11.2,21.5,0,none,0.0
2028-08-12,M02,CNC,2.23,51.75,15.91,63.7,2839.1,normal,54.28,8.9,21.01,0,none,0.0
2028-08-13,M02,CNC,2.08,58.82,9.92,84.8,3088.4,normal,54.42,12.6,20.88,0,none,0.0
2028-08-14,M02,CNC,2.08,56.75,9.64,76.3,2924.2,normal,54.82,10.5,20.48,0,none,0.0
2028-08-15,M02,CNC,2.18,53.1,13.75,67.8,2924.2,normal,55.12,12.9,20.18,0,none,0.0
2028-08-16,M02,CNC,2.76,58.48,15.08,56.5,3035.7,normal,55.53,11.5,19.76,0,none,0.0
2028-08-17,M02,CNC,2.74,51.73,14.02,68.8,3083.5,normal,55.75,11.0,19.55,0,none,0.0
2028-08-18,M02,CNC,2.0,59.64,11.98,88.4,2899.0,normal,56.05,8.6,19.25,0,none,0.0
2028-08-19,M02,CNC,0.99,49.01,4.41,24.8,919.7,idle,56.22,16.9,19.08,0,none,0.0
2028-08-20,M02,CNC,3.4,65.43,23.2,99.4,3804.6,peak,56.68,17.4,18.61,0,none,0.0
2028-08-21,M02,CNC,2.11,54.23,12.38,58.5,3062.0,normal,56.85,11.4,18.45,0,none,0.0
2028-08-22,M02,CNC,0.91,54.23,4.98,23.9,916.9,idle,57.08,8.9,18.21,0,none,0.0
2028-08-23,M02,CNC,0.7,42.48,5.39,25.6,900.4,idle,57.32,14.8,17.98,0,none,0.0
2028-08-24,M02,CNC,0.93,40.91,4.77,21.4,862.7,idle,57.8,10.3,17.5,0,none,0.0
2028-08-25,M02,CNC,0.94,41.35,4.7,25.6,863.0,idle,57.95,12.3,17.35,0,none,0.0
2028-08-26,M02,CNC,3.17,64.91,13.11,58.5,2894.8,normal,58.13,11.3,17.16,0,none,0.0
2028-08-27,M02,CNC,0.83,43.09,4.42,58.5,860.7,idle,58.45,14.5,16.85,0,none,0.0
2028-08-28,M02,CNC,0.92,40.0,4.89,25.5,870.2,idle,58.78,16.0,16.51,0,none,0.0
2028-08-29,M02,CNC,0.76,46.52,5.07,24.1,872.4,idle,59.27,14.9,16.03,0,none,0.0
2028-08-30,M02,CNC,0.78,49.56,5.38,22.7,909.2,idle,59.77,9.4,15.53,0,none,0.0
2028-08-31,M02,CNC,0.84,44.24,4.24,22.6,887.6,idle,60.2,17.3,15.1,0,none,0.0
2028-09-01,M02,CNC,0.71,44.44,5.17,24.1,894.5,idle,60.32,13.6,14.98,0,none,0.0
2028-09-02,M02,CNC,0.97,40.18,4.84,24.7,887.9,idle,60.73,11.2,14.56,0,none,0.0
2028-09-03,M02,CNC,0.8,41.36,5.33,22.8,911.5,idle,61.23,8.3,14.06,0,none,0.0
2028-09-04,M02,CNC,2.62,60.11,14.73,77.0,2919.4,normal,61.43,12.1,13.86,0,none,0.0
2028-09-05,M02,CNC,0.85,48.03,4.56,22.3,856.7,idle,61.68,15.5,13.61,0,none,0.0
2028-09-06,M02,CNC,3.08,51.37,13.71,67.7,2921.7,normal,62.15,17.3,13.15,0,none,0.0
2028-09-07,M02,CNC,0.9,51.37,4.89,24.6,908.0,idle,62.32,9.9,12.98,0,none,0.0
2028-09-08,M02,CNC,0.75,48.97,4.98,25.3,884.0,idle,62.42,15.6,12.88,0,none,0.0
2028-09-09,M02,CNC,0.86,49.19,5.35,22.7,869.2,idle,62.77,14.1,12.53,0,none,0.0
2028-09-10,M02,CNC,0.82,43.88,4.43,21.6,910.3,idle,63.12,10.3,12.18,0,none,0.0
2028-09-11,M02,CNC,0.72,46.78,4.26,22.1,854.3,idle,63.5,8.8,11.8,0,none,0.0
2028-09-12,M02,CNC,0.78,47.68,5.33,21.3,882.5,idle,63.93,13.0,11.36,0,none,0.0
2028-09-13,M02,CNC,0.84,48.74,5.14,23.1,897.0,idle,64.28,14.5,11.01,0,none,0.0
2028-09-14,M02,CNC,2.99,50.14,12.12,86.5,3022.1,normal,64.4,12.9,10.9,0,none,0.0
2028-09-15,M02,CNC,0.86,45.3,4.52,23.1,895.9,idle,64.5,10.3,10.8,0,none,0.0
2028-09-16,M02,CNC,0.83,47.14,5.29,20.9,881.6,idle,64.75,8.2,10.55,0,none,0.0
2028-09-17,M02,CNC,2.37,60.31,11.12,76.3,3063.2,normal,64.92,10.2,10.38,0,none,0.0
2028-09-18,M02,CNC,3.53,73.49,27.93,96.6,3869.9,peak,65.3,15.6,10.0,0,none,0.0
2028-09-19,M02,CNC,3.13,73.49,10.14,52.6,2848.3,normal,65.37,17.5,9.93,0,none,0.0
2028-09-20,M02,CNC,1.0,41.8,4.75,25.1,851.4,idle,65.63,12.9,9.66,0,none,0.0
2028-09-21,M02,CNC,0.88,42.77,4.75,21.7,898.1,idle,65.83,16.9,9.46,0,none,0.0
2028-09-22,M02,CNC,2.74,42.77,9.73,67.5,2886.8,normal,66.08,8.4,9.21,0,none,0.0
2028-09-23,M02,CNC,0.94,48.0,4.69,67.5,892.3,idle,66.5,15.2,8.8,0,none,0.0
2028-09-24,M02,CNC,2.96,56.38,11.29,62.1,2960.9,normal,66.73,15.4,8.56,0,none,0.0
2028-09-25,M02,CNC,2.43,56.6,10.09,79.3,2864.1,normal,67.08,14.4,8.21,0,none,0.0
2028-09-26,M02,CNC,0.76,44.13,4.34,23.5,876.0,idle,67.48,13.2,7.81,0,none,0.0
2028-09-27,M02,CNC,2.43,58.06,10.82,57.9,3064.1,normal,67.75,16.8,7.55,0,none,0.0
2028-09-28,M02,CNC,3.55,65.01,18.36,102.5,3966.2,peak,68.25,13.2,7.05,0,none,0.0
2028-09-29,M02,CNC,3.65,70.02,19.77,98.8,4043.2,peak,68.48,8.4,6.81,0,none,0.0
2028-09-30,M02,CNC,3.13,52.04,12.73,60.1,2818.0,normal,68.72,14.3,6.58,0,none,0.0
2028-10-01,M02,CNC,2.26,52.16,14.11,72.3,2843.2,normal,68.77,12.4,6.53,0,none,0.0
2028-10-02,M02,CNC,1.81,62.12,10.65,75.0,2901.1,normal,69.27,16.3,6.03,0,none,0.0
2028-10-03,M02,CNC,2.62,54.73,10.07,60.5,2856.4,normal,69.53,10.9,5.76,0,none,0.0
2028-10-04,M02,CNC,0.83,46.58,4.4,20.1,886.3,idle,69.58,17.0,5.71,0,none,0.0
2028-10-05,M02,CNC,0.88,49.63,4.88,22.8,890.1,idle,69.85,12.5,5.45,0,none,0.0
2028-10-06,M02,CNC,3.1,62.43,11.6,61.0,2878.8,normal,70.27,9.8,5.03,0,none,0.0
2028-10-07,M02,CNC,3.6,70.65,23.03,96.0,4017.1,peak,70.6,15.0,4.7,0,none,0.0
2028-10-08,M02,CNC,2.93,54.34,13.82,68.2,3066.7,normal,70.7,11.2,4.6,0,none,0.0
2028-10-09,M02,CNC,2.98,57.88,13.99,85.6,2948.7,normal,70.73,13.9,4.56,0,none,0.0
2028-10-10,M02,CNC,0.79,47.54,4.33,22.3,910.6,idle,71.13,16.8,4.16,0,none,0.0
2028-10-11,M02,CNC,2.81,56.06,10.9,65.5,2885.2,normal,71.2,14.9,4.1,0,none,0.0
2028-10-12,M02,CNC,0.75,47.43,4.38,22.7,877.0,idle,71.6,15.2,3.7,0,none,0.0
2028-10-13,M02,CNC,3.17,55.87,10.02,55.4,2977.2,normal,71.68,15.1,3.61,0,none,0.0
2028-10-14,M02,CNC,2.64,56.28,12.31,54.0,2955.0,normal,72.05,13.2,3.25,0,none,0.0
2028-10-15,M02,CNC,0.85,41.5,4.16,20.7,857.1,idle,72.28,17.8,3.01,0,none,0.0
2028-10-16,M02,CNC,3.69,61.34,20.51,97.6,4087.3,peak,72.63,11.8,2.66,0,none,0.0
2028-10-17,M02,CNC,3.0,53.46,11.63,60.0,2947.6,normal,72.87,9.7,2.43,0,none,0.0
2028-10-18,M02,CNC,1.83,60.07,12.9,86.2,2849.3,normal,73.07,14.6,2.23,0,none,0.0
2028-10-19,M02,CNC,2.93,61.88,10.33,67.2,2851.1,normal,73.17,9.4,2.13,0,none,0.0
2028-10-20,M02,CNC,0.78,42.63,4.83,22.5,916.3,idle,73.6,12.2,1.7,0,none,0.0
2028-10-21,M02,CNC,0.74,49.74,4.35,24.6,873.7,idle,73.78,17.6,1.51,0,none,0.0
2028-10-22,M02,CNC,2.0,62.87,11.51,77.0,2969.9,normal,73.97,9.2,1.33,0,none,0.0
2028-10-23,M02,CNC,3.58,66.43,25.32,77.0,4000.4,peak,74.07,8.0,1.23,0,none,0.0
2028-10-24,M02,CNC,3.05,50.87,10.41,77.0,2931.2,normal,74.5,12.6,0.8,0,none,0.0
2028-10-25,M02,CNC,2.36,52.05,12.79,56.8,2943.0,normal,74.98,16.1,0.5,0,none,0.0
2028-10-26,M02,CNC,0.93,42.58,4.72,25.9,898.1,idle,75.33,10.4,0.5,0,none,0.0
2028-10-27,M02,CNC,0.95,44.15,5.15,20.2,858.6,idle,75.67,12.5,0.5,0,none,0.0
2028-10-28,M02,CNC,2.08,56.03,15.0,65.2,2996.4,normal,75.93,14.0,0.5,0,none,0.0
2028-10-29,M02,CNC,0.91,45.86,4.54,23.5,874.0,idle,76.08,10.8,0.5,0,none,0.0
2028-10-30,M02,CNC,1.92,64.89,10.33,54.8,3063.6,normal,76.45,16.3,0.5,0,none,0.0
2028-10-31,M02,CNC,2.22,59.75,11.64,66.9,2878.6,normal,76.5,8.6,0.5,0,none,0.0
2028-11-01,M02,CNC,2.28,56.16,14.18,71.4,3083.1,normal,76.72,16.5,0.5,0,none,0.0
2028-11-02,M02,CNC,1.86,57.55,13.3,71.4,2814.8,normal,77.1,14.0,0.5,0,none,0.0
2028-11-03,M02,CNC,3.66,72.51,20.42,108.1,3805.7,peak,77.3,8.5,0.5,0,none,0.0
2028-11-04,M02,CNC,3.79,73.86,24.57,101.6,3813.5,peak,77.55,9.6,0.5,0,none,0.0
2028-11-05,M02,CNC,3.09,57.05,9.69,78.2,2944.6,normal,77.73,14.9,0.5,0,none,0.0
2028-11-06,M02,CNC,1.97,53.21,9.92,73.8,2986.6,normal,78.08,13.6,0.5,0,none,0.0
2028-11-07,M02,CNC,0.85,48.17,5.29,23.7,850.9,idle,78.35,11.6,0.5,0,none,0.0
2028-11-08,M02,CNC,2.77,56.27,13.18,76.7,2905.1,normal,78.4,11.0,0.5,0,none,0.0
2028-11-09,M02,CNC,0.98,41.34,5.01,20.0,914.7,idle,78.62,16.2,0.5,0,none,0.0
2028-11-10,M02,CNC,1.96,51.42,11.66,66.2,2864.3,normal,79.05,13.5,0.5,0,none,0.0
2028-11-11,M02,CNC,2.62,56.64,9.72,64.2,3043.1,normal,79.23,9.2,0.5,0,none,0.0
2028-11-12,M02,CNC,2.77,60.87,14.04,63.8,2829.9,normal,79.72,13.3,0.5,0,none,0.0
2028-11-13,M02,CNC,2.18,62.48,15.87,70.8,2802.9,normal,80.02,10.1,0.5,0,none,0.0
2028-11-14,M02,CNC,2.0,54.83,13.26,54.9,3083.0,normal,80.07,15.3,0.5,0,none,0.0
2028-11-15,M02,CNC,2.0,63.69,14.57,80.7,2982.0,normal,80.43,8.9,0.5,0,none,0.0
2028-11-16,M02,CNC,0.89,46.38,4.94,23.3,919.0,idle,80.85,17.3,0.5,0,none,0.0
2028-11-17,M02,CNC,0.92,47.77,5.31,21.3,855.9,idle,81.25,14.1,0.5,0,none,0.0
2028-11-18,M02,CNC,0.84,45.14,5.24,22.7,890.0,idle,81.45,13.8,0.5,0,none,0.0
2028-11-19,M02,CNC,0.86,40.38,4.92,25.0,861.0,idle,81.8,9.3,0.5,0,none,0.0
2028-11-20,M02,CNC,0.88,45.94,4.25,20.7,918.6,idle,82.13,15.3,0.5,0,none,0.0
2028-11-21,M02,CNC,0.82,42.27,4.26,24.0,892.7,idle,82.42,9.8,0.5,0,none,0.0
2028-11-22,M02,CNC,0.89,40.88,5.34,22.3,871.9,idle,82.77,10.9,0.5,0,none,0.0
2028-11-23,M02,CNC,0.84,40.88,5.3,22.3,871.9,idle,82.9,8.2,0.5,0,none,0.0
2028-11-24,M02,CNC,0.96,47.82,5.4,21.5,890.4,idle,83.27,15.4,0.5,0,none,0.0
2028-11-25,M02,CNC,0.78,48.24,4.01,23.4,873.7,idle,83.4,18.0,0.5,0,none,0.0
2028-11-26,M02,CNC,0.8,46.45,5.28,23.7,909.7,idle,83.65,11.5,0.5,0,none,0.0
2028-11-27,M02,CNC,0.78,45.2,4.68,20.1,889.0,idle,84.1,8.1,0.5,0,none,0.0
2028-11-28,M02,CNC,0.9,45.92,5.1,23.4,854.7,idle,84.23,10.5,0.5,0,none,0.0
2028-11-29,M02,CNC,0.73,45.96,4.41,23.4,880.1,idle,84.3,13.1,0.5,0,none,0.0
2028-11-30,M02,CNC,0.87,43.29,5.08,23.9,873.3,idle,84.5,9.1,0.5,0,none,0.0
2028-12-01,M02,CNC,0.93,46.49,4.96,23.3,850.8,idle,84.7,15.2,0.5,0,none,0.0
2028-12-02,M02,CNC,2.78,55.64,15.63,83.1,2976.3,normal,85.05,16.3,0.5,0,none,0.0
2028-12-03,M02,CNC,0.78,42.04,4.51,22.9,870.7,idle,85.18,11.4,0.5,0,none,0.0
2028-12-04,M02,CNC,0.85,41.65,5.47,20.6,915.2,idle,85.57,12.7,0.5,0,none,0.0
2028-12-05,M02,CNC,0.97,45.25,5.09,22.6,894.1,idle,85.62,12.8,0.5,0,none,0.0
2028-12-06,M02,CNC,0.8,43.01,4.87,23.0,890.6,idle,85.98,16.7,0.5,0,none,0.0
2028-12-07,M02,CNC,0.79,43.67,4.13,20.3,867.7,idle,86.48,15.8,0.5,0,none,0.0
2028-12-08,M02,CNC,1.9,51.56,14.78,53.5,2997.7,normal,86.73,8.6,0.5,0,none,0.0
2028-12-09,M02,CNC,0.78,48.72,4.73,21.8,886.2,idle,87.03,15.2,0.5,0,none,0.0
2028-12-10,M02,CNC,0.81,45.64,4.17,26.0,879.8,idle,87.23,8.2,0.5,0,none,0.0
2028-12-11,M02,CNC,0.8,47.1,4.55,25.0,881.8,idle,87.57,16.0,0.5,0,none,0.0
2028-12-12,M02,CNC,0.92,41.07,5.27,24.4,864.8,idle,88.07,8.7,0.5,0,none,0.0
2028-12-13,M02,CNC,0.74,43.16,5.46,21.5,881.9,idle,88.17,8.3,0.5,0,none,0.0
2028-12-14,M02,CNC,0.71,43.97,4.86,25.7,886.2,idle,88.4,16.4,0.5,0,none,0.0
2028-12-15,M02,CNC,0.95,45.47,4.06,21.9,890.3,idle,88.73,9.9,0.5,0,none,0.0
2028-12-16,M02,CNC,3.13,62.89,10.98,60.4,2860.3,normal,88.82,15.5,0.5,0,none,0.0
2028-12-17,M02,CNC,0.98,48.53,5.16,22.4,885.3,idle,89.22,15.1,0.5,0,none,0.0
2028-12-18,M02,CNC,2.45,53.8,12.78,53.2,2839.5,normal,89.38,13.0,0.5,0,none,0.0
2028-12-19,M02,CNC,3.04,61.28,12.25,71.7,2911.0,normal,89.53,16.3,0.5,0,none,0.0
2028-12-20,M02,CNC,2.84,61.76,14.46,79.5,2861.3,normal,89.72,11.0,0.5,0,none,0.0
2028-12-21,M02,CNC,2.27,57.05,11.65,80.7,2898.8,normal,89.8,8.4,0.5,0,none,0.0
2028-12-22,M02,CNC,3.31,64.78,27.8,98.4,3983.7,peak,89.93,12.4,0.5,0,none,0.0
2028-12-23,M02,CNC,0.83,40.71,4.73,24.2,885.9,idle,89.97,17.0,0.5,0,none,0.0
2028-12-24,M02,CNC,0.83,54.33,10.06,87.6,2913.5,normal,90.07,17.2,0.5,0,none,0.0
2028-12-25,M02,CNC,0.87,47.92,4.49,87.6,859.5,idle,90.48,11.1,0.5,0,none,0.0
2028-12-26,M02,CNC,2.21,52.17,14.77,60.5,3015.2,normal,90.68,16.7,0.5,0,none,0.0
2028-12-27,M02,CNC,3.95,66.97,23.4,101.9,3897.8,peak,91.15,13.2,0.5,0,none,0.0
2028-12-28,M02,CNC,2.47,59.04,15.91,87.6,3058.7,normal,91.25,8.4,0.5,0,none,0.0
2028-12-29,M02,CNC,0.97,44.68,4.99,25.4,877.5,idle,91.48,13.2,0.5,0,none,0.0
2028-12-30,M02,CNC,3.15,56.24,13.41,79.0,3085.2,normal,91.52,8.4,0.5,0,none,0.0
2028-12-31,M02,CNC,2.14,61.19,12.89,62.2,3033.0,normal,92.0,8.9,0.5,0,none,0.0
2029-01-01,M02,CNC,0.87,46.61,4.48,22.9,893.2,idle,92.27,9.0,0.5,0,none,0.0
2029-01-02,M02,CNC,0.82,41.98,5.44,23.1,901.4,idle,92.7,11.1,0.5,0,none,0.0
2029-01-03,M02,CNC,0.82,43.55,4.61,22.5,888.1,idle,93.03,14.4,0.5,0,none,0.0
2029-01-04,M02,CNC,2.56,57.46,10.38,70.8,2850.7,normal,93.17,9.9,0.5,0,none,0.0
2029-01-05,M02,CNC,1.98,63.99,13.43,77.1,2920.5,normal,93.33,15.7,0.5,0,none,0.0
2029-01-06,M02,CNC,3.07,59.57,14.5,66.0,2920.5,normal,93.72,9.5,0.5,0,none,0.0
2029-01-07,M02,CNC,2.95,62.81,10.62,62.3,2885.7,normal,93.88,17.6,0.5,0,none,0.0
2029-01-08,M02,CNC,2.18,62.83,9.71,54.9,2882.2,normal,94.2,10.1,0.5,0,none,0.0
2029-01-09,M02,CNC,2.08,53.48,14.69,73.4,2801.7,normal,94.42,10.7,0.5,0,none,0.0
2029-01-10,M02,CNC,0.83,44.08,4.17,24.1,899.1,idle,94.82,13.7,0.5,0,none,0.0
2029-01-11,M02,CNC,2.81,60.93,9.5,88.2,3044.3,normal,94.93,14.1,0.5,0,none,0.0
2029-01-12,M02,CNC,3.07,50.23,15.57,82.8,3051.2,normal,95.13,8.5,0.5,0,none,0.0
2029-01-13,M02,CNC,1.93,61.08,15.74,77.8,2971.2,normal,95.17,14.8,0.5,0,none,0.0
2029-01-14,M02,CNC,3.12,56.64,13.4,70.1,3079.8,normal,95.25,8.9,0.5,0,none,0.0
2029-01-15,M02,CNC,1.91,57.52,13.97,82.1,2974.9,normal,95.48,14.0,0.5,0,none,0.0
2029-01-16,M02,CNC,3.07,64.13,9.92,67.3,2807.0,normal,95.82,14.9,0.5,0,none,0.0
2029-01-17,M02,CNC,2.26,58.05,15.42,84.2,2838.2,normal,96.08,11.1,0.5,0,none,0.0
2029-01-18,M02,CNC,1.93,58.84,12.96,62.1,3069.8,normal,96.55,15.6,0.5,0,none,0.0
2029-01-19,M02,CNC,3.1,56.04,15.29,66.6,3021.1,normal,97.0,17.7,0.5,0,none,0.0
2029-01-20,M02,CNC,0.84,56.04,5.39,22.7,901.4,idle,97.43,13.7,0.5,0,none,0.0
2029-01-21,M02,CNC,0.81,40.19,4.15,23.0,898.3,idle,97.5,17.2,0.5,0,none,0.0
2029-01-22,M02,CNC,2.27,60.43,14.04,78.8,2947.8,normal,97.77,11.1,0.5,0,none,0.0
2029-01-23,M02,CNC,0.97,44.89,4.68,21.2,871.5,idle,98.13,12.7,0.5,0,none,0.0
2029-01-24,M02,CNC,3.23,68.77,20.49,21.2,4031.2,peak,98.28,9.4,0.5,0,none,0.0
2029-01-25,M02,CNC,2.26,53.63,10.6,81.4,2838.9,normal,98.78,17.1,0.5,0,none,0.0
2029-01-26,M02,CNC,2.44,57.6,13.97,76.1,3043.2,normal,99.02,17.2,0.5,0,none,0.0
2029-01-27,M02,CNC,0.71,42.96,4.42,20.9,870.2,idle,99.22,16.8,0.5,0,none,0.0
2029-01-28,M02,CNC,2.23,57.83,13.81,66.5,3015.8,normal,99.48,8.7,0.5,0,none,0.0
2029-01-29,M02,CNC,2.27,54.35,13.02,52.9,2823.9,normal,99.57,12.6,0.5,0,none,0.0
2029-01-30,M02,CNC,2.39,64.14,14.19,55.4,3053.9,normal,99.68,11.5,0.5,0,none,0.0
2029-01-31,M02,CNC,2.83,59.16,14.83,67.4,2866.4,normal,100.02,9.0,0.5,0,none,0.0
2029-02-01,M02,CNC,0.85,45.49,4.81,23.4,916.4,idle,100.48,9.1,0.5,0,none,0.0
2029-02-02,M02,CNC,3.06,63.14,14.71,87.8,2829.6,normal,100.8,15.9,0.5,0,none,0.0
2029-02-03,M02,CNC,2.17,57.43,15.0,71.2,3024.4,normal,101.12,13.9,0.5,0,none,0.0
2029-02-04,M02,CNC,1.99,53.79,14.26,58.3,2905.4,normal,101.27,13.5,0.5,0,none,0.0
2029-02-05,M02,CNC,2.17,55.25,14.1,66.0,2966.6,normal,101.55,11.4,0.5,0,none,0.0
2029-02-06,M02,CNC,0.73,48.05,4.55,23.9,900.8,idle,102.02,12.3,0.5,0,none,0.0
2029-02-07,M02,CNC,2.09,63.27,13.51,68.3,2854.7,normal,102.27,11.4,0.5,0,none,0.0
2029-02-08,M02,CNC,3.12,61.33,10.85,64.8,3042.9,normal,102.67,14.6,0.5,0,none,0.0
2029-02-09,M02,CNC,0.91,47.66,4.66,24.3,877.0,idle,102.73,15.1,0.5,0,none,0.0
2029-02-10,M02,CNC,2.1,59.49,15.84,63.8,2938.3,normal,103.2,13.9,0.5,0,none,0.0
2029-02-11,M02,CNC,2.74,59.49,14.98,81.0,2817.5,normal,103.47,9.0,0.5,0,none,0.0
2029-02-12,M02,CNC,3.2,61.29,15.12,76.8,3056.9,normal,103.73,17.6,0.5,0,none,0.0
2029-02-13,M02,CNC,1.96,55.22,15.2,59.7,2823.5,normal,103.8,14.9,0.5,0,none,0.0
2029-02-14,M02,CNC,1.96,48.35,4.24,25.1,898.1,idle,104.15,11.8,0.5,0,none,0.0
2029-02-15,M02,CNC,2.53,62.45,12.23,59.4,2885.5,normal,104.43,8.6,0.5,0,none,0.0
2029-02-16,M02,CNC,0.85,45.31,5.21,24.8,890.7,idle,104.57,16.9,0.5,0,none,0.0
2029-02-17,M02,CNC,0.93,41.92,4.08,25.2,855.3,idle,105.07,16.1,0.5,0,none,0.0
2029-02-18,M02,CNC,0.77,46.95,4.61,25.3,870.9,idle,105.5,9.5,0.5,0,none,0.0
2029-02-19,M02,CNC,0.7,43.01,4.87,22.3,887.4,idle,105.82,14.2,0.5,0,none,0.0
2029-02-20,M02,CNC,0.96,49.12,4.4,22.8,888.4,idle,106.08,14.8,0.5,0,none,0.0
2029-02-21,M02,CNC,0.98,49.99,4.35,24.4,876.5,idle,106.28,15.9,0.5,0,none,0.0
2029-02-22,M02,CNC,0.7,40.09,4.69,22.9,851.6,idle,106.67,17.4,0.5,0,none,0.0
2029-02-23,M02,CNC,0.91,42.94,4.84,21.8,861.7,idle,106.92,17.2,0.5,0,none,0.0
2029-02-24,M02,CNC,0.82,42.32,4.8,21.2,885.6,idle,106.98,14.1,0.5,0,none,0.0
2029-02-25,M02,CNC,0.75,46.71,5.13,20.7,882.8,idle,107.28,9.3,0.5,0,none,0.0
2029-02-26,M02,CNC,0.72,45.98,4.4,23.2,886.2,idle,107.47,17.0,0.5,0,none,0.0
2029-02-27,M02,CNC,0.98,45.49,4.87,22.4,916.4,idle,107.52,13.6,0.5,0,none,0.0
2029-02-28,M02,CNC,0.93,42.85,5.27,22.6,908.0,idle,107.73,10.8,0.5,0,none,0.0
2029-03-01,M02,CNC,0.95,41.89,5.05,21.7,870.8,idle,107.77,15.0,0.5,0,none,0.0
2029-03-02,M02,CNC,0.79,47.26,4.34,20.0,900.1,idle,108.0,15.1,0.5,0,none,0.0
2029-03-03,M02,CNC,0.75,41.04,4.36,22.3,883.3,idle,108.23,13.5,0.5,0,none,0.0
2029-03-04,M02,CNC,0.71,49.71,5.07,21.9,872.3,idle,108.62,9.4,0.5,0,none,0.0
2029-03-05,M02,CNC,0.83,46.26,4.22,21.1,910.2,idle,108.93,17.2,0.5,0,none,0.0
2029-03-06,M02,CNC,0.78,62.66,5.31,21.1,873.9,idle,109.4,10.9,0.5,0,none,0.0
2029-03-07,M02,CNC,0.91,40.2,5.1,22.9,906.9,idle,109.88,9.3,0.5,0,none,0.0
2029-03-08,M02,CNC,0.99,49.26,5.36,23.1,875.2,idle,109.95,9.4,0.5,0,none,0.0
2029-03-09,M02,CNC,0.84,46.9,5.33,21.2,914.3,idle,110.45,12.4,0.5,0,none,0.0
2029-03-10,M02,CNC,2.3,49.79,5.32,21.7,857.4,idle,110.55,14.4,0.5,0,none,0.0
2029-03-11,M02,CNC,1.96,54.37,13.49,82.6,3069.8,normal,110.8,16.9,0.5,0,none,0.0
2029-03-12,M02,CNC,0.89,40.06,4.28,20.6,875.4,idle,111.2,12.3,0.5,0,none,0.0
2029-03-13,M02,CNC,0.85,40.43,4.52,21.1,895.3,idle,111.32,12.2,0.5,0,none,0.0
2029-03-14,M02,CNC,0.84,44.95,4.64,25.7,865.0,idle,111.78,11.6,0.5,0,none,0.0
2029-03-15,M02,CNC,0.85,47.36,4.84,25.6,876.5,idle,111.9,8.1,0.5,0,none,0.0
2029-03-16,M02,CNC,0.84,40.89,4.91,21.7,861.2,idle,112.18,10.4,0.5,0,none,0.0
2029-03-17,M02,CNC,0.86,45.32,4.11,24.2,893.7,idle,112.48,17.3,0.5,0,none,0.0
2029-03-18,M02,CNC,0.86,44.69,5.08,23.2,877.7,idle,112.82,17.8,0.5,0,none,0.0
2029-03-19,M02,CNC,2.25,59.16,15.6,77.5,2822.4,normal,113.15,11.7,0.5,0,none,0.0
2029-03-20,M02,CNC,2.44,63.36,10.11,89.6,3084.7,normal,113.48,14.9,0.5,0,none,0.0
2029-03-21,M02,CNC,0.72,49.33,4.54,25.1,879.3,idle,113.58,13.3,0.5,0,none,0.0
2029-03-22,M02,CNC,3.55,68.78,25.74,95.5,3977.9,peak,114.07,15.8,0.5,0,none,0.0
2029-03-23,M02,CNC,2.06,55.19,11.76,69.8,2900.2,normal,114.33,13.2,0.5,0,none,0.0
2029-03-24,M02,CNC,2.06,52.18,9.72,69.9,3086.3,normal,114.68,12.7,0.5,0,none,0.0
2029-03-25,M02,CNC,0.73,49.46,5.1,23.8,895.2,idle,115.1,14.7,0.5,0,none,0.0
2029-03-26,M02,CNC,2.96,51.6,12.78,78.5,2976.1,normal,115.48,16.0,0.5,0,none,0.0
2029-03-27,M02,CNC,2.97,51.08,13.99,72.3,2913.8,normal,115.67,17.0,0.5,0,none,0.0
2029-03-28,M02,CNC,0.8,46.21,5.34,23.0,907.7,idle,115.98,12.7,0.5,0,none,0.0
2029-03-29,M02,CNC,3.52,59.74,18.62,95.8,3914.1,peak,116.28,13.7,0.5,0,none,0.0
2029-03-30,M02,CNC,2.27,60.77,14.33,53.9,2866.3,normal,116.48,17.6,0.5,0,none,0.0
2029-03-31,M02,CNC,2.18,58.21,10.44,57.1,3083.1,normal,116.93,9.7,0.5,0,none,0.0
2029-04-01,M02,CNC,3.84,61.07,22.07,100.3,4037.3,peak,117.33,15.5,0.5,0,none,0.0
2029-04-02,M02,CNC,0.85,41.28,5.11,22.4,868.4,idle,117.75,10.6,0.5,0,none,0.0
2029-04-03,M02,CNC,2.33,57.47,11.73,61.2,2919.6,normal,118.12,9.7,0.5,0,none,0.0
2029-04-04,M02,CNC,0.71,47.72,4.26,20.3,895.8,idle,118.17,10.9,0.5,0,none,0.0
2029-04-05,M02,CNC,2.88,62.21,12.71,59.8,3021.2,normal,118.58,10.9,0.5,0,none,0.0
2029-04-06,M02,CNC,2.78,53.69,15.37,56.0,3094.8,normal,118.65,8.8,0.5,0,none,0.0
2029-04-07,M02,CNC,3.0,60.32,15.6,79.5,2857.1,normal,119.1,9.3,0.5,0,none,0.0
2029-04-08,M02,CNC,2.42,51.07,12.03,80.2,2915.9,normal,119.27,10.6,0.5,0,none,0.0
2029-04-09,M02,CNC,2.26,58.93,15.17,53.8,2915.9,normal,119.68,9.7,0.5,0,none,0.0
2029-04-10,M02,CNC,2.26,46.95,4.16,24.0,870.0,idle,120.02,14.6,0.5,0,none,0.0
2029-04-11,M02,CNC,0.76,49.36,4.03,22.6,851.5,idle,120.23,10.6,0.5,0,none,0.0
2029-04-12,M02,CNC,2.48,57.52,11.59,57.0,2912.9,normal,120.63,9.8,0.5,0,none,0.0
2029-04-13,M02,CNC,0.9,47.82,4.8,23.5,864.0,idle,120.93,11.4,0.5,0,none,0.0
2029-04-14,M02,CNC,3.43,60.75,20.49,98.4,3955.8,peak,121.0,14.0,0.5,0,none,0.0
2029-04-15,M02,CNC,2.59,64.17,10.77,76.4,3045.2,normal,121.47,13.0,0.5,0,none,0.0
2029-04-16,M02,CNC,0.87,42.55,4.39,20.2,871.4,idle,121.72,10.4,0.5,0,none,0.0
2029-04-17,M02,CNC,0.92,40.48,4.33,24.2,904.8,idle,121.98,9.7,0.5,0,none,0.0
2029-04-18,M02,CNC,0.84,46.98,4.58,21.0,877.9,idle,122.32,11.5,0.5,0,none,0.0
2029-04-19,M02,CNC,2.61,64.22,9.95,71.3,2898.7,normal,122.68,16.2,0.5,0,none,0.0
2029-04-20,M02,CNC,2.51,50.36,11.53,83.2,2966.2,normal,122.73,12.0,0.5,0,none,0.0
2029-04-21,M02,CNC,2.43,54.28,11.44,66.6,3050.7,normal,122.92,17.5,0.5,0,none,0.0
2029-04-22,M02,CNC,3.15,56.58,12.06,84.2,2928.1,normal,123.23,14.8,0.5,0,none,0.0
2029-04-23,M02,CNC,2.57,53.46,14.33,72.2,3042.7,normal,123.47,9.5,0.5,0,none,0.0
2029-04-24,M02,CNC,2.89,53.23,14.15,82.4,2903.8,normal,123.95,10.9,0.5,0,none,0.0
2029-04-25,M02,CNC,2.04,50.04,12.43,65.4,2966.5,normal,124.4,14.8,0.5,0,none,0.0
2029-04-26,M02,CNC,0.76,48.6,4.39,21.4,883.6,idle,124.7,8.4,0.5,0,none,0.0
2029-04-27,M02,CNC,0.76,53.23,11.27,58.5,3015.5,normal,125.02,17.6,0.5,0,none,0.0
2029-04-28,M02,CNC,2.88,56.93,14.14,80.0,2841.5,normal,125.27,14.5,0.5,0,none,0.0
2029-04-29,M02,CNC,3.15,62.32,10.83,59.1,2837.7,normal,125.43,10.7,0.5,0,none,0.0
2029-04-30,M02,CNC,1.99,61.22,12.55,81.8,3023.9,normal,125.52,13.8,0.5,0,none,0.0
2029-05-01,M02,CNC,0.88,46.86,4.03,21.9,894.6,idle,125.78,15.5,0.5,0,none,0.0
2029-05-02,M02,CNC,0.7,40.33,5.28,24.1,868.6,idle,126.2,15.7,0.5,0,none,0.0
2029-05-03,M02,CNC,2.76,61.89,11.49,53.4,3079.8,normal,126.5,14.9,0.5,0,none,0.0
2029-05-04,M02,CNC,5.46,51.6,12.7,81.2,2866.5,normal,126.62,8.1,0.5,0,none,0.0
2029-05-05,M02,CNC,0.78,42.43,5.49,81.2,890.3,idle,126.65,8.1,0.5,0,none,0.0
2029-05-06,M02,CNC,3.1,52.2,15.81,88.0,3065.4,normal,126.73,14.9,0.5,0,none,0.0
2029-05-07,M02,CNC,2.1,59.51,14.45,89.5,2854.1,normal,126.95,10.8,0.5,0,none,0.0
2029-05-08,M02,CNC,2.87,55.08,10.64,68.0,3038.2,normal,127.08,14.2,0.5,0,none,0.0
2029-05-09,M02,CNC,3.57,67.14,27.95,101.0,3984.6,peak,127.13,14.6,0.5,0,none,0.0
2029-05-10,M02,CNC,3.57,55.89,14.02,87.6,2962.7,normal,127.6,14.0,0.5,0,none,0.0
2029-05-11,M02,CNC,0.93,40.89,4.32,23.0,851.4,idle,127.68,9.2,0.5,0,none,0.0
2029-05-12,M02,CNC,2.15,57.76,9.6,62.0,2954.2,normal,128.17,11.8,0.5,0,none,0.0
2029-05-13,M02,CNC,0.87,49.26,4.97,22.5,2954.2,idle,128.6,13.7,0.5,0,none,0.0
2029-05-14,M02,CNC,0.94,42.0,4.2,24.1,889.2,idle,128.72,15.0,0.5,0,none,0.0
2029-05-15,M02,CNC,2.91,61.08,13.56,89.5,2960.1,normal,128.88,14.6,0.5,0,none,0.0
2029-05-16,M02,CNC,1.96,62.42,11.14,81.5,3087.1,normal,128.95,17.2,0.5,0,none,0.0
2029-05-17,M02,CNC,0.91,45.96,4.69,22.2,874.7,idle,129.12,14.9,0.5,0,none,0.0
2029-05-18,M02,CNC,0.89,47.51,5.02,21.2,884.6,idle,129.5,11.2,0.5,0,none,0.0
2029-05-19,M02,CNC,0.94,44.76,5.02,24.6,896.3,idle,129.62,10.8,0.5,0,none,0.0
2029-05-20,M02,CNC,0.82,48.95,4.24,24.6,858.3,idle,129.67,11.3,0.5,0,none,0.0
2029-05-21,M02,CNC,0.7,48.9,4.37,24.4,906.8,idle,129.72,16.1,0.5,0,none,0.0
2029-05-22,M02,CNC,0.96,49.92,4.44,24.3,858.1,idle,129.83,12.9,0.5,0,none,0.0
2029-05-23,M02,CNC,0.82,48.48,4.55,23.6,885.3,idle,129.97,9.8,0.5,0,none,0.0
2029-05-24,M02,CNC,0.89,49.73,4.08,23.4,910.4,idle,130.25,13.4,0.5,0,none,0.0
2029-05-25,M02,CNC,0.84,40.79,4.84,22.0,860.9,idle,130.5,14.4,0.5,0,none,0.0
2029-05-26,M02,CNC,0.95,45.22,5.4,24.8,898.5,idle,130.77,9.0,0.5,0,none,0.0
2029-05-27,M02,CNC,0.7,44.28,4.3,25.5,862.2,idle,130.83,15.3,0.5,0,none,0.0
2029-05-28,M02,CNC,0.79,45.17,4.4,21.3,891.9,idle,131.27,17.0,0.5,0,none,0.0
2029-05-29,M02,CNC,0.73,40.58,4.56,24.3,888.8,idle,131.37,8.0,0.5,0,none,0.0
2029-05-30,M02,CNC,0.83,45.66,4.55,25.6,853.8,idle,131.42,10.7,0.5,0,none,0.0
2029-05-31,M02,CNC,0.9,48.91,5.21,21.1,870.7,idle,131.82,11.9,0.5,0,none,0.0
2029-06-01,M02,CNC,0.92,40.84,5.22,24.3,901.1,idle,131.85,17.4,0.5,0,none,0.0
2029-06-02,M02,CNC,0.73,47.18,5.02,25.0,852.9,idle,132.13,12.0,0.5,0,none,0.0
2029-06-03,M02,CNC,0.71,43.73,4.22,23.4,914.2,idle,132.55,15.9,0.5,0,none,0.0
2029-06-04,M02,CNC,0.82,48.45,4.0,21.0,852.1,idle,132.87,11.8,0.5,0,none,0.0
2029-06-05,M02,CNC,0.8,49.08,4.15,23.6,881.6,idle,133.27,12.8,0.5,0,none,0.0
2029-06-06,M02,CNC,0.98,41.23,4.32,20.2,880.4,idle,133.6,17.9,0.5,0,none,0.0
2029-06-07,M02,CNC,0.78,48.7,4.91,23.7,887.2,idle,133.8,12.0,0.5,0,none,0.0
2029-06-08,M02,CNC,0.78,56.68,16.0,83.7,3068.0,normal,134.17,14.5,0.5,0,none,0.0
2029-06-09,M02,CNC,0.95,41.03,4.34,20.0,871.2,idle,134.38,17.6,0.5,0,none,0.0
2029-06-10,M02,CNC,0.73,44.73,5.02,25.2,902.5,idle,134.45,15.6,0.5,0,none,0.0
2029-06-11,M02,CNC,0.98,40.54,4.02,24.0,870.2,idle,134.63,9.8,0.5,0,none,0.0
2029-06-12,M02,CNC,2.15,54.96,11.25,71.4,2932.0,normal,134.68,14.6,0.5,0,none,0.0
2029-06-13,M02,CNC,0.85,46.73,4.58,21.5,861.6,idle,134.87,17.0,0.5,0,none,0.0
2029-06-14,M02,CNC,0.85,46.73,5.14,24.0,866.4,idle,135.23,12.9,0.5,0,none,0.0
2029-06-15,M02,CNC,0.88,45.71,4.73,23.3,884.4,idle,135.73,15.4,0.5,0,none,0.0
2029-06-16,M02,CNC,0.87,47.16,4.16,24.5,859.5,idle,135.83,8.3,0.5,0,none,0.0
2029-06-17,M02,CNC,0.72,49.76,5.44,20.4,881.0,idle,136.17,11.9,0.5,0,none,0.0
2029-06-18,M02,CNC,0.76,44.85,5.25,25.7,881.0,idle,136.62,11.1,0.5,0,none,0.0
2029-06-19,M02,CNC,2.3,59.05,11.53,86.6,3061.1,normal,136.93,16.1,0.5,0,none,0.0
2029-06-20,M02,CNC,0.87,43.25,4.44,20.2,907.1,idle,136.97,8.6,0.5,0,none,0.0
2029-06-21,M02,CNC,0.84,43.25,4.71,24.9,858.7,idle,137.42,12.1,0.5,0,none,0.0
2029-06-22,M02,CNC,0.96,48.98,5.42,22.4,865.2,idle,137.55,14.7,0.5,0,none,0.0
2029-06-23,M02,CNC,3.5,63.66,19.76,104.1,3943.0,peak,137.82,16.7,0.5,0,none,0.0
2029-06-24,M02,CNC,3.01,50.48,13.69,81.0,3027.8,normal,138.13,13.8,0.5,0,none,0.0
2029-06-25,M02,CNC,3.04,60.94,15.53,64.6,2951.0,normal,138.2,9.4,0.5,0,none,0.0
2029-06-26,M02,CNC,1.82,60.94,11.06,55.8,2878.1,normal,138.57,17.1,0.5,0,none,0.0
2029-06-27,M02,CNC,2.05,50.43,15.41,52.3,3020.8,normal,138.92,15.0,0.5,0,none,0.0
2029-06-28,M02,CNC,2.01,63.68,15.3,76.8,3001.7,normal,139.02,14.3,0.5,0,none,0.0
2029-06-29,M02,CNC,1.81,64.77,15.21,86.0,2997.8,normal,139.52,15.9,0.5,0,none,0.0
2029-06-30,M02,CNC,2.28,63.4,11.39,73.4,2829.9,normal,139.78,16.4,0.5,0,none,0.0
2029-07-01,M02,CNC,0.98,41.41,4.34,23.4,903.5,idle,139.85,9.1,0.5,0,none,0.0
2029-07-02,M02,CNC,2.67,41.41,9.51,80.8,3095.6,normal,140.13,14.2,0.5,0,none,0.0
2029-07-03,M02,CNC,0.94,44.6,5.36,22.5,886.8,idle,140.2,12.3,0.5,0,none,0.0
2029-07-04,M02,CNC,0.84,44.48,5.16,23.2,872.2,idle,140.65,15.4,0.5,0,none,0.0
2029-07-05,M02,CNC,2.16,50.57,13.29,60.7,2844.4,normal,140.88,17.8,0.5,0,none,0.0
2029-07-06,M02,CNC,2.72,60.22,14.39,71.1,3068.2,normal,141.22,11.2,0.5,0,none,0.0
2029-07-07,M02,CNC,2.72,62.11,13.63,63.5,3094.9,normal,141.67,8.5,0.5,0,none,0.0
2029-07-08,M02,CNC,2.18,53.04,12.37,54.2,3093.6,normal,141.78,9.2,0.5,0,none,0.0
2029-07-09,M02,CNC,0.88,45.57,4.98,23.0,852.2,idle,141.88,9.7,0.5,0,none,0.0
2029-07-10,M02,CNC,2.66,60.74,12.21,80.8,2868.1,normal,142.1,12.4,0.5,0,none,0.0
2029-07-11,M02,CNC,2.11,52.42,11.92,84.2,3048.4,normal,142.43,9.0,0.5,0,none,0.0
2029-07-12,M02,CNC,2.34,58.84,14.19,61.2,2850.4,normal,142.92,11.8,0.5,0,none,0.0
2029-07-13,M02,CNC,3.16,59.26,15.88,64.8,3010.9,normal,143.03,12.9,0.5,0,none,0.0
2029-07-14,M02,CNC,2.11,53.92,12.83,64.2,2850.3,normal,143.07,17.3,0.5,0,none,0.0
2029-07-15,M02,CNC,0.78,40.36,5.06,22.9,856.6,idle,143.47,16.9,0.5,0,none,0.0
2029-07-16,M02,CNC,0.75,41.03,4.92,20.6,902.8,idle,143.72,15.9,0.5,0,none,0.0
2029-07-17,M02,CNC,0.71,42.49,5.34,24.3,855.1,idle,144.0,10.1,0.5,0,none,0.0
2029-07-18,M02,CNC,2.95,57.4,15.0,74.8,3004.6,normal,144.37,12.5,0.5,0,none,0.0
2029-07-19,M02,CNC,3.99,61.95,24.24,101.9,3811.8,peak,144.52,14.1,0.5,0,none,0.0
2029-07-20,M02,CNC,1.82,51.79,13.72,73.5,3811.8,normal,144.57,15.2,0.5,0,none,0.0
2029-07-21,M02,CNC,3.23,65.98,27.25,101.0,3987.5,peak,144.92,14.3,0.5,0,none,0.0
2029-07-22,M02,CNC,2.89,61.76,12.88,84.6,2917.4,normal,145.37,12.2,0.5,0,none,0.0
2029-07-23,M02,CNC,2.89,53.6,11.32,54.0,3038.7,normal,145.68,9.2,0.5,0,none,0.0
2029-07-24,M02,CNC,3.53,61.89,20.32,108.5,4050.2,peak,145.98,14.2,0.5,0,none,0.0
2029-07-25,M02,CNC,0.87,46.16,4.71,22.4,914.1,idle,146.47,13.4,0.5,0,none,0.0
2029-07-26,M02,CNC,1.98,56.28,11.74,70.9,2937.3,normal,146.62,14.3,0.5,0,none,0.0
2029-07-27,M02,CNC,2.53,52.1,12.84,61.2,2855.3,normal,146.75,9.9,0.5,0,none,0.0
2029-07-28,M02,CNC,1.89,61.44,12.28,75.8,3018.3,normal,147.2,16.4,0.5,0,none,0.0
2029-07-29,M02,CNC,2.75,57.06,12.02,66.3,2992.0,normal,147.48,9.6,0.5,0,none,0.0
2029-07-30,M02,CNC,2.49,62.74,15.19,58.5,2840.9,normal,147.53,11.6,0.5,0,none,0.0
2029-07-31,M02,CNC,2.68,54.52,9.62,85.8,2868.1,normal,147.67,11.3,0.5,0,none,0.0
2029-08-01,M02,CNC,0.98,47.17,5.14,21.2,866.4,idle,148.12,12.5,0.5,0,none,0.0
2029-08-02,M02,CNC,0.86,41.72,4.46,21.9,861.2,idle,148.2,17.2,0.5,0,none,0.0
2029-08-03,M02,CNC,2.09,61.83,10.59,53.1,2988.8,normal,148.32,8.3,0.5,0,none,0.0
2029-08-04,M02,CNC,3.17,54.97,10.27,53.1,3071.9,normal,148.62,17.0,0.5,0,none,0.0
2029-08-05,M02,CNC,2.9,59.34,11.55,72.6,2827.4,normal,149.03,13.8,0.5,0,none,0.0
2029-08-06,M02,CNC,2.75,60.88,15.77,61.9,2805.5,normal,149.28,14.8,0.5,0,none,0.0
2029-08-07,M02,CNC,2.56,60.6,14.64,61.9,2878.5,normal,149.48,9.1,0.5,0,none,0.0
2029-08-08,M02,CNC,2.52,54.96,15.09,70.0,3039.9,normal,149.63,15.4,0.5,0,none,0.0
2029-08-09,M02,CNC,2.61,61.6,11.66,83.6,2882.4,normal,150.12,16.9,0.5,0,none,0.0
2029-08-10,M02,CNC,2.56,53.21,12.59,64.1,2880.0,normal,150.18,12.8,0.5,0,none,0.0
2029-08-11,M02,CNC,3.15,52.4,14.62,89.4,2806.0,normal,150.68,10.2,0.5,0,none,0.0
2029-08-12,M02,CNC,2.78,53.79,9.76,67.3,3080.6,normal,151.03,11.9,0.5,0,none,0.0
2029-08-13,M02,CNC,1.82,58.82,12.76,85.2,2825.2,normal,151.13,9.9,0.5,0,none,0.0
2029-08-14,M02,CNC,3.75,69.56,24.69,109.1,4046.9,peak,151.35,10.0,0.5,0,none,0.0
2029-08-15,M02,CNC,1.86,57.07,12.09,63.8,2935.4,normal,151.45,13.7,0.5,0,none,0.0
2029-08-16,M02,CNC,2.34,56.49,15.87,55.4,3076.7,normal,151.62,16.5,0.5,0,none,0.0
2029-08-17,M02,CNC,2.47,59.36,14.9,65.7,2929.1,normal,151.88,15.6,0.5,0,none,0.0
2029-08-18,M02,CNC,0.82,43.75,5.39,25.0,857.6,idle,152.03,14.0,0.5,0,none,0.0
2029-08-19,M02,CNC,0.73,44.28,4.15,23.7,860.1,idle,152.48,17.5,0.5,0,none,0.0
2029-08-20,M02,CNC,2.53,50.11,11.56,77.7,2945.2,normal,152.98,17.7,0.5,0,none,0.0
2029-08-21,M02,CNC,0.99,48.74,4.54,20.3,909.2,idle,153.47,12.1,0.5,0,none,0.0
2029-08-22,M02,CNC,0.97,48.21,4.19,26.0,868.1,idle,153.77,18.0,0.5,0,none,0.0
2029-08-23,M02,CNC,0.92,49.08,4.35,25.4,871.7,idle,154.1,12.6,0.5,0,none,0.0
2029-08-24,M02,CNC,0.99,42.81,5.43,20.3,899.6,idle,154.13,15.4,0.5,0,none,0.0
2029-08-25,M02,CNC,0.86,44.78,4.34,24.2,863.4,idle,154.28,12.3,0.5,0,none,0.0
2029-08-26,M02,CNC,2.57,53.8,15.71,53.1,2859.9,normal,154.43,13.9,0.5,0,none,0.0
2029-08-27,M02,CNC,2.14,56.21,11.01,70.7,3061.7,normal,154.53,17.0,0.5,0,none,0.0
2029-08-28,M02,CNC,2.8,58.7,10.08,78.4,2849.9,normal,154.78,8.4,0.5,0,none,0.0
2029-08-29,M02,CNC,0.94,42.5,4.63,22.1,910.1,idle,155.07,13.0,0.5,0,none,0.0
2029-08-30,M02,CNC,0.74,45.66,4.21,24.2,913.4,idle,155.32,12.8,0.5,0,none,0.0
2029-08-31,M02,CNC,0.83,44.88,5.39,23.1,884.1,idle,155.77,9.0,0.5,0,none,0.0
2029-09-01,M02,CNC,0.87,46.89,4.16,24.9,884.1,idle,156.05,13.6,0.5,0,none,0.0
2029-09-02,M02,CNC,0.72,47.86,4.57,20.6,894.4,idle,156.08,12.1,0.5,0,none,0.0
2029-09-03,M02,CNC,0.96,48.88,5.44,25.2,850.1,idle,156.22,11.0,0.5,0,none,0.0
2029-09-04,M02,CNC,2.33,62.28,11.88,74.9,2981.9,normal,156.58,8.2,0.5,0,none,0.0
2029-09-05,M02,CNC,0.81,49.04,4.75,22.8,919.8,idle,156.97,15.0,0.5,0,none,0.0
2029-09-06,M02,CNC,0.85,41.78,4.77,24.9,904.4,idle,157.45,13.8,0.5,0,none,0.0
2029-09-07,M02,CNC,0.85,47.08,4.38,25.2,912.5,idle,157.72,9.4,0.5,0,none,0.0
2029-09-08,M02,CNC,0.76,41.3,5.46,25.2,912.5,idle,158.12,15.9,0.5,0,none,0.0
2029-09-09,M02,CNC,0.97,45.42,4.97,23.3,853.6,idle,158.33,15.0,0.5,0,none,0.0
2029-09-10,M02,CNC,2.84,57.58,13.71,71.1,2947.5,normal,158.37,8.7,0.5,0,none,0.0
2029-09-11,M02,CNC,0.75,42.79,4.24,21.2,918.1,idle,158.87,13.3,0.5,0,none,0.0
2029-09-12,M02,CNC,0.75,42.69,4.89,23.7,860.8,idle,159.05,10.7,0.5,0,none,0.0
2029-09-13,M02,CNC,0.94,47.85,4.36,21.7,915.7,idle,159.4,15.9,0.5,0,none,0.0
2029-09-14,M02,CNC,0.95,46.98,4.12,22.5,889.1,idle,159.85,14.2,0.5,0,none,0.0
2029-09-15,M02,CNC,0.76,44.48,4.9,22.0,904.7,idle,160.05,8.5,0.5,0,none,0.0
2029-09-16,M02,CNC,0.95,43.24,5.26,20.6,908.6,idle,160.43,8.5,0.5,0,none,0.0
2029-09-17,M02,CNC,0.75,40.83,4.96,22.8,913.5,idle,160.67,14.2,0.5,0,none,0.0
2029-09-18,M02,CNC,0.81,42.87,4.75,22.7,874.1,idle,160.88,14.5,0.5,0,none,0.0
2029-09-19,M02,CNC,0.81,61.39,15.04,89.0,2880.0,normal,161.28,15.1,0.5,0,none,0.0
2029-09-20,M02,CNC,2.8,55.91,13.9,70.1,3098.1,normal,161.42,11.3,0.5,0,none,0.0
2029-09-21,M02,CNC,2.82,64.29,14.93,86.3,3044.3,normal,161.73,12.8,0.5,0,none,0.0
2029-09-22,M02,CNC,2.44,53.78,11.91,52.8,2957.2,normal,162.17,17.6,0.5,0,none,0.0
2029-09-23,M02,CNC,0.85,45.25,5.46,25.5,861.3,idle,162.3,15.6,0.5,0,none,0.0
2029-09-24,M02,CNC,2.32,56.36,11.84,82.3,2957.2,normal,162.5,10.7,0.5,0,none,0.0
2029-09-25,M02,CNC,2.6,62.8,14.74,57.0,3014.2,normal,162.88,8.5,0.5,0,none,0.0
2029-09-26,M02,CNC,2.41,54.42,9.83,70.5,2906.6,normal,163.1,12.9,0.5,0,none,0.0
2029-09-27,M02,CNC,0.78,46.95,5.15,21.5,853.5,idle,163.4,12.7,0.5,0,none,0.0
2029-09-28,M02,CNC,0.95,40.1,5.41,23.8,872.5,idle,163.72,13.3,0.5,0,none,0.0
2029-09-29,M02,CNC,2.15,50.14,11.03,57.2,2983.7,normal,163.9,11.7,0.5,0,none,0.0
2029-09-30,M02,CNC,3.33,66.99,23.9,99.5,3810.5,peak,164.28,16.1,0.5,0,none,0.0
2029-10-01,M02,CNC,1.85,50.4,14.3,64.1,3038.9,normal,164.78,16.9,0.5,0,none,0.0
2029-10-02,M02,CNC,2.4,56.79,12.83,64.1,2882.1,normal,165.05,11.9,0.5,0,none,0.0
2029-10-03,M02,CNC,1.97,58.34,11.63,68.8,2994.1,normal,165.17,17.6,0.5,0,none,0.0
2029-10-04,M02,CNC,2.49,59.3,13.04,80.1,3011.8,normal,165.25,9.1,0.5,0,none,0.0
2029-10-05,M02,CNC,2.55,60.18,15.18,68.4,2923.8,normal,165.35,16.7,0.5,0,none,0.0
2029-10-06,M02,CNC,3.81,67.9,18.71,108.4,3809.2,peak,165.65,8.2,0.5,0,none,0.0
2029-10-07,M02,CNC,3.8,70.9,27.53,95.8,3979.1,peak,165.9,13.4,0.5,0,none,0.0
2029-10-08,M02,CNC,2.4,54.96,10.09,73.4,2943.7,normal,166.0,12.2,0.5,0,none,0.0
2029-10-09,M02,CNC,1.95,59.19,14.3,81.2,3071.6,normal,166.42,10.9,0.5,0,none,0.0
2029-10-10,M02,CNC,2.37,64.3,15.13,63.3,2847.8,normal,166.48,16.0,0.5,0,none,0.0
2029-10-11,M02,CNC,3.55,64.83,23.76,103.8,2847.8,peak,166.95,14.4,0.5,0,none,0.0
2029-10-12,M02,CNC,2.51,51.57,15.08,63.8,3091.4,normal,167.2,14.6,0.5,0,none,0.0
2029-10-13,M02,CNC,1.97,64.37,10.09,60.8,2814.0,normal,167.65,13.9,0.5,0,none,0.0
2029-10-14,M02,CNC,2.79,62.75,12.32,87.3,2977.1,normal,168.05,13.5,0.5,0,none,0.0
2029-10-15,M02,CNC,2.68,62.68,11.43,65.5,3071.8,normal,168.32,9.3,0.5,0,none,0.0
2029-10-16,M02,CNC,3.06,64.65,15.36,56.8,3047.1,normal,168.77,15.9,0.5,0,none,0.0
2029-10-17,M02,CNC,2.37,64.86,12.57,73.0,2958.9,normal,168.92,17.7,0.5,0,none,0.0
2029-10-18,M02,CNC,0.8,40.75,5.34,24.8,859.8,idle,169.35,9.5,0.5,0,none,0.0
2029-10-19,M02,CNC,2.89,59.39,12.16,61.6,3057.9,normal,169.53,9.7,0.5,0,none,0.0
2029-10-20,M02,CNC,0.91,45.48,4.91,20.6,883.2,idle,169.65,10.9,0.5,0,none,0.0
2029-10-21,M02,CNC,0.76,42.08,4.99,25.5,878.3,idle,169.77,14.9,0.5,0,none,0.0
2029-10-22,M02,CNC,0.76,46.49,5.31,24.5,910.8,idle,170.15,9.6,0.5,0,none,0.0
2029-10-23,M02,CNC,2.55,61.28,10.41,65.2,2916.9,normal,170.23,11.2,0.5,0,none,0.0
2029-10-24,M02,CNC,2.52,63.94,15.18,57.1,2851.8,normal,170.33,11.7,0.5,0,none,0.0
2029-10-25,M02,CNC,2.3,54.36,13.5,86.3,3088.7,normal,170.47,8.3,0.5,0,none,0.0
2029-10-26,M02,CNC,3.72,72.25,23.25,98.1,3957.4,peak,170.67,9.5,0.5,0,none,0.0
2029-10-27,M02,CNC,2.58,61.14,10.93,66.0,2909.2,normal,170.93,9.6,0.5,0,none,0.0
2029-10-28,M02,CNC,3.14,56.66,14.41,80.5,2879.7,normal,171.12,8.2,0.5,0,none,0.0
2029-10-29,M02,CNC,0.87,48.94,4.71,25.7,865.0,idle,171.4,17.5,0.5,0,none,0.0
2029-10-30,M02,CNC,1.9,63.37,15.01,89.7,3003.8,normal,171.6,17.7,0.5,0,none,0.0
2029-10-31,M02,CNC,3.95,72.06,26.44,103.5,3914.7,peak,171.92,11.3,0.5,0,none,0.0
2029-11-01,M02,CNC,3.11,56.48,13.0,69.0,2969.4,normal,172.32,17.0,0.5,0,none,0.0
2029-11-02,M02,CNC,3.58,58.82,26.82,101.7,3976.7,peak,172.75,13.7,0.5,0,none,0.0
2029-11-03,M02,CNC,0.74,40.03,4.37,24.2,856.9,idle,172.85,15.3,0.5,0,none,0.0
2029-11-04,M02,CNC,3.07,53.23,10.83,58.9,2804.2,normal,173.12,9.1,0.5,0,none,0.0
2029-11-05,M02,CNC,3.82,72.88,24.14,97.8,3885.6,peak,173.4,9.4,0.5,0,none,0.0
2029-11-06,M02,CNC,2.47,64.32,11.11,79.8,2931.8,normal,173.72,8.2,0.5,0,none,0.0
2029-11-07,M02,CNC,0.79,44.56,4.11,24.8,867.0,idle,174.07,12.5,0.5,0,none,0.0
2029-11-08,M02,CNC,2.82,51.03,15.71,59.3,3064.8,normal,174.13,14.1,0.5,0,none,0.0
2029-11-09,M02,CNC,2.93,64.52,12.61,79.6,2911.2,normal,174.27,10.2,0.5,0,none,0.0
2029-11-10,M02,CNC,2.06,56.65,10.58,89.3,2911.2,normal,174.7,8.2,0.5,0,none,0.0
2029-11-11,M02,CNC,0.88,46.26,4.81,24.0,858.1,idle,175.02,14.8,0.5,0,none,0.0
2029-11-12,M02,CNC,3.64,62.88,27.4,24.0,4091.8,peak,175.08,11.9,0.5,0,none,0.0
2029-11-13,M02,CNC,1.85,54.28,10.77,52.4,2872.7,normal,175.37,14.1,0.5,0,none,0.0
2029-11-14,M02,CNC,3.74,61.93,23.09,108.3,4008.1,peak,175.42,11.6,0.5,0,none,0.0
2029-11-15,M02,CNC,0.82,43.72,4.68,21.1,894.4,idle,175.52,12.3,0.5,0,none,0.0
2029-11-16,M02,CNC,2.31,62.79,14.42,75.2,2909.3,normal,175.75,10.8,0.5,0,none,0.0
2029-11-17,M02,CNC,2.09,61.64,12.66,60.5,2858.6,normal,175.97,12.5,0.5,0,none,0.0
2029-11-18,M02,CNC,2.03,61.66,10.99,72.0,2935.5,normal,176.28,15.3,0.5,0,none,0.0
2029-11-19,M02,CNC,0.87,48.77,5.3,72.0,851.1,idle,176.55,12.2,0.5,0,none,0.0
2029-11-20,M02,CNC,2.4,59.09,13.13,76.8,2846.2,normal,176.82,16.1,0.5,0,none,0.0
2029-11-21,M02,CNC,0.89,41.83,5.13,22.0,899.7,idle,177.32,17.0,0.5,0,none,0.0
2029-11-22,M02,CNC,0.71,44.08,5.06,22.0,905.7,idle,177.42,14.0,0.5,0,none,0.0
2029-11-23,M02,CNC,0.89,45.88,4.53,22.9,891.8,idle,177.52,12.7,0.5,0,none,0.0
2029-11-24,M02,CNC,0.84,46.98,4.65,21.2,865.0,idle,178.0,11.4,0.5,0,none,0.0
2029-11-25,M02,CNC,0.7,43.01,5.12,24.8,864.2,idle,178.33,8.9,0.5,0,none,0.0
2029-11-26,M02,CNC,0.99,45.02,5.38,24.2,900.6,idle,178.58,10.7,0.5,0,none,0.0
2029-11-27,M02,CNC,0.73,42.2,4.01,24.3,874.1,idle,178.7,15.1,0.5,0,none,0.0
2029-11-28,M02,CNC,2.9,55.08,14.83,57.0,2852.0,normal,179.13,10.0,0.5,0,none,0.0
2029-11-29,M02,CNC,0.8,44.08,4.52,24.6,856.8,idle,179.6,13.5,0.5,0,none,0.0
2029-11-30,M02,CNC,0.81,48.37,4.1,25.6,919.0,idle,179.65,11.0,0.5,0,none,0.0
2029-12-01,M02,CNC,0.73,42.91,4.56,24.7,891.7,idle,179.98,13.6,0.5,0,none,0.0
2029-12-02,M02,CNC,0.89,47.58,4.18,25.0,899.4,idle,180.25,15.9,0.5,0,none,0.0
2029-12-03,M02,CNC,0.87,48.9,5.05,21.2,880.1,idle,180.35,17.6,0.5,0,none,0.0
2029-12-04,M02,CNC,0.85,40.55,5.43,20.8,898.8,idle,180.82,9.2,0.5,0,none,0.0
2029-12-05,M02,CNC,2.51,50.38,15.51,84.4,2957.3,normal,181.2,12.2,0.5,0,none,0.0
2029-12-06,M02,CNC,2.12,51.82,11.86,61.7,2952.0,normal,181.48,14.4,0.5,0,none,0.0
2029-12-07,M02,CNC,0.99,45.75,5.33,23.9,883.3,idle,181.52,10.8,0.5,0,none,0.0
2029-12-08,M02,CNC,0.96,44.71,5.3,21.8,859.0,idle,181.58,11.6,0.5,0,none,0.0
2029-12-09,M02,CNC,0.96,45.87,5.33,25.6,853.8,idle,181.87,16.7,0.5,0,none,0.0
2029-12-10,M02,CNC,0.85,43.75,4.94,24.8,869.6,idle,182.23,17.7,0.5,0,none,0.0
2029-12-11,M02,CNC,0.87,47.09,4.2,24.9,892.4,idle,182.7,13.1,0.5,0,none,0.0
2029-12-12,M02,CNC,0.98,43.4,4.16,23.0,856.0,idle,183.03,10.6,0.5,0,none,0.0
2029-12-13,M02,CNC,0.99,40.39,5.13,23.1,875.8,idle,183.37,11.2,0.5,0,none,0.0
2029-12-14,M02,CNC,0.72,46.22,4.88,21.7,913.7,idle,183.87,11.6,0.5,0,none,0.0
2029-12-15,M02,CNC,0.79,44.5,4.82,20.6,915.2,idle,183.92,12.2,0.5,0,none,0.0
2029-12-16,M02,CNC,0.81,40.81,4.58,23.6,886.0,idle,184.13,10.9,0.5,0,none,0.0
2029-12-17,M02,CNC,2.77,63.74,11.35,83.1,2824.0,normal,184.5,13.1,0.5,0,none,0.0
2029-12-18,M02,CNC,0.96,40.92,5.25,22.2,892.9,idle,184.93,15.6,0.5,0,none,0.0
2029-12-19,M02,CNC,0.75,40.66,4.32,20.8,871.9,idle,185.28,13.4,0.5,0,none,0.0
2029-12-20,M02,CNC,2.52,58.83,14.63,76.9,2982.6,normal,185.77,16.4,0.5,0,none,0.0
2029-12-21,M02,CNC,2.38,57.11,12.19,84.0,2869.0,normal,186.22,14.9,0.5,0,none,0.0
2029-12-22,M02,CNC,1.81,59.77,10.82,85.8,3057.7,normal,186.62,13.3,0.5,0,none,0.0
2029-12-23,M02,CNC,0.72,41.06,4.74,23.7,869.2,idle,186.83,8.1,0.5,0,none,0.0
2029-12-24,M02,CNC,2.8,58.92,11.61,53.0,3025.1,normal,187.13,15.8,0.5,0,none,0.0
2029-12-25,M02,CNC,2.1,62.52,12.23,73.9,3061.9,normal,187.38,17.1,0.5,0,none,0.0
2029-12-26,M02,CNC,3.01,55.57,10.86,81.5,2929.9,normal,187.47,13.0,0.5,0,none,0.0
2029-12-27,M02,CNC,2.07,63.57,10.79,53.0,2806.1,normal,187.93,17.0,0.5,0,none,0.0
2029-12-28,M02,CNC,0.89,63.57,4.47,21.9,873.8,idle,188.28,17.5,0.5,0,none,0.0
2029-12-29,M02,CNC,2.75,50.87,15.54,60.5,873.8,normal,188.77,13.5,0.5,0,none,0.0
2029-12-30,M02,CNC,0.75,47.72,4.34,20.5,911.2,idle,189.2,12.2,0.5,0,none,0.0
2029-12-31,M02,CNC,3.0,56.05,14.07,73.2,3055.9,normal,189.27,9.3,0.5,0,none,0.0
2030-01-01,M02,CNC,2.24,57.86,12.65,65.5,3067.4,normal,189.3,11.1,0.5,0,none,0.0
2030-01-02,M02,CNC,2.03,52.24,13.25,77.0,2858.4,normal,189.52,12.4,0.5,0,none,0.0
2030-01-03,M02,CNC,2.35,64.2,11.1,77.4,3022.0,normal,189.87,17.7,0.5,0,none,0.0
2030-01-04,M02,CNC,0.83,49.38,5.1,22.8,889.9,idle,189.98,8.3,0.5,0,none,0.0
2030-01-05,M02,CNC,2.77,58.88,15.21,65.6,2890.0,normal,190.45,9.3,0.5,0,none,0.0
2030-01-06,M02,CNC,2.1,50.57,9.78,85.1,3003.5,normal,190.85,10.3,0.5,0,none,0.0
2030-01-07,M02,CNC,2.72,59.22,15.02,70.2,3061.1,normal,190.95,17.8,0.5,0,none,0.0
2030-01-08,M02,CNC,0.81,49.27,5.05,70.2,889.5,idle,191.2,15.8,0.5,0,none,0.0
2030-01-09,M02,CNC,2.55,52.07,13.34,64.0,2815.7,normal,191.27,12.8,0.5,0,none,0.0
2030-01-10,M02,CNC,3.13,59.62,15.2,64.0,2907.1,normal,191.52,9.1,0.5,0,none,0.0
2030-01-11,M02,CNC,0.85,46.76,5.44,21.5,911.2,idle,191.97,13.9,0.5,0,none,0.0
2030-01-12,M02,CNC,3.09,60.06,15.55,67.1,3085.9,normal,192.25,10.5,0.5,0,none,0.0
2030-01-13,M02,CNC,2.78,50.63,15.39,70.4,2938.1,normal,192.32,8.1,0.5,0,none,0.0
2030-01-14,M02,CNC,0.87,41.49,4.7,25.0,851.1,idle,192.4,17.2,0.5,0,none,0.0
2030-01-15,M02,CNC,2.18,50.04,12.2,79.7,3039.6,normal,192.53,10.0,0.5,0,none,0.0
2030-01-16,M02,CNC,3.12,59.13,11.16,87.1,3032.6,normal,192.92,8.9,0.5,0,none,0.0
2030-01-17,M02,CNC,0.87,46.96,5.39,24.3,875.8,idle,193.4,10.8,0.5,0,none,0.0
2030-01-18,M02,CNC,2.8,50.6,12.01,67.4,2850.1,normal,193.73,9.6,0.5,0,none,0.0
2030-01-19,M02,CNC,0.71,41.33,4.98,24.8,919.2,idle,194.03,14.1,0.5,0,none,0.0
2030-01-20,M02,CNC,2.28,58.99,15.59,58.4,3015.3,normal,194.33,9.0,0.5,0,none,0.0
2030-01-21,M02,CNC,0.93,40.89,5.29,24.9,852.3,idle,194.67,13.3,0.5,0,none,0.0
2030-01-22,M02,CNC,1.93,50.74,11.68,71.3,2959.7,normal,195.07,10.8,0.5,0,none,0.0
2030-01-23,M02,CNC,0.78,49.12,4.55,20.3,871.0,idle,195.57,8.0,0.5,0,none,0.0
2030-01-24,M02,CNC,2.54,56.12,11.28,57.0,3045.8,normal,195.98,10.1,0.5,0,none,0.0
2030-01-25,M02,CNC,1.0,43.3,4.57,23.7,900.3,idle,196.28,12.7,0.5,0,none,0.0
2030-01-26,M02,CNC,2.35,63.57,13.14,69.1,2994.0,normal,196.68,12.4,0.5,0,none,0.0
2030-01-27,M02,CNC,3.13,61.92,9.76,64.6,2941.2,normal,196.77,11.5,0.5,0,none,0.0
2030-01-28,M02,CNC,2.24,60.5,14.87,79.8,3096.8,normal,197.0,13.1,0.5,0,none,0.0
2030-01-29,M02,CNC,2.18,63.12,14.48,65.8,3020.2,normal,197.25,17.8,0.5,0,none,0.0
2030-01-30,M02,CNC,1.95,61.84,12.96,63.1,2996.7,normal,197.33,13.2,0.5,0,none,0.0
2030-01-31,M02,CNC,0.89,42.09,4.05,63.1,889.9,idle,197.62,15.0,0.5,0,none,0.0
2030-02-01,M02,CNC,0.96,49.28,4.79,24.5,880.8,idle,197.93,8.8,0.5,0,none,0.0
2030-02-02,M02,CNC,2.84,53.07,11.91,76.1,2805.4,normal,198.22,10.8,0.5,0,none,0.0
2030-02-03,M02,CNC,0.92,48.36,4.6,22.7,909.6,idle,198.57,14.9,0.5,0,none,0.0
2030-02-04,M02,CNC,2.89,54.32,11.61,77.8,2969.0,normal,199.03,13.5,0.5,0,none,0.0
2030-02-05,M02,CNC,3.33,63.27,27.0,105.3,4095.8,peak,199.22,12.3,0.5,0,none,0.0
2030-02-06,M02,CNC,2.87,64.13,10.91,81.3,2806.1,normal,199.7,16.4,0.5,0,none,0.0
2030-02-07,M02,CNC,3.74,65.98,21.47,107.9,4056.3,peak,199.98,11.7,0.5,0,none,0.0
2030-02-08,M02,CNC,3.22,68.36,21.68,101.2,4049.6,peak,200.02,12.9,0.5,0,none,0.0
2030-02-09,M02,CNC,2.23,64.15,21.68,77.2,3001.6,normal,200.1,13.2,0.5,0,none,0.0
2030-02-10,M02,CNC,2.23,54.87,14.93,81.0,2898.7,normal,200.48,9.4,0.5,0,none,0.0
2030-02-11,M02,CNC,0.86,40.62,4.31,22.9,856.0,idle,200.72,17.8,0.5,0,none,0.0
2030-02-12,M02,CNC,2.98,60.77,15.63,78.3,3082.1,normal,201.13,17.8,0.5,0,none,0.0
2030-02-13,M02,CNC,0.87,46.0,15.63,23.9,852.2,idle,201.2,10.0,0.5,0,none,0.0
2030-02-14,M02,CNC,0.87,49.05,5.19,23.5,897.0,idle,201.33,17.9,0.5,0,none,0.0
2030-02-15,M02,CNC,1.0,40.91,5.0,21.7,894.8,idle,201.42,12.2,0.5,0,none,0.0
2030-02-16,M02,CNC,0.88,41.53,4.31,21.7,859.0,idle,201.7,15.1,0.5,0,none,0.0
2030-02-17,M02,CNC,0.78,48.35,4.49,22.9,915.9,idle,202.03,15.6,0.5,0,none,0.0
2030-02-18,M02,CNC,0.77,43.9,4.91,24.5,913.1,idle,202.48,12.0,0.5,0,none,0.0
2030-02-19,M02,CNC,0.97,47.77,4.34,20.1,876.9,idle,202.77,17.5,0.5,0,none,0.0
2030-02-20,M02,CNC,0.97,47.1,4.99,20.3,908.6,idle,203.05,9.5,0.5,0,none,0.0
2030-02-21,M02,CNC,0.77,44.32,5.0,22.6,880.9,idle,203.32,10.5,0.5,0,none,0.0
2030-02-22,M02,CNC,0.72,44.01,5.15,25.5,878.9,idle,203.6,17.4,0.5,0,none,0.0
2030-02-23,M02,CNC,0.83,47.03,5.41,21.6,880.8,idle,203.63,8.5,0.5,0,none,0.0
2030-02-24,M02,CNC,0.94,46.1,4.17,23.8,863.1,idle,203.7,8.3,0.5,0,none,0.0
2030-02-25,M02,CNC,0.85,45.29,5.31,22.8,869.6,idle,203.82,14.8,0.5,0,none,0.0
2030-02-26,M02,CNC,0.77,48.74,4.26,22.6,863.1,idle,203.92,14.2,0.5,0,none,0.0
2030-02-27,M02,CNC,0.93,44.74,4.53,22.2,909.6,idle,204.35,15.5,0.5,0,none,0.0
2030-02-28,M02,CNC,0.87,47.18,4.53,25.4,873.0,idle,204.78,12.7,0.5,0,none,0.0
2030-03-01,M02,CNC,0.99,40.25,4.57,25.4,869.2,idle,204.97,12.9,0.5,0,none,0.0
2030-03-02,M02,CNC,0.78,43.03,4.92,22.6,900.9,idle,205.13,16.1,0.5,0,none,0.0
2030-03-03,M02,CNC,0.97,46.74,4.31,25.6,868.5,idle,205.45,17.5,0.5,0,none,0.0
2030-03-04,M02,CNC,2.01,51.35,13.16,56.3,2841.6,normal,205.5,16.8,0.5,0,none,0.0
2030-03-05,M02,CNC,0.79,42.82,4.91,24.9,903.3,idle,205.58,11.1,0.5,0,none,0.0
2030-03-06,M02,CNC,0.78,42.45,5.45,20.1,911.6,idle,205.82,8.4,0.5,0,none,0.0
2030-03-07,M02,CNC,0.76,49.47,4.51,22.6,899.5,idle,205.93,16.6,0.5,0,none,0.0
2030-03-08,M02,CNC,2.62,54.77,13.1,79.8,2812.7,normal,206.12,9.6,0.5,0,none,0.0
2030-03-09,M02,CNC,0.7,54.77,4.2,24.0,865.0,idle,206.37,15.2,0.5,0,none,0.0
2030-03-10,M02,CNC,0.83,41.98,4.82,20.7,851.6,idle,206.65,13.7,0.5,0,none,0.0
2030-03-11,M02,CNC,0.72,49.54,4.21,24.2,854.8,idle,206.93,14.9,0.5,0,none,0.0
2030-03-12,M02,CNC,0.72,45.09,4.7,25.7,916.1,idle,207.27,13.6,0.5,0,none,0.0
2030-03-13,M02,CNC,0.93,46.02,4.68,22.1,916.3,idle,207.38,11.9,0.5,0,none,0.0
2030-03-14,M02,CNC,0.88,45.79,4.35,20.3,916.2,idle,207.67,11.8,0.5,0,none,0.0
2030-03-15,M02,CNC,0.79,44.43,4.17,25.0,851.9,idle,208.05,17.8,0.5,0,none,0.0
2030-03-16,M02,CNC,0.95,41.4,5.33,24.4,861.5,idle,208.25,13.9,0.5,0,none,0.0
2030-03-17,M02,CNC,0.87,43.13,4.27,25.2,878.2,idle,208.35,11.5,0.5,0,none,0.0
2030-03-18,M02,CNC,0.82,41.7,4.57,25.2,875.4,idle,208.77,15.7,0.5,0,none,0.0
2030-03-19,M02,CNC,3.13,64.19,10.44,58.7,3058.8,normal,209.13,9.0,0.5,0,none,0.0
2030-03-20,M02,CNC,3.51,58.07,20.74,104.0,4039.8,peak,209.35,12.1,0.5,0,none,0.0
2030-03-21,M02,CNC,0.74,41.11,5.38,24.5,891.3,idle,209.4,10.5,0.5,0,none,0.0
2030-03-22,M02,CNC,2.88,56.43,14.43,66.1,2873.2,normal,209.77,8.8,0.5,0,none,0.0
2030-03-23,M02,CNC,2.82,56.3,15.88,65.3,3076.5,normal,210.17,11.0,0.5,0,none,0.0
2030-03-24,M02,CNC,2.82,53.63,14.69,68.5,3075.3,normal,210.37,13.4,0.5,0,none,0.0
2030-03-25,M02,CNC,2.43,61.16,12.54,60.7,2859.8,normal,210.42,16.6,0.5,0,none,0.0
2030-03-26,M02,CNC,2.4,61.33,13.43,78.2,2884.7,normal,210.75,12.2,0.5,0,none,0.0
2030-03-27,M02,CNC,0.84,40.44,5.23,25.9,878.5,idle,210.78,13.9,0.5,0,none,0.0
2030-03-28,M02,CNC,1.82,52.55,13.74,75.3,3036.4,normal,210.98,11.9,0.5,0,none,0.0
2030-03-29,M02,CNC,2.16,61.45,13.97,64.3,2963.7,normal,211.32,12.9,0.5,0,none,0.0
2030-03-30,M02,CNC,0.74,44.53,13.97,22.5,908.8,idle,211.72,11.4,0.5,0,none,0.0
2030-03-31,M02,CNC,0.88,41.92,4.87,23.0,877.9,idle,212.02,14.7,0.5,0,none,0.0
2030-04-01,M02,CNC,1.97,56.25,9.97,55.8,2924.8,normal,212.13,11.6,0.5,0,none,0.0
2030-04-02,M02,CNC,2.23,63.88,11.94,80.8,2959.1,normal,212.38,14.4,0.5,0,none,0.0
2030-04-03,M02,CNC,2.79,53.9,15.62,72.1,3049.4,normal,212.83,16.5,0.5,0,none,0.0
2030-04-04,M02,CNC,2.31,51.5,13.88,52.3,2942.6,normal,212.97,8.5,0.5,0,none,0.0
2030-04-05,M02,CNC,2.07,59.41,15.87,69.7,3045.2,normal,213.3,10.3,0.5,0,none,0.0
2030-04-06,M02,CNC,3.61,66.43,27.3,108.3,4035.7,peak,213.72,15.2,0.5,0,none,0.0
2030-04-07,M02,CNC,2.21,58.18,10.96,68.9,2945.3,normal,214.05,11.4,0.5,0,none,0.0
2030-04-08,M02,CNC,2.96,63.44,12.2,52.7,3058.5,normal,214.12,13.3,0.5,0,none,0.0
2030-04-09,M02,CNC,2.04,59.33,9.66,67.2,3095.8,normal,214.37,16.0,0.5,0,none,0.0
2030-04-10,M02,CNC,0.73,44.24,4.46,25.4,910.9,idle,214.73,13.0,0.5,0,none,0.0
2030-04-11,M02,CNC,2.13,51.22,13.58,64.8,3001.6,normal,214.92,13.4,0.5,0,none,0.0
2030-04-12,M02,CNC,1.84,52.0,13.96,60.1,3057.3,normal,215.05,10.5,0.5,0,none,0.0
2030-04-13,M02,CNC,1.88,53.23,15.99,68.5,3010.9,normal,215.35,15.6,0.5,0,none,0.0
2030-04-14,M02,CNC,0.75,46.1,5.09,21.9,908.0,idle,215.47,14.3,0.5,0,none,0.0
2030-04-15,M02,CNC,0.88,43.89,4.84,21.9,861.6,idle,215.77,13.8,0.5,0,none,0.0
2030-04-16,M02,CNC,0.82,43.43,4.6,24.6,883.8,idle,215.9,16.2,0.5,0,none,0.0
2030-04-17,M02,CNC,3.12,54.41,12.2,81.9,2963.8,normal,216.17,14.4,0.5,0,none,0.0
2030-04-18,M02,CNC,2.57,50.8,12.09,62.3,3099.8,normal,216.62,15.7,0.5,0,none,0.0
2030-04-19,M02,CNC,3.45,73.04,24.76,100.1,3963.1,peak,216.87,15.3,0.5,0,none,0.0
2030-04-20,M02,CNC,2.98,63.25,10.54,64.9,2900.6,normal,216.92,11.6,0.5,0,none,0.0
2030-04-21,M02,CNC,1.86,58.97,15.06,66.5,3022.0,normal,217.02,15.5,0.5,0,none,0.0
2030-04-22,M02,CNC,2.68,55.63,10.42,79.0,3056.4,normal,217.45,12.4,0.5,0,none,0.0
2030-04-23,M02,CNC,0.91,40.18,4.32,20.4,889.9,idle,217.65,17.1,0.5,0,none,0.0
2030-04-24,M02,CNC,2.86,51.66,14.95,73.1,3007.0,normal,218.02,12.1,0.5,0,none,0.0
2030-04-25,M02,CNC,3.16,51.26,15.36,56.8,2917.9,normal,218.48,9.6,0.5,0,none,0.0
2030-04-26,M02,CNC,2.99,63.59,12.79,56.8,3012.4,normal,218.87,12.1,0.5,0,none,0.0
2030-04-27,M02,CNC,2.97,51.82,14.77,70.3,2935.2,normal,218.95,8.3,0.5,0,none,0.0
2030-04-28,M02,CNC,0.83,45.09,5.42,23.3,916.7,idle,219.4,12.6,0.5,0,none,0.0
2030-04-29,M02,CNC,3.34,70.31,26.12,105.2,3982.1,peak,219.72,12.2,0.5,0,none,0.0
2030-04-30,M02,CNC,2.59,62.91,14.84,56.6,3054.6,normal,220.22,9.6,0.5,0,none,0.0
2030-05-01,M02,CNC,2.38,53.81,15.15,68.4,3042.5,normal,220.32,15.9,0.5,0,none,0.0
2030-05-02,M02,CNC,0.78,40.04,4.74,20.6,902.8,idle,220.48,9.8,0.5,0,none,0.0
2030-05-03,M02,CNC,2.19,56.65,10.07,62.9,3034.4,normal,220.97,15.2,0.5,0,none,0.0
2030-05-04,M02,CNC,2.01,59.71,15.46,77.8,3043.3,normal,221.42,16.6,0.5,0,none,0.0
2030-05-05,M02,CNC,1.95,53.76,15.46,79.2,2991.9,normal,221.48,11.0,0.5,0,none,0.0
2030-05-06,M02,CNC,3.73,65.04,18.45,106.8,4003.6,peak,221.55,12.1,0.5,0,none,0.0
2030-05-07,M02,CNC,0.84,49.0,4.5,21.8,911.1,idle,221.77,16.9,0.5,0,none,0.0
2030-05-08,M02,CNC,3.84,66.75,19.31,98.2,3996.9,peak,222.0,15.2,0.5,0,none,0.0
2030-05-09,M02,CNC,2.34,62.55,15.67,82.6,2913.3,normal,222.1,13.7,0.5,0,none,0.0
2030-05-10,M02,CNC,3.83,63.97,19.67,95.5,3915.7,peak,222.4,13.2,0.5,0,none,0.0
2030-05-11,M02,CNC,3.06,53.58,10.84,88.8,2807.5,normal,222.87,15.8,0.5,0,none,0.0
2030-05-12,M02,CNC,2.9,54.82,9.74,86.9,2841.9,normal,223.17,16.8,0.5,0,none,0.0
2030-05-13,M02,CNC,2.57,54.11,9.92,53.9,2834.7,normal,223.32,15.7,0.5,0,none,0.0
2030-05-14,M02,CNC,1.9,61.41,12.66,65.0,2925.5,normal,223.52,13.8,0.5,0,none,0.0
2030-05-15,M02,CNC,0.98,49.11,5.07,25.3,872.4,idle,223.75,15.4,0.5,0,none,0.0
2030-05-16,M02,CNC,2.33,59.21,13.55,70.3,2920.2,normal,224.0,9.1,0.5,0,none,0.0
2030-05-17,M02,CNC,3.99,71.96,13.55,105.9,3880.9,peak,224.13,12.4,0.5,0,none,0.0
2030-05-18,M02,CNC,0.73,43.52,4.6,20.1,907.0,idle,224.3,8.6,0.5,0,none,0.0
2030-05-19,M02,CNC,2.3,58.71,9.98,58.6,3066.9,normal,224.62,17.5,0.5,0,none,0.0
2030-05-20,M02,CNC,2.65,64.25,9.98,66.1,2889.6,normal,224.82,12.7,0.5,0,none,0.0
2030-05-21,M02,CNC,3.89,74.98,24.3,106.9,4034.5,peak,224.97,16.8,0.5,0,none,0.0
2030-05-22,M02,CNC,0.81,45.74,5.25,24.1,851.5,idle,225.07,15.2,0.5,0,none,0.0
2030-05-23,M02,CNC,0.8,41.44,4.35,25.4,852.6,idle,225.53,14.5,0.5,0,none,0.0
2030-05-24,M02,CNC,0.77,43.1,4.93,23.2,852.6,idle,226.03,16.4,0.5,0,none,0.0
2030-05-25,M02,CNC,0.75,42.37,4.75,21.6,916.3,idle,226.42,8.5,0.5,0,none,0.0
2030-05-26,M02,CNC,0.84,40.59,5.09,22.0,895.7,idle,226.87,10.5,0.5,0,none,0.0
2030-05-27,M03,CNC,0.78,45.71,36.0,25.6,868.3,idle,158.24,8.1,98.34,0,none,0.0
2030-05-28,M03,CNC,2.27,56.96,15.53,86.2,2827.0,normal,158.48,17.2,98.11,0,none,0.0
2030-05-29,M03,CNC,0.74,44.96,4.16,22.1,860.4,idle,158.66,16.2,97.92,0,none,0.0
2030-05-30,M03,CNC,0.89,49.49,5.5,22.2,891.9,idle,158.81,16.6,97.77,0,none,0.0
2030-05-31,M03,CNC,3.0,51.76,13.98,67.5,2861.8,normal,158.93,14.3,97.66,0,none,0.0
2030-06-01,M03,CNC,0.82,40.76,5.04,21.5,871.8,idle,159.43,14.4,97.16,0,none,0.0
2030-06-02,M03,CNC,0.74,48.65,4.74,23.4,889.9,idle,159.88,16.7,96.71,0,none,0.0
2030-06-03,M03,CNC,0.82,41.93,5.12,20.8,857.3,idle,160.34,12.9,96.24,0,none,0.0
2030-06-04,M03,CNC,0.91,42.09,4.46,22.9,881.5,idle,160.76,16.4,95.82,0,none,0.0
2030-06-05,M03,CNC,0.91,46.23,4.97,24.3,870.5,idle,161.16,17.2,95.42,0,none,0.0
2030-06-06,M03,CNC,0.8,44.38,4.46,25.9,907.0,idle,161.24,15.0,95.34,0,none,0.0
2030-06-07,M03,CNC,0.8,40.06,4.06,25.9,858.0,idle,161.54,12.2,95.04,0,none,0.0
2030-06-08,M03,CNC,0.86,48.58,5.11,21.3,878.0,idle,161.96,15.4,94.62,0,none,0.0
2030-06-09,M03,CNC,0.85,48.1,5.26,25.5,885.6,idle,162.23,15.6,94.36,0,none,0.0
2030-06-10,M03,CNC,0.91,41.12,4.85,21.5,880.2,idle,162.59,14.3,93.99,0,none,0.0
2030-06-11,M03,CNC,0.89,42.57,4.08,20.1,851.5,idle,163.04,8.0,93.54,0,none,0.0
2030-06-12,M03,CNC,0.7,41.1,4.36,21.3,919.1,idle,163.18,11.1,93.41,0,none,0.0
2030-06-13,M03,CNC,0.79,41.27,4.82,25.1,897.5,idle,163.24,10.5,93.34,0,none,0.0
2030-06-14,M03,CNC,2.21,58.42,14.15,79.7,3000.0,normal,163.64,16.3,92.94,0,none,0.0
2030-06-15,M03,CNC,0.96,48.7,4.87,22.6,894.9,idle,164.08,13.9,92.51,0,none,0.0
2030-06-16,M03,CNC,0.95,40.06,5.49,22.6,882.9,idle,164.33,11.2,92.26,0,none,0.0
2030-06-17,M03,CNC,0.96,42.25,4.72,20.8,877.7,idle,164.61,9.3,91.97,0,none,0.0
2030-06-18,M03,CNC,0.75,43.64,4.56,26.0,919.6,idle,164.73,16.3,91.86,0,none,0.0
2030-06-19,M03,CNC,1.96,60.89,9.84,53.1,2831.6,normal,165.18,8.8,91.41,0,none,0.0
2030-06-20,M03,CNC,3.15,64.11,10.76,58.1,2872.2,normal,165.39,16.8,91.19,0,none,0.0
2030-06-21,M03,CNC,3.15,45.7,4.33,24.5,871.7,idle,165.86,10.2,90.72,0,none,0.0
2030-06-22,M03,CNC,3.94,69.16,22.36,106.8,4045.4,peak,165.89,14.5,90.69,0,none,0.0
2030-06-23,M03,CNC,2.21,55.1,15.58,58.3,2812.7,normal,166.26,8.9,90.32,0,none,0.0
2030-06-24,M03,CNC,2.44,62.02,14.52,86.9,2960.0,normal,166.53,15.0,90.06,0,none,0.0
2030-06-25,M03,CNC,1.94,62.02,14.56,55.5,2851.8,normal,166.64,14.2,89.94,0,none,0.0
2030-06-26,M03,CNC,1.82,58.9,15.26,77.5,3094.6,normal,166.99,8.9,89.59,0,none,0.0
2030-06-27,M03,CNC,1.89,63.55,14.79,63.9,3092.1,normal,167.21,13.7,89.37,0,none,0.0
2030-06-28,M03,CNC,0.79,48.89,5.32,24.6,889.4,idle,167.24,12.4,89.34,0,none,0.0
2030-06-29,M03,CNC,0.74,45.32,4.54,24.8,903.1,idle,167.51,12.9,89.07,0,none,0.0
2030-06-30,M03,CNC,0.97,45.32,5.21,25.6,905.2,idle,167.66,9.9,88.92,0,none,0.0
2030-07-01,M03,CNC,0.74,40.81,4.03,23.8,894.1,idle,168.14,10.7,88.44,0,none,0.0
2030-07-02,M03,CNC,3.18,55.97,11.66,75.7,3047.7,normal,168.56,9.3,88.02,0,none,0.0
2030-07-03,M03,CNC,3.11,62.05,12.27,76.1,3047.7,normal,169.04,10.2,87.54,0,none,0.0
2030-07-04,M03,CNC,2.49,62.05,10.6,76.1,3015.5,normal,169.51,14.8,87.07,0,none,0.0
2030-07-05,M03,CNC,2.49,53.66,11.44,73.3,2919.4,normal,169.76,15.9,86.82,0,none,0.0
2030-07-06,M03,CNC,2.74,50.83,10.31,71.0,2901.1,normal,169.79,10.6,86.79,0,none,0.0
2030-07-07,M03,CNC,2.21,51.01,15.32,78.3,2836.5,normal,170.14,10.5,86.44,0,none,0.0
2030-07-08,M03,CNC,0.72,49.75,5.02,22.5,899.1,idle,170.48,12.6,86.11,0,none,0.0
2030-07-09,M03,CNC,0.72,61.7,12.61,68.3,2803.3,normal,170.51,16.7,86.07,0,none,0.0
2030-07-10,M03,CNC,3.1,59.05,10.82,86.9,3074.5,normal,170.91,10.1,85.67,0,none,0.0
2030-07-11,M03,CNC,1.0,48.74,5.5,21.5,909.0,idle,171.14,15.4,85.44,0,none,0.0
2030-07-12,M03,CNC,2.95,53.46,10.14,89.2,2888.8,normal,171.31,13.6,85.27,0,none,0.0
2030-07-13,M03,CNC,3.02,50.06,9.64,69.7,2871.6,normal,171.36,10.3,85.22,0,none,0.0
2030-07-14,M03,CNC,3.75,67.61,18.77,97.4,3916.4,peak,171.58,17.4,85.01,0,none,0.0
2030-07-15,M03,CNC,2.06,72.58,12.2,55.5,3916.4,normal,172.03,15.5,84.56,0,none,0.0
2030-07-16,M03,CNC,1.93,51.93,11.06,84.7,3077.4,normal,172.08,13.0,84.51,0,none,0.0
2030-07-17,M03,CNC,2.96,55.01,11.27,72.9,3016.6,normal,172.31,11.9,84.27,0,none,0.0
2030-07-18,M03,CNC,3.19,51.97,9.82,78.4,3049.7,normal,172.53,16.9,84.06,0,none,0.0
2030-07-19,M03,CNC,2.98,60.18,15.7,71.4,3074.1,normal,172.58,10.6,84.01,0,none,0.0
2030-07-20,M03,CNC,3.15,62.71,11.51,59.5,2964.4,normal,172.88,11.4,83.71,0,none,0.0
2030-07-21,M03,CNC,2.43,63.17,10.15,61.8,3025.5,normal,173.14,11.2,83.44,0,none,0.0
2030-07-22,M03,CNC,1.93,54.81,12.02,75.7,2847.4,normal,173.44,10.6,83.14,0,none,0.0
2030-07-23,M03,CNC,3.0,56.71,15.46,69.8,2882.5,normal,173.64,9.3,82.94,0,none,0.0
2030-07-24,M03,CNC,3.0,58.06,23.32,96.6,3917.5,peak,174.13,10.8,82.46,0,none,0.0
2030-07-25,M03,CNC,3.67,62.69,19.75,96.6,4084.0,peak,174.34,10.8,82.24,0,none,0.0
2030-07-26,M03,CNC,1.94,52.33,15.74,53.4,4084.0,normal,174.84,16.3,81.74,0,none,0.0
2030-07-27,M03,CNC,1.81,63.11,11.5,87.7,2895.1,normal,175.01,12.4,81.57,0,none,0.0
2030-07-28,M03,CNC,2.72,51.2,11.08,81.4,2958.6,normal,175.13,17.9,81.46,0,none,0.0
2030-07-29,M03,CNC,3.94,65.29,26.7,101.7,4093.8,peak,175.56,13.6,81.02,0,none,0.0
2030-07-30,M03,CNC,3.14,54.94,15.26,84.2,2863.2,normal,175.94,12.4,80.64,0,none,0.0
2030-07-31,M03,CNC,2.67,51.09,14.94,58.6,2821.2,normal,176.08,10.3,80.51,0,none,0.0
2030-08-01,M03,CNC,2.36,58.65,15.06,89.0,2931.8,normal,176.13,9.6,80.46,0,none,0.0
2030-08-02,M03,CNC,1.88,61.24,13.17,69.0,2892.8,normal,176.39,18.0,80.19,0,none,0.0
2030-08-03,M03,CNC,2.5,55.08,14.42,72.7,3063.1,normal,176.68,11.6,79.91,0,none,0.0
2030-08-04,M03,CNC,2.56,53.57,15.03,73.2,2862.1,normal,177.08,12.6,79.51,0,none,0.0
2030-08-05,M03,CNC,0.89,43.58,5.27,22.7,900.9,idle,177.16,16.7,79.42,0,none,0.0
2030-08-06,M03,CNC,1.93,43.58,15.89,22.7,900.9,normal,177.24,10.0,79.34,0,none,0.0
2030-08-07,M03,CNC,1.93,54.95,13.73,80.8,3024.9,normal,177.43,9.7,79.16,0,none,0.0
2030-08-08,M03,CNC,1.93,48.11,4.66,20.7,889.5,idle,177.73,13.6,78.86,0,none,0.0
2030-08-09,M03,CNC,3.13,61.89,13.26,76.6,3079.2,normal,178.11,13.8,78.47,0,none,0.0
2030-08-10,M03,CNC,2.4,54.97,15.85,84.8,2896.9,normal,178.14,13.7,78.44,0,none,0.0
2030-08-11,M03,CNC,3.57,65.06,19.49,109.4,3921.3,peak,178.39,10.5,78.19,0,none,0.0
2030-08-12,M03,CNC,0.96,41.89,4.82,20.1,903.5,idle,178.68,16.9,77.91,0,none,0.0
2030-08-13,M03,CNC,2.61,59.38,9.84,60.0,2822.3,normal,178.71,17.8,77.87,0,none,0.0
2030-08-14,M03,CNC,2.2,59.41,13.18,75.3,2964.8,normal,178.79,13.9,77.79,0,none,0.0
2030-08-15,M03,CNC,0.78,42.45,4.21,25.1,893.1,idle,178.88,9.5,77.71,0,none,0.0
2030-08-16,M03,CNC,2.06,52.66,15.17,80.2,2997.8,normal,178.94,15.1,77.64,0,none,0.0
2030-08-17,M03,CNC,2.37,53.93,15.17,82.3,2890.5,normal,179.23,17.6,77.36,0,none,0.0
2030-08-18,M03,CNC,0.95,47.59,4.45,22.6,863.0,idle,179.58,11.3,77.01,0,none,0.0
2030-08-19,M03,CNC,0.73,47.23,4.4,24.9,919.7,idle,179.63,17.5,76.96,0,none,0.0
2030-08-20,M03,CNC,3.26,66.04,26.02,106.8,4028.0,peak,179.83,18.0,76.76,0,none,0.0
2030-08-21,M03,CNC,0.8,44.54,4.89,25.8,872.9,idle,180.28,10.1,76.31,0,none,0.0
2030-08-22,M03,CNC,0.98,42.69,5.48,24.0,882.5,idle,180.33,10.8,76.26,0,none,0.0
2030-08-23,M03,CNC,0.88,42.73,4.41,20.7,858.0,idle,180.78,8.7,75.81,0,none,0.0
2030-08-24,M03,CNC,0.8,47.63,4.91,20.6,909.7,idle,181.13,12.0,75.46,0,none,0.0
2030-08-25,M03,CNC,0.88,49.61,5.01,21.1,883.2,idle,181.24,15.7,75.34,0,none,0.0
2030-08-26,M03,CNC,0.89,40.28,4.02,20.8,867.6,idle,181.48,16.5,75.11,0,none,0.0
2030-08-27,M03,CNC,0.83,44.87,4.21,24.0,891.7,idle,181.59,12.0,74.99,0,none,0.0
2030-08-28,M03,CNC,0.79,40.14,4.12,22.4,860.8,idle,181.96,14.5,74.62,0,none,0.0
2030-08-29,M03,CNC,2.4,40.14,4.82,21.4,860.8,idle,182.04,16.0,74.54,0,none,0.0
2030-08-30,M03,CNC,0.88,48.61,5.13,23.3,875.4,idle,182.46,11.1,74.12,0,none,0.0
2030-08-31,M03,CNC,0.81,48.79,4.06,25.9,896.5,idle,182.84,11.6,73.74,0,none,0.0
2030-09-01,M03,CNC,0.9,40.38,4.91,22.9,857.4,idle,182.93,13.1,73.66,0,none,0.0
2030-09-02,M03,CNC,0.78,48.9,4.82,22.5,855.1,idle,183.21,11.9,73.37,0,none,0.0
2030-09-03,M03,CNC,0.91,47.03,4.92,23.1,880.4,idle,183.38,12.2,73.21,0,none,0.0
2030-09-04,M03,CNC,0.88,42.33,4.92,23.5,871.8,idle,183.81,11.7,72.77,0,none,0.0
2030-09-05,M03,CNC,0.83,48.06,4.24,21.8,897.6,idle,183.93,12.3,72.66,0,none,0.0
2030-09-06,M03,CNC,0.79,47.93,4.2,24.6,854.8,idle,183.98,17.7,72.61,0,none,0.0
2030-09-07,M03,CNC,0.7,48.98,4.87,22.1,866.3,idle,184.36,14.9,72.22,0,none,0.0
2030-09-08,M03,CNC,2.66,57.64,15.95,89.4,2990.5,normal,184.46,13.3,72.12,0,none,0.0
2030-09-09,M03,CNC,0.83,44.91,5.02,20.6,873.0,idle,184.83,10.9,71.76,0,none,0.0
2030-09-10,M03,CNC,0.72,40.73,4.29,22.9,904.9,idle,185.08,16.0,71.51,0,none,0.0
2030-09-11,M03,CNC,0.85,43.35,4.29,23.3,869.0,idle,185.26,9.3,71.32,0,none,0.0
2030-09-12,M03,CNC,0.88,49.77,4.17,21.3,883.1,idle,185.76,10.5,70.82,0,none,0.0
2030-09-13,M03,CNC,0.99,47.72,5.35,22.0,919.4,idle,186.01,8.5,70.57,0,none,0.0
2030-09-14,M03,CNC,1.94,50.79,15.06,87.2,2827.2,normal,186.08,13.1,70.51,0,none,0.0
2030-09-15,M03,CNC,0.73,40.33,4.16,21.3,917.9,idle,186.38,8.9,70.21,0,none,0.0
2030-09-16,M03,CNC,0.9,47.79,5.16,23.2,905.8,idle,186.76,16.1,69.82,0,none,0.0
2030-09-17,M03,CNC,0.88,43.15,4.84,23.2,907.6,idle,186.98,8.8,69.61,0,none,0.0
2030-09-18,M03,CNC,0.99,44.11,5.15,20.6,904.4,idle,187.28,15.4,69.31,0,none,0.0
2030-09-19,M03,CNC,0.81,40.39,4.54,23.7,858.4,idle,187.54,9.8,69.04,0,none,0.0
2030-09-20,M03,CNC,0.98,40.78,5.4,24.2,873.1,idle,187.78,12.2,68.81,0,none,0.0
2030-09-21,M03,CNC,0.82,47.41,4.9,24.0,877.2,idle,188.18,13.9,68.41,0,none,0.0
2030-09-22,M03,CNC,0.85,49.9,4.32,22.5,870.4,idle,188.44,12.5,68.14,0,none,0.0
2030-09-23,M03,CNC,2.87,61.46,11.4,55.1,2803.4,normal,188.89,17.7,67.69,0,none,0.0
2030-09-24,M03,CNC,0.83,44.1,5.48,22.8,868.0,idle,189.38,10.1,67.21,0,none,0.0
2030-09-25,M03,CNC,0.97,44.91,4.9,20.6,876.8,idle,189.44,14.0,67.14,0,none,0.0
2030-09-26,M03,CNC,0.98,45.9,4.52,23.8,913.7,idle,189.93,12.3,66.66,0,none,0.0
2030-09-27,M03,CNC,2.18,57.58,15.73,58.5,3015.9,normal,189.96,9.2,66.62,0,none,0.0
2030-09-28,M03,CNC,2.18,46.8,4.53,21.9,897.9,idle,190.08,12.6,66.51,0,none,0.0
2030-09-29,M03,CNC,0.76,44.2,4.28,20.1,917.9,idle,190.31,17.7,66.27,0,none,0.0
2030-09-30,M03,CNC,0.83,49.69,4.21,23.5,864.1,idle,190.66,11.0,65.92,0,none,0.0
2030-10-01,M03,CNC,3.83,71.32,19.13,108.7,3858.4,peak,191.13,11.6,65.46,0,none,0.0
2030-10-02,M03,CNC,3.69,74.76,26.82,109.3,3902.8,peak,191.51,14.8,65.07,0,none,0.0
2030-10-03,M03,CNC,3.69,52.83,12.75,82.1,2845.1,normal,191.96,9.3,64.62,0,none,0.0
2030-10-04,M03,CNC,2.72,54.85,11.72,77.2,2940.1,normal,191.99,16.2,64.59,0,none,0.0
2030-10-05,M03,CNC,3.85,60.65,25.9,96.0,3858.2,peak,192.39,16.6,64.19,0,none,0.0
2030-10-06,M03,CNC,2.72,62.82,11.14,64.4,2961.1,normal,192.53,9.5,64.06,0,none,0.0
2030-10-07,M03,CNC,2.1,62.17,14.53,57.5,2939.2,normal,192.68,14.3,63.91,0,none,0.0
2030-10-08,M03,CNC,2.88,55.06,13.62,53.9,2982.6,normal,193.13,8.9,63.46,0,none,0.0
2030-10-09,M03,CNC,2.01,62.46,11.81,62.7,3052.3,normal,193.56,12.7,63.02,0,none,0.0
2030-10-10,M03,CNC,1.87,55.95,11.91,62.8,3073.5,normal,193.59,17.0,62.99,0,none,0.0
2030-10-11,M03,CNC,0.93,40.64,5.07,23.2,913.1,idle,194.01,17.6,62.57,0,none,0.0
2030-10-12,M03,CNC,2.24,58.61,12.75,23.2,2936.8,normal,194.29,12.5,62.29,0,none,0.0
2030-10-13,M03,CNC,2.09,61.34,12.43,88.4,2878.2,normal,194.44,13.7,62.14,0,none,0.0
2030-10-14,M03,CNC,2.76,64.11,13.81,85.1,3048.2,normal,194.91,11.3,61.67,0,none,0.0
2030-10-15,M03,CNC,2.3,59.0,10.52,85.1,2869.1,normal,194.99,15.1,61.59,0,none,0.0
2030-10-16,M03,CNC,0.92,45.28,4.62,21.6,919.9,idle,195.24,15.4,61.34,0,none,0.0
2030-10-17,M03,CNC,0.72,40.44,4.33,25.8,918.5,idle,195.59,18.0,60.99,0,none,0.0
2030-10-18,M03,CNC,2.72,63.2,10.89,88.9,918.5,normal,195.64,12.9,60.94,0,none,0.0
2030-10-19,M03,CNC,0.73,41.12,4.86,24.7,875.7,idle,195.98,17.4,60.61,0,none,0.0
2030-10-20,M03,CNC,0.99,44.34,4.23,22.8,897.5,idle,196.48,12.9,60.11,0,none,0.0
2030-10-21,M03,CNC,2.97,56.88,13.36,22.8,2993.8,normal,196.88,8.2,59.71,0,none,0.0
2030-10-22,M03,CNC,3.18,50.74,15.26,73.4,2875.6,normal,197.21,8.6,59.37,0,none,0.0
2030-10-23,M03,CNC,3.14,57.25,11.66,58.9,2873.3,normal,197.71,16.9,58.87,0,none,0.0
2030-10-24,M03,CNC,2.97,59.22,15.44,60.8,2836.3,normal,197.79,17.4,58.79,0,none,0.0
2030-10-25,M03,CNC,1.81,57.62,15.99,78.4,2892.5,normal,198.01,12.4,58.57,0,none,0.0
2030-10-26,M03,CNC,3.03,61.73,9.6,83.0,2890.2,normal,198.13,9.9,58.46,0,none,0.0
2030-10-27,M03,CNC,2.01,53.39,12.55,68.1,2886.7,normal,198.34,13.1,58.24,0,none,0.0
2030-10-28,M03,CNC,3.34,70.96,27.9,68.1,3888.8,peak,198.68,11.4,57.91,0,none,0.0
2030-10-29,M03,CNC,1.61,42.18,4.21,23.3,892.4,idle,199.03,15.2,57.56,0,none,0.0
2030-10-30,M03,CNC,2.79,60.2,11.4,64.5,3004.4,normal,199.29,10.9,57.29,0,none,0.0
2030-10-31,M03,CNC,2.29,53.19,11.93,62.3,2826.5,normal,199.69,12.2,56.89,0,none,0.0
2030-11-01,M03,CNC,0.95,48.53,4.33,20.4,901.7,idle,200.08,11.6,56.51,0,none,0.0
2030-11-02,M03,CNC,0.76,43.93,4.1,21.4,905.5,idle,200.36,16.4,56.22,0,none,0.0
2030-11-03,M03,CNC,2.93,53.11,11.68,57.1,2822.2,normal,200.71,14.9,55.87,0,none,0.0
2030-11-04,M03,CNC,1.0,46.56,4.81,24.6,908.8,idle,200.78,9.3,55.81,0,none,0.0
2030-11-05,M03,CNC,2.93,50.25,10.71,76.9,2912.7,normal,200.91,12.9,55.67,0,none,0.0
2030-11-06,M03,CNC,3.18,59.98,15.72,59.6,3059.2,normal,201.36,17.9,55.22,0,none,0.0
2030-11-07,M03,CNC,3.18,59.98,10.52,71.6,3037.8,normal,201.54,13.6,55.04,0,none,0.0
2030-11-08,M03,CNC,2.41,57.02,15.91,68.2,2981.2,normal,201.58,10.6,55.01,0,none,0.0
2030-11-09,M03,CNC,1.88,62.63,13.71,67.3,2804.8,normal,201.96,16.3,54.62,0,none,0.0
2030-11-10,M03,CNC,2.63,62.63,9.51,75.4,2856.7,normal,202.46,16.1,54.12,0,none,0.0
2030-11-11,M03,CNC,2.07,59.8,9.85,63.9,2844.8,normal,202.66,14.2,53.92,0,none,0.0
2030-11-12,M03,CNC,2.61,59.93,14.19,61.7,2826.8,normal,202.74,12.9,53.84,0,none,0.0
2030-11-13,M03,CNC,0.72,44.26,5.42,21.3,868.0,idle,202.94,15.7,53.64,0,none,0.0
2030-11-14,M03,CNC,0.73,46.06,5.02,23.9,910.3,idle,203.38,10.7,53.21,0,none,0.0
2030-11-15,M03,CNC,0.85,41.34,5.02,24.0,892.9,idle,203.48,16.7,53.11,0,none,0.0
2030-11-16,M03,CNC,0.86,46.83,4.96,25.3,891.0,idle,203.83,15.1,52.76,0,none,0.0
2030-11-17,M03,CNC,0.93,42.49,5.02,25.4,877.0,idle,204.09,17.6,52.49,0,none,0.0
2030-11-18,M03,CNC,0.93,47.25,4.09,23.5,859.1,idle,204.53,9.1,52.06,0,none,0.0
2030-11-19,M03,CNC,0.99,48.11,4.16,20.7,891.6,idle,204.88,16.6,51.71,0,none,0.0
2030-11-20,M03,CNC,0.8,40.35,4.81,22.3,857.1,idle,204.96,8.4,51.62,0,none,0.0
2030-11-21,M03,CNC,0.94,49.15,5.13,24.9,865.1,idle,205.04,9.2,51.54,0,none,0.0
2030-11-22,M03,CNC,2.17,53.13,14.47,88.0,3015.1,normal,205.18,9.6,51.41,0,none,0.0
2030-11-23,M03,CNC,0.96,46.39,4.58,22.6,855.3,idle,205.36,15.6,51.22,0,none,0.0
2030-11-24,M03,CNC,0.71,46.95,4.66,23.3,889.0,idle,205.64,9.0,50.94,0,none,0.0
2030-11-25,M03,CNC,0.78,44.76,4.71,22.3,907.5,idle,206.01,16.2,50.57,0,none,0.0
2030-11-26,M03,CNC,0.84,46.04,5.34,25.2,912.3,idle,206.09,12.4,50.49,0,none,0.0
2030-11-27,M03,CNC,0.78,40.35,4.39,21.7,913.7,idle,206.34,8.1,50.24,0,none,0.0
2030-11-28,M03,CNC,0.89,40.82,4.2,20.9,894.1,idle,206.81,11.4,49.77,0,none,0.0
2030-11-29,M03,CNC,0.92,48.6,5.41,21.2,871.7,idle,207.11,10.7,49.47,0,none,0.0
2030-11-30,M03,CNC,0.77,43.59,5.37,23.4,901.7,idle,207.51,11.6,49.07,0,none,0.0
2030-12-01,M03,CNC,0.85,40.29,4.1,23.2,900.3,idle,207.89,15.5,48.69,0,none,0.0
2030-12-02,M03,CNC,0.76,47.22,5.22,22.5,902.2,idle,208.19,10.3,48.39,0,none,0.0
2030-12-03,M03,CNC,0.82,46.78,5.22,25.9,874.2,idle,208.64,17.2,47.94,0,none,0.0
2030-12-04,M03,CNC,0.82,41.66,4.31,24.2,914.2,idle,209.14,16.5,47.44,0,none,0.0
2030-12-05,M03,CNC,0.82,41.8,4.43,22.7,870.4,idle,209.59,17.4,46.99,0,none,0.0
2030-12-06,M03,CNC,0.77,47.36,4.01,23.2,905.6,idle,209.86,8.1,46.72,0,none,0.0
2030-12-07,M03,CNC,0.78,46.03,5.0,23.9,881.2,idle,210.31,8.7,46.27,0,none,0.0
2030-12-08,M03,CNC,0.8,48.36,5.14,21.9,857.2,idle,210.51,17.8,46.07,0,none,0.0
2030-12-09,M03,CNC,0.72,40.94,4.87,20.3,873.6,idle,210.63,11.9,45.96,0,none,0.0
2030-12-10,M03,CNC,0.93,42.94,5.14,24.5,867.2,idle,210.68,14.4,45.91,0,none,0.0
2030-12-11,M03,CNC,0.92,47.48,4.6,21.3,886.5,idle,211.18,17.8,45.41,0,none,0.0
2030-12-12,M03,CNC,0.98,46.4,4.26,24.1,879.9,idle,211.58,16.8,45.01,0,none,0.0
2030-12-13,M03,CNC,0.88,47.34,4.77,24.9,900.5,idle,211.76,16.9,44.82,0,none,0.0
2030-12-14,M03,CNC,0.88,41.51,5.25,25.6,859.6,idle,212.16,11.0,44.42,0,none,0.0
2030-12-15,M03,CNC,2.48,53.88,14.4,79.4,2842.3,normal,212.58,11.4,44.01,0,none,0.0
2030-12-16,M03,CNC,3.03,52.71,14.68,69.4,2898.5,normal,213.04,13.3,43.54,0,none,0.0
2030-12-17,M03,CNC,0.75,41.68,4.99,23.3,858.5,idle,213.14,12.5,43.44,0,none,0.0
2030-12-18,M03,CNC,0.73,40.72,5.12,24.3,854.1,idle,213.28,14.2,43.31,0,none,0.0
2030-12-19,M03,CNC,0.87,40.85,5.36,25.4,898.9,idle,213.63,15.0,42.96,0,none,0.0
2030-12-20,M03,CNC,0.98,48.11,5.24,23.4,871.4,idle,214.13,14.5,42.46,0,none,0.0
2030-12-21,M03,CNC,2.1,54.91,13.59,58.6,2877.6,normal,214.56,11.0,42.02,0,none,0.0
2030-12-22,M03,CNC,2.46,53.5,13.33,87.1,3024.4,normal,214.61,11.9,41.97,0,none,0.0
2030-12-23,M03,CNC,2.46,45.83,4.73,21.1,912.6,idle,215.03,9.3,41.56,0,none,0.0
2030-12-24,M03,CNC,2.15,51.37,14.38,58.7,2911.6,normal,215.34,8.9,41.24,0,none,0.0
2030-12-25,M03,CNC,1.84,52.06,10.63,54.1,2997.0,normal,215.66,11.4,40.92,0,none,0.0
2030-12-26,M03,CNC,2.97,55.6,15.18,60.1,2897.6,normal,216.03,8.3,40.56,0,none,0.0
2030-12-27,M03,CNC,2.01,59.31,12.23,75.3,3028.5,normal,216.48,10.6,40.11,0,none,0.0
2030-12-28,M03,CNC,0.86,46.28,5.4,21.8,3028.5,idle,216.94,15.3,39.64,0,none,0.0
2030-12-29,M03,CNC,2.8,59.17,10.66,66.3,2940.3,normal,217.24,8.6,39.34,0,none,0.0
2030-12-30,M03,CNC,2.39,52.67,15.51,81.0,2944.4,normal,217.46,13.1,39.12,0,none,0.0
2030-12-31,M03,CNC,2.75,63.46,10.39,61.5,2962.8,normal,217.54,14.5,39.04,0,none,0.0
2031-01-01,M03,CNC,2.92,50.54,15.9,69.3,2907.8,normal,217.63,13.7,38.96,0,none,0.0
2031-01-02,M03,CNC,2.21,52.62,14.65,88.3,2924.1,normal,217.66,17.8,38.92,0,none,0.0
2031-01-03,M03,CNC,0.99,48.24,4.72,24.0,880.5,idle,218.11,13.8,38.47,0,none,0.0
2031-01-04,M03,CNC,0.87,40.58,5.04,20.3,907.2,idle,218.51,14.3,38.07,0,none,0.0
2031-01-05,M03,CNC,0.95,42.37,4.49,22.9,891.8,idle,218.83,10.3,37.76,0,none,0.0
2031-01-06,M03,CNC,2.2,58.89,11.44,54.1,2800.8,normal,219.01,15.8,37.57,0,none,0.0
2031-01-07,M03,CNC,1.94,61.88,15.75,68.2,2953.8,normal,219.41,9.4,37.17,0,none,0.0
2031-01-08,M03,CNC,1.94,58.27,10.44,75.2,3080.0,normal,219.64,10.5,36.94,0,none,0.0
2031-01-09,M03,CNC,2.07,61.47,9.65,66.3,2833.2,normal,219.84,9.9,36.74,0,none,0.0
2031-01-10,M03,CNC,2.29,52.6,11.93,66.3,2890.2,normal,220.28,9.0,36.31,0,none,0.0
2031-01-11,M03,CNC,2.72,63.78,12.1,59.3,2881.2,normal,220.68,12.1,35.91,0,none,0.0
2031-01-12,M03,CNC,3.0,58.57,12.46,57.7,2934.9,normal,220.74,16.9,35.84,0,none,0.0
2031-01-13,M03,CNC,2.19,64.15,15.25,55.2,2955.0,normal,221.03,8.8,35.56,0,none,0.0
2031-01-14,M03,CNC,2.12,56.16,15.2,72.0,2900.3,normal,221.41,13.9,35.17,0,none,0.0
2031-01-15,M03,CNC,0.76,48.0,4.94,22.8,865.2,idle,221.71,16.7,34.87,0,none,0.0
2031-01-16,M03,CNC,2.27,64.4,12.88,67.2,2956.4,normal,222.04,12.2,34.54,0,none,0.0
2031-01-17,M03,CNC,0.93,43.4,4.27,23.5,896.6,idle,222.31,17.5,34.27,0,none,0.0
2031-01-18,M03,CNC,3.77,72.99,21.71,96.1,4087.5,peak,222.73,16.2,33.86,0,none,0.0
2031-01-19,M03,CNC,2.41,59.35,13.83,72.8,4087.5,normal,222.83,12.8,33.76,0,none,0.0
2031-01-20,M03,CNC,2.86,62.06,13.09,70.6,2834.2,normal,223.09,15.0,33.49,0,none,0.0
2031-01-21,M03,CNC,1.92,55.09,11.52,88.2,3035.1,normal,223.58,14.9,33.01,0,none,0.0
2031-01-22,M03,CNC,2.72,57.76,10.59,89.2,2912.5,normal,223.84,15.5,32.74,0,none,0.0
2031-01-23,M03,CNC,1.95,57.41,15.18,85.7,2803.3,normal,224.16,17.5,32.42,0,none,0.0
2031-01-24,M03,CNC,0.97,42.71,4.06,25.1,910.5,idle,224.51,9.1,32.07,0,none,0.0
2031-01-25,M03,CNC,2.63,58.62,14.79,81.9,3067.0,normal,224.73,8.4,31.86,0,none,0.0
2031-01-26,M03,CNC,2.57,64.51,15.97,56.4,3054.9,normal,224.83,11.0,31.76,0,none,0.0
2031-01-27,M03,CNC,2.5,64.51,13.48,54.1,2951.9,normal,225.04,12.9,31.54,0,none,0.0
2031-01-28,M03,CNC,3.02,53.2,12.27,87.7,2928.6,normal,225.49,15.8,31.09,0,none,0.0
2031-01-29,M03,CNC,2.3,56.61,12.88,76.0,3040.2,normal,225.74,16.9,30.84,0,none,0.0
2031-01-30,M03,CNC,2.43,62.26,12.97,64.9,2997.4,normal,226.24,9.8,30.34,0,none,0.0
2031-01-31,M03,CNC,2.8,58.37,9.87,58.5,2885.6,normal,226.66,9.2,29.92,0,none,0.0
2031-02-01,M03,CNC,2.8,60.1,9.62,80.7,2879.6,normal,226.88,8.4,29.71,0,none,0.0
2031-02-02,M03,CNC,2.23,57.92,10.9,85.6,2825.6,normal,227.16,13.7,29.42,0,none,0.0
2031-02-03,M03,CNC,2.42,57.92,13.5,63.1,2926.2,normal,227.66,11.8,28.92,0,none,0.0
2031-02-04,M03,CNC,0.91,49.73,5.34,22.1,919.9,idle,228.13,14.1,28.46,0,none,0.0
2031-02-05,M03,CNC,0.7,40.28,5.24,21.2,854.2,idle,228.56,14.4,28.02,0,none,0.0
2031-02-06,M03,CNC,0.77,44.26,5.1,23.8,866.6,idle,228.99,12.5,27.59,0,none,0.0
2031-02-07,M03,CNC,0.77,49.26,5.22,21.9,918.8,idle,229.48,8.9,27.11,0,none,0.0
2031-02-08,M03,CNC,0.91,40.62,4.05,21.0,901.0,idle,229.83,12.1,26.76,0,none,0.0
2031-02-09,M03,CNC,2.06,57.67,10.11,87.0,2903.2,normal,229.98,11.4,26.61,0,none,0.0
2031-02-10,M03,CNC,3.07,64.17,9.54,69.6,2807.4,normal,230.03,16.9,26.56,0,none,0.0
2031-02-11,M03,CNC,0.97,45.18,4.11,20.7,876.9,idle,230.44,8.9,26.14,0,none,0.0
2031-02-12,M03,CNC,0.98,46.93,5.3,22.2,853.0,idle,230.56,13.7,26.02,0,none,0.0
2031-02-13,M03,CNC,0.99,40.17,5.42,22.2,850.7,idle,231.01,11.1,25.57,0,none,0.0
2031-02-14,M03,CNC,0.91,49.81,5.45,21.0,862.7,idle,231.38,13.6,25.21,0,none,0.0
2031-02-15,M03,CNC,2.59,59.56,14.31,58.9,3087.7,normal,231.51,13.4,25.07,0,none,0.0
2031-02-16,M03,CNC,0.89,48.47,4.81,22.5,918.4,idle,231.94,13.7,24.64,0,none,0.0
2031-02-17,M03,CNC,0.87,48.67,5.43,24.1,888.4,idle,232.08,13.0,24.51,0,none,0.0
2031-02-18,M03,CNC,0.7,40.4,4.3,21.1,867.8,idle,232.11,17.4,24.47,0,none,0.0
2031-02-19,M03,CNC,0.7,55.4,12.23,55.8,2812.7,normal,232.23,10.7,24.36,0,none,0.0
2031-02-20,M03,CNC,0.9,45.37,4.67,23.8,907.9,idle,232.36,15.1,24.22,0,none,0.0
2031-02-21,M03,CNC,0.83,46.41,5.43,25.0,879.8,idle,232.86,8.8,23.72,0,none,0.0
2031-02-22,M03,CNC,0.89,41.77,4.84,25.9,879.8,idle,233.18,12.0,23.41,0,none,0.0
2031-02-23,M03,CNC,0.98,44.07,5.5,23.5,853.0,idle,233.23,17.3,23.36,0,none,0.0
2031-02-24,M03,CNC,0.88,42.75,4.05,24.9,869.3,idle,233.43,12.1,23.16,0,none,0.0
2031-02-25,M03,CNC,0.94,42.88,4.29,25.8,875.3,idle,233.91,11.8,22.67,0,none,0.0
2031-02-26,M03,CNC,0.88,46.1,4.84,25.5,897.2,idle,233.98,9.0,22.61,0,none,0.0
2031-02-27,M03,CNC,0.82,48.62,4.27,23.3,916.5,idle,234.09,9.8,22.49,0,none,0.0
2031-02-28,M03,CNC,0.89,48.17,4.98,25.0,916.1,idle,234.53,11.1,22.06,0,none,0.0
2031-03-01,M03,CNC,0.78,41.7,4.73,24.2,865.9,idle,234.78,8.6,21.81,0,none,0.0
2031-03-02,M03,CNC,0.7,43.43,5.45,24.2,878.1,idle,234.98,15.1,21.61,0,none,0.0
2031-03-03,M03,CNC,0.76,43.56,4.25,20.6,913.5,idle,235.16,11.2,21.42,0,none,0.0
2031-03-04,M03,CNC,3.2,52.46,9.85,64.5,2938.5,normal,235.41,10.6,21.17,0,none,0.0
2031-03-05,M03,CNC,2.09,54.52,10.81,81.4,3013.8,normal,235.88,8.5,20.71,0,none,0.0
2031-03-06,M03,CNC,0.89,43.87,5.36,25.8,862.1,idle,236.03,13.9,20.56,0,none,0.0
2031-03-07,M03,CNC,2.11,57.88,10.09,68.6,2974.5,normal,236.31,13.0,20.27,0,none,0.0
2031-03-08,M03,CNC,2.53,54.96,13.03,88.4,2861.8,normal,236.39,11.2,20.19,0,none,0.0
2031-03-09,M03,CNC,2.72,50.65,9.93,88.4,2831.5,normal,236.71,12.8,19.87,0,none,0.0
2031-03-10,M03,CNC,1.83,52.57,13.17,78.7,2860.7,normal,236.96,17.1,19.62,0,none,0.0
2031-03-11,M03,CNC,2.74,52.74,13.49,67.7,2996.1,normal,236.99,17.6,19.59,0,none,0.0
2031-03-12,M03,CNC,3.19,64.07,9.53,85.7,2819.9,normal,237.38,15.6,19.21,0,none,0.0
2031-03-13,M03,CNC,0.99,42.82,4.57,20.6,857.9,idle,237.74,11.0,18.84,0,none,0.0
2031-03-14,M03,CNC,2.82,64.16,13.47,79.2,3028.6,normal,237.99,16.5,18.59,0,none,0.0
2031-03-15,M03,CNC,2.17,50.68,9.51,65.3,2872.4,normal,238.29,17.7,18.29,0,none,0.0
2031-03-16,M03,CNC,1.89,52.69,10.31,86.8,2842.1,normal,238.51,9.7,18.07,0,none,0.0
2031-03-17,M03,CNC,2.55,58.9,13.03,55.8,2895.6,normal,238.66,12.2,17.92,0,none,0.0
2031-03-18,M03,CNC,1.87,55.94,10.73,73.3,3007.8,normal,238.98,8.0,17.61,0,none,0.0
2031-03-19,M03,CNC,3.63,65.38,21.87,107.6,3007.8,peak,239.24,14.2,17.34,0,none,0.0
2031-03-20,M03,CNC,3.79,70.88,22.19,99.5,3941.2,peak,239.61,8.0,16.97,0,none,0.0
2031-03-21,M03,CNC,1.93,50.69,10.23,59.1,2951.2,normal,239.89,10.5,16.69,0,none,0.0
2031-03-22,M03,CNC,2.99,53.53,15.58,88.3,3087.7,normal,240.28,11.5,16.31,0,none,0.0
2031-03-23,M03,CNC,2.97,55.46,9.97,73.6,2967.6,normal,240.64,16.4,15.94,0,none,0.0
2031-03-24,M03,CNC,2.99,64.94,12.8,65.1,2855.8,normal,240.83,15.4,15.76,0,none,0.0
2031-03-25,M03,CNC,1.81,57.64,13.11,83.3,2951.4,normal,241.16,8.9,15.42,0,none,0.0
2031-03-26,M03,CNC,3.08,59.42,14.96,57.6,3056.6,normal,241.56,9.4,15.02,0,none,0.0
2031-03-27,M03,CNC,3.74,60.89,19.9,57.6,3809.7,peak,241.88,16.8,14.71,0,none,0.0
2031-03-28,M03,CNC,2.45,54.7,13.82,83.9,2908.1,normal,242.01,17.6,14.57,0,none,0.0
2031-03-29,M03,CNC,0.83,49.82,5.18,25.4,880.7,idle,242.21,17.5,14.37,0,none,0.0
2031-03-30,M03,CNC,2.13,56.18,14.15,56.2,2881.1,normal,242.58,15.5,14.01,0,none,0.0
2031-03-31,M03,CNC,1.87,56.49,14.88,52.9,3002.6,normal,242.84,14.6,13.74,0,none,0.0
2031-04-01,M03,CNC,3.11,53.55,14.01,89.0,3088.7,normal,243.04,12.6,13.54,0,none,0.0
2031-04-02,M03,CNC,2.13,51.5,10.46,78.7,3017.7,normal,243.39,17.1,13.19,0,none,0.0
2031-04-03,M03,CNC,2.74,55.04,10.6,74.1,2945.1,normal,243.49,8.0,13.09,0,none,0.0
2031-04-04,M03,CNC,2.82,56.62,11.7,63.1,2863.4,normal,243.78,8.1,12.81,0,none,0.0
2031-04-05,M03,CNC,2.17,51.42,11.75,53.4,2855.9,normal,243.89,17.0,12.69,0,none,0.0
2031-04-06,M03,CNC,2.85,54.88,13.84,79.2,2974.4,normal,244.29,11.9,12.29,0,none,0.0
2031-04-07,M03,CNC,0.99,40.21,5.11,25.8,910.4,idle,244.36,14.5,12.22,0,none,0.0
2031-04-08,M03,CNC,2.04,54.9,10.62,74.8,3013.7,normal,244.43,16.9,12.16,0,none,0.0
2031-04-09,M03,CNC,0.8,45.4,5.04,22.5,909.8,idle,244.89,14.7,11.69,0,none,0.0
2031-04-10,M03,CNC,3.82,59.1,24.21,98.5,3967.3,peak,245.11,11.8,11.47,0,none,0.0
2031-04-11,M03,CNC,3.14,63.19,12.13,63.1,2870.3,normal,245.46,9.8,11.12,0,none,0.0
2031-04-12,M03,CNC,0.86,41.14,4.82,20.0,872.7,idle,245.89,17.8,10.69,0,none,0.0
2031-04-13,M03,CNC,2.11,64.57,14.23,65.3,2827.8,normal,245.98,17.4,10.61,0,none,0.0
2031-04-14,M03,CNC,2.52,53.2,12.99,83.7,2984.7,normal,246.24,15.4,10.34,0,none,0.0
2031-04-15,M03,CNC,2.69,58.12,15.53,87.4,2984.7,normal,246.68,17.2,9.91,0,none,0.0
2031-04-16,M03,CNC,2.23,56.89,10.71,76.2,2950.0,normal,246.89,16.2,9.69,0,none,0.0
2031-04-17,M03,CNC,1.94,52.96,12.62,85.7,2969.9,normal,247.26,15.2,9.32,0,none,0.0
2031-04-18,M03,CNC,3.75,63.76,23.71,101.7,3997.7,peak,247.41,17.7,9.17,0,none,0.0
2031-04-19,M03,CNC,1.87,57.4,11.42,64.4,3088.3,normal,247.46,17.0,9.12,0,none,0.0
2031-04-20,M03,CNC,2.06,54.67,12.81,84.8,2925.0,normal,247.86,8.1,8.72,0,none,0.0
2031-04-21,M03,CNC,2.84,54.67,11.52,66.9,2907.0,normal,248.33,9.1,8.26,0,none,0.0
2031-04-22,M03,CNC,2.97,50.67,11.5,77.8,2969.6,normal,248.49,12.9,8.09,0,none,0.0
2031-04-23,M03,CNC,2.41,50.67,10.78,68.4,2950.5,normal,248.81,15.4,7.77,0,none,0.0
2031-04-24,M03,CNC,0.97,42.61,5.3,23.9,851.4,idle,249.19,13.7,7.39,0,none,0.0
2031-04-25,M03,CNC,2.81,50.53,15.98,85.2,2889.2,normal,249.26,15.5,7.32,0,none,0.0
2031-04-26,M03,CNC,2.16,55.72,11.82,66.2,2895.5,normal,249.36,13.7,7.22,0,none,0.0
2031-04-27,M03,CNC,0.89,41.64,5.27,24.9,883.4,idle,249.51,15.3,7.07,0,none,0.0
2031-04-28,M03,CNC,2.99,53.71,9.61,75.5,2937.4,normal,249.68,14.8,6.91,0,none,0.0
2031-04-29,M03,CNC,0.87,48.99,5.45,23.8,903.5,idle,250.08,14.1,6.51,0,none,0.0
2031-04-30,M03,CNC,1.92,52.41,14.27,68.4,2933.8,normal,250.46,12.5,6.12,0,none,0.0
2031-05-01,M03,CNC,2.23,59.11,10.7,75.8,2852.1,normal,250.71,17.4,5.87,0,none,0.0
2031-05-02,M03,CNC,0.72,43.3,4.35,25.3,853.9,idle,250.76,11.2,5.82,0,none,0.0
2031-05-03,M03,CNC,3.34,67.33,22.81,95.7,3802.2,peak,251.24,10.7,5.34,0,none,0.0
2031-05-04,M03,CNC,3.18,59.88,11.88,69.9,2880.0,normal,251.63,13.0,4.96,0,none,0.0
2031-05-05,M03,CNC,0.8,46.49,5.32,21.1,908.8,idle,251.93,16.8,4.66,0,none,0.0
2031-05-06,M03,CNC,1.97,53.22,9.74,57.4,3075.2,normal,252.08,17.2,4.51,0,none,0.0
2031-05-07,M03,CNC,0.84,40.78,5.44,25.3,902.8,idle,252.39,8.1,4.19,0,none,0.0
2031-05-08,M03,CNC,0.98,42.2,5.25,24.1,910.9,idle,252.53,16.8,4.06,0,none,0.0
2031-05-09,M03,CNC,0.94,43.46,5.16,21.6,873.0,idle,252.98,15.4,3.61,0,none,0.0
2031-05-10,M03,CNC,0.73,49.35,4.44,23.1,873.0,idle,253.38,8.7,3.21,0,none,0.0
2031-05-11,M03,CNC,0.99,43.35,5.17,25.1,880.5,idle,253.53,11.3,3.06,0,none,0.0
2031-05-12,M03,CNC,0.81,47.48,5.37,24.5,865.9,idle,253.59,9.0,2.99,0,none,0.0
2031-05-13,M03,CNC,0.97,43.88,4.86,25.0,863.2,idle,253.88,8.2,2.71,0,none,0.0
2031-05-14,M03,CNC,0.94,45.96,5.34,21.0,879.5,idle,254.33,11.3,2.26,0,none,0.0
2031-05-15,M03,CNC,0.95,40.19,4.17,25.9,869.6,idle,254.49,12.7,2.09,0,none,0.0
2031-05-16,M03,CNC,0.99,41.83,4.54,24.5,896.0,idle,254.69,16.2,1.89,0,none,0.0
2031-05-17,M03,CNC,0.99,45.3,5.27,21.4,881.0,idle,254.99,17.4,1.59,0,none,0.0
2031-05-18,M03,CNC,0.75,45.96,4.38,22.0,883.0,idle,255.43,12.4,1.16,0,none,0.0
2031-05-19,M03,CNC,0.71,40.92,5.03,22.6,910.5,idle,255.51,13.8,1.07,0,none,0.0
2031-05-20,M03,CNC,2.77,50.12,13.51,55.6,3034.3,normal,255.58,17.2,1.01,0,none,0.0
2031-05-21,M03,CNC,1.0,45.31,5.02,55.6,880.6,idle,255.81,16.5,0.77,0,none,0.0
2031-05-22,M03,CNC,0.96,41.67,4.4,22.7,899.9,idle,255.88,8.6,0.71,0,none,0.0
2031-05-23,M03,CNC,0.81,49.28,4.14,22.2,899.6,idle,256.33,11.0,0.5,0,none,0.0
2031-05-24,M03,CNC,0.77,46.56,4.25,20.3,858.5,idle,256.69,9.0,0.5,0,none,0.0
2031-05-25,M03,CNC,0.98,45.52,5.19,22.0,891.5,idle,256.74,10.9,0.5,0,none,0.0
2031-05-26,M03,CNC,0.85,49.46,5.12,22.0,853.2,idle,256.98,14.2,0.5,0,none,0.0
2031-05-27,M03,CNC,0.85,44.67,5.39,21.5,868.9,idle,257.23,14.0,0.5,0,none,0.0
2031-05-28,M03,CNC,0.85,42.43,4.19,25.1,889.1,idle,257.61,12.5,0.5,0,none,0.0
2031-05-29,M03,CNC,0.96,48.31,4.42,23.3,855.8,idle,257.88,16.8,0.5,0,none,0.0
2031-05-30,M03,CNC,0.97,44.04,4.59,21.8,882.2,idle,258.23,14.5,0.5,0,none,0.0
2031-05-31,M03,CNC,0.78,43.75,5.2,25.0,871.3,idle,258.61,12.5,0.5,0,none,0.0
2031-06-01,M03,CNC,0.84,48.74,4.08,25.3,865.3,idle,258.81,9.1,0.5,0,none,0.0
2031-06-02,M03,CNC,0.9,45.83,4.83,25.2,857.1,idle,258.84,8.7,0.5,0,none,0.0
2031-06-03,M03,CNC,0.8,45.38,5.22,21.3,906.2,idle,259.29,17.0,0.5,0,none,0.0
2031-06-04,M03,CNC,0.82,41.89,5.14,20.6,886.0,idle,259.39,10.6,0.5,0,none,0.0
2031-06-05,M03,CNC,0.72,43.56,4.9,23.3,878.3,idle,259.64,14.2,0.5,0,none,0.0
2031-06-06,M03,CNC,0.83,42.27,4.68,25.7,909.5,idle,259.76,16.0,0.5,0,none,0.0
2031-06-07,M03,CNC,0.83,40.3,5.4,23.2,887.6,idle,259.81,13.8,0.5,0,none,0.0
2031-06-08,M03,CNC,2.89,54.72,12.63,88.8,3001.6,normal,260.11,15.5,0.5,0,none,0.0
2031-06-09,M03,CNC,2.02,52.0,10.83,81.1,2888.6,normal,260.29,13.4,0.5,0,none,0.0
2031-06-10,M03,CNC,1.83,64.16,10.6,52.4,2871.1,normal,260.39,11.1,0.5,0,none,0.0
2031-06-11,M03,CNC,2.13,56.33,15.48,85.4,2937.1,normal,260.59,17.7,0.5,0,none,0.0
2031-06-12,M03,CNC,2.38,58.33,11.08,54.0,3081.8,normal,260.89,14.8,0.5,0,none,0.0
2031-06-13,M03,CNC,2.06,52.98,12.57,70.7,2805.5,normal,260.94,16.2,0.5,0,none,0.0
2031-06-14,M03,CNC,0.74,43.78,5.03,21.4,879.6,idle,261.26,12.2,0.5,0,none,0.0
2031-06-15,M03,CNC,3.65,73.11,21.26,97.0,3946.8,peak,261.39,14.4,0.5,0,none,0.0
2031-06-16,M03,CNC,0.92,41.1,4.64,20.1,852.4,idle,261.53,11.4,0.5,0,none,0.0
2031-06-17,M03,CNC,0.92,54.47,14.99,74.9,2936.2,normal,261.91,14.9,0.5,0,none,0.0
2031-06-18,M03,CNC,2.37,57.46,9.76,85.9,3099.5,normal,262.18,11.3,0.5,0,none,0.0
2031-06-19,M03,CNC,2.05,51.81,10.43,77.1,2998.4,normal,262.51,11.4,0.5,0,none,0.0
2031-06-20,M03,CNC,2.99,61.28,12.42,75.3,3006.5,normal,262.69,9.6,0.5,0,none,0.0
2031-06-21,M03,CNC,0.85,44.76,4.97,23.3,895.1,idle,262.96,17.1,0.5,0,none,0.0
2031-06-22,M03,CNC,2.66,60.79,13.68,71.8,3004.5,normal,263.24,8.0,0.5,0,none,0.0
2031-06-23,M03,CNC,0.83,42.42,4.0,23.4,891.4,idle,263.39,12.7,0.5,0,none,0.0
2031-06-24,M03,CNC,3.16,55.42,12.06,59.7,2821.2,normal,263.53,15.3,0.5,0,none,0.0
2031-06-25,M03,CNC,3.16,53.75,13.46,59.7,2941.4,normal,263.99,15.4,0.5,0,none,0.0
2031-06-26,M03,CNC,3.03,56.66,11.35,86.0,3058.5,normal,264.13,16.3,0.5,0,none,0.0
2031-06-27,M03,CNC,2.03,50.39,10.08,62.9,3091.7,normal,264.16,8.7,0.5,0,none,0.0
2031-06-28,M03,CNC,2.58,55.6,15.28,69.2,2894.6,normal,264.19,9.4,0.5,0,none,0.0
2031-06-29,M03,CNC,3.12,62.74,14.98,71.5,3036.8,normal,264.46,13.9,0.5,0,none,0.0
2031-06-30,M03,CNC,2.05,58.6,15.89,63.1,3038.3,normal,264.89,17.8,0.5,0,none,0.0
2031-07-01,M03,CNC,2.49,50.6,14.46,58.4,2989.4,normal,265.03,9.7,0.5,0,none,0.0
2031-07-02,M03,CNC,1.92,64.2,11.4,60.6,2838.7,normal,265.53,9.7,0.5,0,none,0.0
2031-07-03,M03,CNC,3.12,60.68,14.32,71.0,2942.4,normal,266.01,9.8,0.5,0,none,0.0
2031-07-04,M03,CNC,3.12,58.4,11.1,89.1,3039.0,normal,266.04,10.6,0.5,0,none,0.0
2031-07-05,M03,CNC,2.38,52.27,14.6,56.6,2856.8,normal,266.13,14.8,0.5,0,none,0.0
2031-07-06,M03,CNC,0.76,45.57,5.18,21.9,855.9,idle,266.36,16.9,0.5,0,none,0.0
2031-07-07,M03,CNC,3.57,70.72,20.22,98.3,4084.2,peak,266.56,11.1,0.5,0,none,0.0
2031-07-08,M03,CNC,3.14,64.86,14.75,59.1,2863.6,normal,266.71,11.7,0.5,0,none,0.0
2031-07-09,M03,CNC,3.47,63.41,27.57,106.8,4017.2,peak,266.83,17.8,0.5,0,none,0.0
2031-07-10,M03,CNC,0.76,49.1,5.24,21.0,911.0,idle,267.18,16.8,0.5,0,none,0.0
2031-07-11,M03,CNC,2.18,51.21,13.77,76.8,2828.5,normal,267.24,16.8,0.5,0,none,0.0
2031-07-12,M03,CNC,0.8,49.93,5.02,24.4,864.9,idle,267.34,9.9,0.5,0,none,0.0
2031-07-13,M03,CNC,0.72,42.77,4.37,21.4,863.5,idle,267.58,11.2,0.5,0,none,0.0
2031-07-14,M03,CNC,3.66,63.58,26.2,97.8,3939.4,peak,267.83,10.4,0.5,0,none,0.0
2031-07-15,M03,CNC,0.7,44.82,4.08,25.9,905.3,idle,267.88,13.9,0.5,0,none,0.0
2031-07-16,M03,CNC,2.49,51.3,13.35,80.8,2857.2,normal,268.36,15.9,0.5,0,none,0.0
2031-07-17,M03,CNC,2.6,62.21,14.49,82.5,3063.8,normal,268.56,14.3,0.5,0,none,0.0
2031-07-18,M03,CNC,0.98,44.06,4.85,24.7,898.8,idle,268.73,16.5,0.5,0,none,0.0
2031-07-19,M03,CNC,1.0,40.14,4.53,21.7,868.4,idle,269.06,10.1,0.5,0,none,0.0
2031-07-20,M03,CNC,0.77,47.09,4.13,24.4,898.5,idle,269.13,15.9,0.5,0,none,0.0
2031-07-21,M03,CNC,2.15,53.79,13.59,81.0,3062.9,normal,269.48,13.1,0.5,0,none,0.0
2031-07-22,M03,CNC,0.96,49.65,4.87,25.4,906.6,idle,269.91,15.5,0.5,0,none,0.0
2031-07-23,M03,CNC,3.05,50.17,15.78,70.0,3039.4,normal,270.13,12.6,0.5,0,none,0.0
2031-07-24,M03,CNC,0.74,43.96,4.41,21.8,858.6,idle,270.33,13.3,0.5,0,none,0.0
2031-07-25,M03,CNC,0.94,40.09,4.47,21.1,891.2,idle,270.61,12.9,0.5,0,none,0.0
2031-07-26,M03,CNC,2.16,40.09,12.67,76.8,2836.4,normal,270.78,14.4,0.5,0,none,0.0
2031-07-27,M03,CNC,2.05,53.71,15.83,67.1,2979.7,normal,271.23,8.4,0.5,0,none,0.0
2031-07-28,M03,CNC,0.77,44.9,4.11,20.2,882.8,idle,271.38,12.5,0.5,0,none,0.0
2031-07-29,M03,CNC,2.36,52.05,13.97,89.7,2918.7,normal,271.53,11.1,0.5,0,none,0.0
2031-07-30,M03,CNC,2.67,64.44,14.9,69.6,3021.2,normal,272.03,9.6,0.5,0,none,0.0
2031-07-31,M03,CNC,1.98,57.68,11.31,58.1,2927.9,normal,272.49,13.5,0.5,0,none,0.0
2031-08-01,M03,CNC,0.74,46.99,4.68,23.2,860.2,idle,272.59,11.0,0.5,0,none,0.0
2031-08-02,M03,CNC,2.0,58.75,15.9,55.7,2885.7,normal,272.89,13.8,0.5,0,none,0.0
2031-08-03,M03,CNC,3.02,51.08,15.19,71.9,2922.5,normal,273.16,11.4,0.5,0,none,0.0
2031-08-04,M03,CNC,2.23,54.46,11.49,85.6,3017.1,normal,273.43,12.1,0.5,0,none,0.0
2031-08-05,M03,CNC,2.74,61.98,11.17,75.5,2938.0,normal,273.88,10.7,0.5,0,none,0.0
2031-08-06,M03,CNC,2.74,54.64,13.68,85.5,2920.7,normal,273.91,10.3,0.5,0,none,0.0
2031-08-07,M03,CNC,1.89,57.74,11.75,77.5,3085.3,normal,274.28,17.0,0.5,0,none,0.0
2031-08-08,M03,CNC,0.85,44.66,4.98,20.6,867.8,idle,274.46,13.1,0.5,0,none,0.0
2031-08-09,M03,CNC,3.09,60.05,9.59,59.8,3004.8,normal,274.83,10.8,0.5,0,none,0.0
2031-08-10,M03,CNC,2.87,62.6,11.4,87.4,2965.9,normal,274.98,8.7,0.5,0,none,0.0
2031-08-11,M03,CNC,2.78,58.95,10.3,88.6,2836.9,normal,275.03,11.3,0.5,0,none,0.0
2031-08-12,M03,CNC,2.16,62.2,13.52,83.8,2954.7,normal,275.41,11.0,0.5,0,none,0.0
2031-08-13,M03,CNC,0.81,49.22,4.05,83.8,866.2,idle,275.88,16.5,0.5,0,none,0.0
2031-08-14,M03,CNC,0.95,41.39,4.87,25.3,883.1,idle,276.01,18.0,0.5,0,none,0.0
2031-08-15,M03,CNC,0.92,48.05,5.1,25.6,881.3,idle,276.49,15.4,0.5,0,none,0.0
2031-08-16,M03,CNC,0.75,40.48,4.37,20.9,889.1,idle,276.66,11.0,0.5,0,none,0.0
2031-08-17,M03,CNC,0.76,40.39,4.05,25.0,891.4,idle,277.13,18.0,0.5,0,none,0.0
2031-08-18,M03,CNC,0.81,48.94,4.11,25.0,893.1,idle,277.36,15.6,0.5,0,none,0.0
2031-08-19,M03,CNC,0.76,46.79,5.15,22.6,910.3,idle,277.39,13.1,0.5,0,none,0.0
2031-08-20,M03,CNC,2.01,54.18,10.11,60.0,2871.6,normal,277.83,16.7,0.5,0,none,0.0
2031-08-21,M03,CNC,0.98,40.78,4.64,23.2,912.9,idle,277.98,15.5,0.5,0,none,0.0
2031-08-22,M03,CNC,1.0,47.53,5.46,24.7,917.4,idle,278.26,13.9,0.5,0,none,0.0
2031-08-23,M03,CNC,0.91,40.8,4.6,23.9,874.5,idle,278.58,15.2,0.5,0,none,0.0
2031-08-24,M03,CNC,0.78,45.77,5.4,20.2,903.9,idle,278.84,8.9,0.5,0,none,0.0
2031-08-25,M03,CNC,0.92,49.64,5.4,24.6,886.4,idle,279.33,15.7,0.5,0,none,0.0
2031-08-26,M03,CNC,0.76,45.45,5.15,25.4,905.3,idle,279.73,12.4,0.5,0,none,0.0
2031-08-27,M03,CNC,0.76,46.0,4.5,20.1,864.0,idle,280.21,11.7,0.5,0,none,0.0
2031-08-28,M03,CNC,1.96,62.64,11.18,62.8,3088.0,normal,280.54,11.1,0.5,0,none,0.0
2031-08-29,M03,CNC,1.71,40.1,4.43,20.7,857.2,idle,280.96,16.1,0.5,0,none,0.0
2031-08-30,M03,CNC,0.72,45.93,4.28,22.2,910.3,idle,281.43,10.3,0.5,0,none,0.0
2031-08-31,M03,CNC,0.83,49.16,4.75,22.4,902.5,idle,281.68,12.0,0.5,0,none,0.0
2031-09-01,M03,CNC,0.72,40.89,4.98,22.9,905.3,idle,282.11,11.0,0.5,0,none,0.0
2031-09-02,M03,CNC,0.97,43.88,4.89,23.0,918.7,idle,282.44,15.9,0.5,0,none,0.0
2031-09-03,M03,CNC,0.95,49.12,4.38,24.6,868.6,idle,282.54,17.5,0.5,0,none,0.0
2031-09-04,M03,CNC,0.76,49.44,4.03,25.8,860.5,idle,282.74,16.0,0.5,0,none,0.0
2031-09-05,M03,CNC,0.95,42.76,4.53,21.3,891.0,idle,283.09,11.9,0.5,0,none,0.0
2031-09-06,M03,CNC,0.8,46.57,4.02,20.4,857.0,idle,283.33,11.9,0.5,0,none,0.0
2031-09-07,M03,CNC,0.8,48.15,5.33,21.5,890.2,idle,283.64,12.7,0.5,0,none,0.0
2031-09-08,M03,CNC,0.93,42.89,4.61,23.1,859.4,idle,283.84,12.5,0.5,0,none,0.0
2031-09-09,M03,CNC,1.84,52.29,13.57,54.8,2856.9,normal,284.34,9.7,0.5,0,none,0.0
2031-09-10,M03,CNC,2.27,51.17,10.75,86.6,2805.8,normal,284.73,8.3,0.5,0,none,0.0
2031-09-11,M03,CNC,2.71,55.77,13.87,74.4,2867.1,normal,285.13,8.3,0.5,0,none,0.0
2031-09-12,M03,CNC,2.99,57.38,14.85,67.4,3095.4,normal,285.26,17.6,0.5,0,none,0.0
2031-09-13,M03,CNC,2.88,64.49,12.84,70.0,3026.6,normal,285.44,10.9,0.5,0,none,0.0
2031-09-14,M03,CNC,3.03,64.46,11.61,82.3,2863.2,normal,285.74,8.6,0.5,0,none,0.0
2031-09-15,M03,CNC,2.56,52.7,11.76,87.4,2843.8,normal,286.04,11.3,0.5,0,none,0.0
2031-09-16,M03,CNC,2.69,58.89,10.28,64.4,2968.9,normal,286.29,17.9,0.5,0,none,0.0
2031-09-17,M03,CNC,2.06,62.01,15.82,60.2,2856.1,normal,286.39,12.8,0.5,0,none,0.0
2031-09-18,M03,CNC,2.44,61.22,11.33,52.8,2962.4,normal,286.46,17.0,0.5,0,none,0.0
2031-09-19,M03,CNC,3.14,55.87,12.23,88.8,3008.4,normal,286.59,10.1,0.5,0,none,0.0
2031-09-20,M03,CNC,0.92,45.63,5.46,24.1,912.6,idle,286.84,14.6,0.5,0,none,0.0
2031-09-21,M03,CNC,2.78,61.03,11.39,63.5,3034.9,normal,286.96,17.4,0.5,0,none,0.0
2031-09-22,M03,CNC,2.22,58.44,11.12,83.0,2833.2,normal,287.29,15.2,0.5,0,none,0.0
2031-09-23,M03,CNC,2.96,59.04,10.71,72.6,2884.8,normal,287.56,8.1,0.5,0,none,0.0
2031-09-24,M03,CNC,2.25,55.27,9.91,89.5,2809.5,normal,287.66,16.2,0.5,0,none,0.0
2031-09-25,M03,CNC,0.9,43.71,4.97,22.1,897.2,idle,288.01,13.3,0.5,0,none,0.0
2031-09-26,M03,CNC,0.92,46.91,4.17,23.9,869.6,idle,288.34,12.6,0.5,0,none,0.0
2031-09-27,M03,CNC,1.84,56.22,12.32,69.8,3011.4,normal,288.68,8.9,0.5,0,none,0.0
2031-09-28,M03,CNC,1.84,43.15,4.09,24.1,889.8,idle,289.04,12.6,0.5,0,none,0.0
2031-09-29,M03,CNC,0.8,47.05,4.81,22.8,885.8,idle,289.44,15.9,0.5,0,none,0.0
2031-09-30,M03,CNC,2.69,59.9,11.38,57.4,2847.0,normal,289.68,16.1,0.5,0,none,0.0
2031-10-01,M03,CNC,2.7,63.09,12.16,58.4,3027.0,normal,289.79,9.8,0.5,0,none,0.0
2031-10-02,M03,CNC,0.95,48.81,4.91,25.2,851.1,idle,290.14,12.6,0.5,0,none,0.0
2031-10-03,M03,CNC,1.95,51.39,14.13,54.6,2948.9,normal,290.53,13.7,0.5,0,none,0.0
2031-10-04,M03,CNC,0.84,43.11,5.31,21.0,874.7,idle,290.76,8.4,0.5,0,none,0.0
2031-10-05,M03,CNC,0.93,40.3,5.01,24.9,915.3,idle,291.26,10.7,0.5,0,none,0.0
2031-10-06,M03,CNC,3.03,54.79,13.31,54.9,2877.4,normal,291.63,14.7,0.5,0,none,0.0
2031-10-07,M03,CNC,3.03,43.15,5.31,22.1,889.3,idle,291.69,15.2,0.5,0,none,0.0
2031-10-08,M03,CNC,3.55,65.8,27.7,99.4,3988.2,peak,291.83,12.1,0.5,0,none,0.0
2031-10-09,M03,CNC,2.39,50.92,12.68,82.9,2829.6,normal,292.26,18.0,0.5,0,none,0.0
2031-10-10,M03,CNC,0.72,41.54,5.15,24.3,889.5,idle,292.33,13.0,0.5,0,none,0.0
2031-10-11,M03,CNC,2.46,63.32,14.48,82.8,3044.0,normal,292.76,12.5,0.5,0,none,0.0
2031-10-12,M03,CNC,2.7,56.87,15.12,87.2,2807.1,normal,292.93,8.4,0.5,0,none,0.0
2031-10-13,M03,CNC,1.87,64.38,15.12,85.2,2916.6,normal,292.96,14.9,0.5,0,none,0.0
2031-10-14,M03,CNC,1.97,51.21,10.52,61.5,2946.6,normal,293.38,11.4,0.5,0,none,0.0
2031-10-15,M03,CNC,0.91,49.86,4.66,23.1,886.5,idle,293.61,12.0,0.5,0,none,0.0
2031-10-16,M03,CNC,2.56,57.77,9.56,52.1,2829.3,normal,293.64,15.1,0.5,0,none,0.0
2031-10-17,M03,CNC,1.94,60.57,10.83,86.0,3078.6,normal,293.74,15.5,0.5,0,none,0.0
2031-10-18,M03,CNC,3.17,64.09,11.27,71.4,2852.6,normal,294.03,8.8,0.5,0,none,0.0
2031-10-19,M03,CNC,2.93,63.33,15.03,71.4,3027.6,normal,294.41,17.5,0.5,0,none,0.0
2031-10-20,M03,CNC,1.94,50.6,14.4,68.2,3098.7,normal,294.51,10.8,0.5,0,none,0.0
2031-10-21,M03,CNC,1.94,62.83,14.4,83.4,3045.1,normal,294.63,8.2,0.5,0,none,0.0
2031-10-22,M03,CNC,3.08,54.47,15.67,57.8,2824.6,normal,294.71,9.2,0.5,0,none,0.0
2031-10-23,M03,CNC,3.08,62.42,12.58,83.5,3018.9,normal,295.13,8.8,0.5,0,none,0.0
2031-10-24,M03,CNC,2.09,64.23,9.9,86.1,2891.3,normal,295.56,10.7,0.5,0,none,0.0
2031-10-25,M03,CNC,2.5,56.34,10.62,65.6,2857.9,normal,295.83,10.2,0.5,0,none,0.0
2031-10-26,M03,CNC,0.76,41.87,4.73,24.8,889.8,idle,295.88,13.3,0.5,0,none,0.0
2031-10-27,M03,CNC,0.97,46.37,5.03,24.0,881.5,idle,296.14,16.4,0.5,0,none,0.0
2031-10-28,M03,CNC,2.77,51.05,15.09,81.6,2873.6,normal,296.59,14.6,0.5,0,none,0.0
2031-10-29,M03,CNC,0.93,40.13,4.33,20.4,904.6,idle,296.98,11.9,0.5,0,none,0.0
2031-10-30,M03,CNC,2.86,62.2,4.33,71.0,3011.4,normal,297.16,14.0,0.5,0,none,0.0
2031-10-31,M03,CNC,0.75,46.5,4.13,21.1,883.3,idle,297.21,15.7,0.5,0,none,0.0
2031-11-01,M03,CNC,2.71,52.19,10.7,59.8,2871.6,normal,297.36,10.4,0.5,0,none,0.0
2031-11-02,M03,CNC,2.12,55.93,13.75,68.7,3032.8,normal,297.43,8.3,0.5,0,none,0.0
2031-11-03,M03,CNC,2.81,51.9,9.82,85.4,2823.9,normal,297.46,9.9,0.5,0,none,0.0
2031-11-04,M03,CNC,2.01,50.33,13.58,74.1,3096.1,normal,297.84,17.6,0.5,0,none,0.0
2031-11-05,M03,CNC,2.01,44.11,4.56,21.8,860.7,idle,297.93,16.3,0.5,0,none,0.0
2031-11-06,M03,CNC,0.74,41.32,4.17,21.4,871.5,idle,298.04,8.4,0.5,0,none,0.0
2031-11-07,M03,CNC,3.15,58.68,15.92,66.2,2937.3,normal,298.34,11.3,0.5,0,none,0.0
2031-11-08,M03,CNC,2.25,52.74,10.43,66.2,3096.0,normal,298.66,14.2,0.5,0,none,0.0
2031-11-09,M03,CNC,1.86,52.26,12.25,59.1,2909.2,normal,298.98,12.3,0.5,0,none,0.0
2031-11-10,M03,CNC,1.98,56.85,11.27,65.4,2828.3,normal,299.13,11.6,0.5,0,none,0.0
2031-11-11,M03,CNC,2.4,64.75,11.27,85.3,3053.0,normal,299.24,14.5,0.5,0,none,0.0
2031-11-12,M03,CNC,3.13,61.85,13.79,84.5,2822.7,normal,299.28,12.6,0.5,0,none,0.0
2031-11-13,M03,CNC,3.13,49.89,5.15,25.8,904.6,idle,299.34,10.8,0.5,0,none,0.0
2031-11-14,M03,CNC,3.04,60.67,14.45,71.9,3076.5,normal,299.69,8.7,47.77,0,none,0.0
2031-11-15,M03,CNC,2.99,62.77,13.89,63.6,2809.6,normal,299.83,15.7,47.63,0,none,0.0
2031-11-16,M03,CNC,4.03,68.16,21.04,97.2,4046.1,peak,300.11,9.0,47.35,0,none,0.0
2031-11-17,M03,CNC,0.98,48.45,4.99,22.2,870.4,idle,300.43,17.2,47.03,0,none,0.0
2031-11-18,M03,CNC,0.73,48.75,4.15,23.8,884.1,idle,300.76,17.6,46.7,0,none,0.0
2031-11-19,M03,CNC,0.9,48.75,4.08,24.6,852.2,idle,301.11,14.3,46.35,0,none,0.0
2031-11-20,M03,CNC,0.75,44.89,4.12,24.7,885.3,idle,301.34,17.7,46.12,0,none,0.0
2031-11-21,M03,CNC,0.76,41.12,4.97,24.8,878.6,idle,301.74,9.8,45.72,0,none,0.0
2031-11-22,M03,CNC,2.8,62.85,13.62,60.5,2975.5,normal,302.18,11.2,45.28,0,none,0.0
2031-11-23,M03,CNC,0.98,48.34,5.0,25.8,860.9,idle,302.66,8.7,44.8,0,none,0.0
2031-11-24,M03,CNC,1.09,46.39,5.08,20.6,873.7,idle,302.69,13.9,44.77,0,none,0.0
2031-11-25,M03,CNC,1.03,48.15,4.12,23.3,853.1,idle,302.93,15.4,44.53,0,none,0.0
2031-11-26,M03,CNC,1.12,50.15,4.09,25.1,910.8,idle,303.23,17.9,44.23,0,none,0.0
2031-11-27,M03,CNC,0.91,48.42,4.74,23.9,870.3,idle,303.38,15.6,44.08,0,none,0.0
2031-11-28,M03,CNC,0.9,45.49,4.29,25.0,870.8,idle,303.46,15.4,44.0,0,none,0.0
2031-11-29,M03,CNC,0.93,50.33,4.83,23.3,912.7,idle,303.89,8.8,43.57,0,none,0.0
2031-11-30,M03,CNC,1.11,43.11,4.8,25.8,871.9,idle,303.99,11.0,43.47,0,none,0.0
2031-12-01,M03,CNC,0.93,43.4,4.25,24.4,899.5,idle,304.09,14.4,43.37,0,none,0.0
2031-12-02,M03,CNC,3.63,63.09,11.3,53.5,3080.2,normal,304.24,14.0,43.22,0,none,0.0
2031-12-03,M03,CNC,0.93,44.7,5.47,23.5,860.5,idle,304.51,11.3,42.95,0,none,0.0
2031-12-04,M03,CNC,1.13,51.56,4.22,25.2,872.6,idle,304.68,15.9,42.78,0,none,0.0
2031-12-05,M03,CNC,1.0,50.8,5.58,21.6,860.2,idle,304.73,17.8,42.73,0,none,0.0
2031-12-06,M03,CNC,0.85,47.38,5.58,22.5,850.1,idle,305.09,15.5,42.37,0,none,0.0
2031-12-07,M03,CNC,0.97,42.21,5.38,21.3,867.7,idle,305.24,11.3,42.22,0,none,0.0
2031-12-08,M03,CNC,1.14,49.31,4.44,20.4,894.5,idle,305.39,8.5,42.07,0,none,0.0
2031-12-09,M03,CNC,2.81,63.46,12.72,65.2,2916.0,normal,305.78,16.0,41.68,0,none,0.0
2031-12-10,M03,CNC,1.11,51.12,4.18,23.1,846.3,idle,306.18,14.1,41.28,0,none,0.0
2031-12-11,M03,CNC,1.02,51.02,4.67,25.6,887.7,idle,306.41,9.8,41.05,0,none,0.0
2031-12-12,M03,CNC,1.2,49.86,4.29,21.4,870.9,idle,306.78,16.7,40.68,0,none,0.0
2031-12-13,M03,CNC,2.51,59.73,12.95,88.3,2907.6,normal,306.84,8.5,40.62,0,none,0.0
2031-12-14,M03,CNC,3.58,66.47,15.67,59.9,2925.8,normal,306.94,9.3,40.52,0,none,0.0
2031-12-15,M03,CNC,0.99,46.38,4.68,25.0,874.7,idle,307.06,16.3,40.4,0,none,0.0
2031-12-16,M03,CNC,1.07,52.24,4.22,22.9,896.9,idle,307.19,8.8,40.27,0,none,0.0
2031-12-17,M03,CNC,0.94,48.67,4.51,25.2,865.5,idle,307.61,9.6,39.85,0,none,0.0
2031-12-18,M03,CNC,1.01,48.57,4.43,21.7,871.6,idle,307.74,9.8,39.72,0,none,0.0
2031-12-19,M03,CNC,1.02,47.89,5.07,23.4,887.9,idle,307.89,13.8,39.57,0,none,0.0
2031-12-20,M03,CNC,2.84,54.65,14.98,84.3,2850.7,normal,308.26,16.6,39.2,0,none,0.0
2031-12-21,M03,CNC,3.04,60.32,13.46,77.1,2785.9,normal,308.54,17.7,38.92,0,none,0.0
2031-12-22,M03,CNC,3.63,53.84,13.03,83.5,2906.9,normal,308.78,12.7,38.68,0,none,0.0
2031-12-23,M03,CNC,2.61,67.77,15.89,81.3,2894.3,normal,309.03,15.3,38.43,0,none,0.0
2031-12-24,M03,CNC,2.7,67.25,15.89,84.4,2872.4,normal,309.46,17.5,38.0,0,none,0.0
2031-12-25,M03,CNC,3.0,67.99,13.44,57.4,2835.2,normal,309.74,11.8,37.72,0,none,0.0
2031-12-26,M03,CNC,3.3,54.0,13.07,67.9,2999.8,normal,310.23,17.1,37.23,0,none,0.0
2031-12-27,M03,CNC,3.3,68.16,11.17,74.5,2794.7,normal,310.41,9.5,37.05,0,none,0.0
2031-12-28,M03,CNC,3.84,68.47,15.52,73.1,2910.5,normal,310.83,11.8,36.63,0,none,0.0
2031-12-29,M03,CNC,4.04,67.65,16.7,67.1,3060.0,normal,311.01,11.8,36.45,0,none,0.0
2031-12-30,M03,CNC,2.77,57.52,10.58,62.3,2992.8,normal,311.36,11.3,36.1,0,none,0.0
2031-12-31,M03,CNC,4.14,65.52,14.3,71.5,2974.0,normal,311.76,9.5,35.7,0,none,0.0
2032-01-01,M03,CNC,3.26,66.51,14.62,78.5,2922.4,normal,311.89,16.6,35.57,0,none,0.0
2032-01-02,M03,CNC,1.36,46.54,4.81,24.7,872.7,idle,312.31,12.9,35.15,0,none,0.0
2032-01-03,M03,CNC,5.51,67.98,22.87,108.3,3885.6,peak,312.56,17.7,34.9,0,none,0.0
2032-01-04,M03,CNC,3.57,59.15,11.93,76.9,2796.6,normal,312.78,11.1,34.68,0,none,0.0
2032-01-05,M03,CNC,4.32,65.96,11.35,78.4,2938.4,normal,313.11,16.8,34.35,0,none,0.0
2032-01-06,M03,CNC,2.94,58.39,12.86,78.6,2948.8,normal,313.19,13.7,34.27,0,none,0.0
2032-01-07,M03,CNC,1.23,52.01,5.44,23.7,892.0,idle,313.33,17.6,34.13,0,none,0.0
2032-01-08,M03,CNC,5.02,77.45,25.59,107.3,3904.8,peak,313.76,15.2,33.7,0,none,0.0
2032-01-09,M03,CNC,1.12,49.98,4.84,24.2,869.9,idle,314.06,14.3,33.4,0,none,0.0
2032-01-10,M03,CNC,1.39,51.41,5.34,21.3,904.7,idle,314.28,14.5,33.18,0,none,0.0
2032-01-11,M03,CNC,1.4,52.6,4.78,23.2,846.1,idle,314.53,10.4,32.93,0,none,0.0
2032-01-12,M03,CNC,5.34,65.2,25.01,104.7,3855.4,peak,314.58,11.6,32.88,0,none,0.0
2032-01-13,M03,CNC,1.26,53.61,4.43,24.8,848.0,idle,314.98,15.0,32.48,0,none,0.0
2032-01-14,M03,CNC,2.77,57.74,15.43,67.4,3011.1,normal,315.34,14.1,32.12,0,none,0.0
2032-01-15,M03,CNC,3.82,55.41,15.12,56.2,2985.4,normal,315.73,10.5,31.73,0,none,0.0
2032-01-16,M03,CNC,5.06,69.06,27.38,109.3,3843.8,peak,316.06,16.4,31.4,0,none,0.0
2032-01-17,M03,CNC,4.5,58.06,15.77,77.0,2808.3,normal,316.09,8.9,31.37,0,none,0.0
2032-01-18,M03,CNC,5.27,65.56,23.38,98.0,3922.3,peak,316.49,12.0,30.97,0,none,0.0
2032-01-19,M03,CNC,6.17,63.63,25.1,103.6,4000.6,peak,316.83,8.8,30.63,0,none,0.0
2032-01-20,M03,CNC,1.31,50.91,5.05,21.6,838.4,idle,316.96,9.7,30.5,0,none,0.0
2032-01-21,M03,CNC,3.68,56.34,14.05,63.7,838.4,normal,317.21,11.0,30.25,0,none,0.0
2032-01-22,M03,CNC,1.16,54.98,5.74,21.1,857.6,idle,317.53,11.8,29.93,0,none,0.0
2032-01-23,M03,CNC,1.38,46.66,4.87,21.5,896.7,idle,317.71,15.5,29.75,0,none,0.0
2032-01-24,M03,CNC,1.52,51.63,5.15,25.6,897.5,idle,318.13,9.1,29.33,0,none,0.0
2032-01-25,M03,CNC,1.58,47.19,4.58,24.1,870.3,idle,318.46,11.4,29.0,0,none,0.0
2032-01-26,M03,CNC,2.92,56.9,16.49,85.0,2849.3,normal,318.56,10.1,28.9,0,none,0.0
2032-01-27,M03,CNC,4.91,65.01,15.94,68.2,2776.4,normal,318.98,11.1,28.48,0,none,0.0
2032-01-28,M03,CNC,1.34,50.71,5.23,20.6,900.6,idle,319.09,8.0,28.37,0,none,0.0
2032-01-29,M03,CNC,1.24,48.15,5.18,23.2,862.7,idle,319.16,12.2,28.3,0,none,0.0
2032-01-30,M03,CNC,1.51,48.15,5.32,24.3,834.0,idle,319.41,15.3,28.05,0,none,0.0
2032-01-31,M03,CNC,4.23,69.53,10.41,67.4,3013.5,normal,319.53,9.9,27.93,0,none,0.0
2032-02-01,M03,CNC,3.73,63.18,17.21,59.6,2760.3,normal,319.63,9.8,27.83,0,none,0.0
2032-02-02,M03,CNC,4.9,69.36,13.63,71.5,2986.4,normal,319.71,16.1,27.75,0,none,0.0
2032-02-03,M03,CNC,4.63,60.34,10.43,70.2,2992.8,normal,319.83,15.5,27.63,0,none,0.0
2032-02-04,M03,CNC,1.6,56.07,5.78,23.5,862.0,idle,320.28,10.6,27.18,0,none,0.0
2032-02-05,M03,CNC,1.55,54.06,5.24,23.5,862.0,idle,320.78,12.4,26.68,0,none,0.0
2032-02-06,M03,CNC,4.09,62.22,14.82,77.6,2798.6,normal,321.13,14.4,26.33,0,none,0.0
2032-02-07,M03,CNC,4.99,61.14,11.68,67.4,2950.8,normal,321.19,11.8,26.27,0,none,0.0
2032-02-08,M03,CNC,5.31,68.98,17.03,57.3,2757.0,normal,321.36,8.3,26.1,0,none,0.0
2032-02-09,M03,CNC,4.36,61.24,16.25,77.5,3020.2,normal,321.51,14.7,25.95,0,none,0.0
2032-02-10,M03,CNC,4.36,64.21,13.94,61.1,2908.4,normal,321.59,10.7,25.87,0,none,0.0
2032-02-11,M03,CNC,1.4,51.4,4.96,20.1,866.1,idle,321.63,15.9,25.83,0,none,0.0
2032-02-12,M03,CNC,3.85,56.96,12.56,62.6,2850.5,normal,321.68,13.2,25.78,0,none,0.0
2032-02-13,M03,CNC,3.36,64.57,15.3,76.0,2970.6,normal,321.71,13.2,25.75,0,none,0.0
2032-02-14,M03,CNC,4.15,64.88,16.17,68.2,2939.3,normal,322.14,12.9,25.32,0,none,0.0
2032-02-15,M03,CNC,4.15,63.49,15.83,58.6,2831.7,normal,322.58,12.3,24.88,0,none,0.0
2032-02-16,M03,CNC,1.33,50.88,4.77,23.5,883.9,idle,322.79,11.4,24.67,0,none,0.0
2032-02-17,M03,CNC,1.63,51.0,6.02,23.6,856.4,idle,322.99,17.4,24.47,0,none,0.0
2032-02-18,M03,CNC,5.19,68.42,15.8,59.5,2867.2,normal,323.38,14.1,24.08,0,none,0.0
2032-02-19,M03,CNC,1.68,52.58,5.54,23.5,886.1,idle,323.59,16.1,23.87,1,bearing,2512.0
2032-02-20,M03,CNC,1.39,52.58,4.6,24.1,878.3,idle,323.86,12.0,23.6,1,bearing,3068.0
2032-02-21,M03,CNC,3.28,67.78,13.44,56.7,2851.5,normal,323.89,16.7,23.57,1,bearing,3644.0
2032-02-22,M03,CNC,1.35,51.92,5.05,56.7,880.8,idle,324.29,10.5,23.17,1,bearing,4351.0
2032-02-23,M03,CNC,1.57,48.1,5.97,24.1,830.0,idle,324.64,16.7,22.82,1,bearing,4609.0
2032-02-24,M03,CNC,1.71,49.95,5.39,22.8,856.1,idle,324.89,8.0,22.57,1,bearing,3819.0
2032-02-25,M03,CNC,1.74,52.33,4.55,25.7,890.2,idle,324.93,16.7,22.53,1,bearing,3833.0
2032-02-26,M03,CNC,1.65,52.76,4.59,24.7,832.2,idle,325.31,14.1,22.15,1,bearing,4139.0
2032-02-27,M03,CNC,1.31,53.58,4.7,20.1,855.6,idle,325.73,8.8,21.73,1,bearing,4252.0
2032-02-28,M03,CNC,3.64,60.71,11.11,59.8,2931.3,normal,326.01,16.6,21.45,1,bearing,2911.0
2032-02-29,M03,CNC,1.73,52.96,5.29,20.2,830.8,idle,326.43,14.1,21.03,1,bearing,3086.0
2032-03-01,M03,CNC,1.45,54.02,5.69,23.6,852.4,idle,326.91,13.7,20.55,1,bearing,4566.0
2032-03-02,M03,CNC,1.38,56.4,5.07,24.4,860.5,idle,326.96,16.0,20.5,1,bearing,3734.0
2032-03-03,M03,CNC,1.72,57.81,6.01,23.2,860.0,idle,327.43,13.5,20.03,1,bearing,4412.0
2032-03-04,M03,CNC,4.07,72.82,13.94,56.9,2844.1,normal,327.54,17.6,19.92,1,bearing,4474.0
2032-03-05,M03,CNC,1.4,53.93,5.41,22.0,829.7,idle,327.93,10.4,19.53,1,bearing,3198.0
2032-03-06,M03,CNC,5.94,70.63,16.75,65.9,2937.1,normal,328.36,15.0,19.1,1,bearing,2932.0
2032-03-07,M03,CNC,4.74,62.13,11.56,65.1,2755.0,normal,328.61,8.3,18.85,1,bearing,3837.0
2032-03-08,M03,CNC,1.93,49.76,5.24,22.7,844.1,idle,329.11,10.8,18.35,1,bearing,3555.0
2032-03-09,M03,CNC,1.69,50.89,5.83,22.0,863.5,idle,329.49,17.0,17.97,1,bearing,3004.0
2032-03-10,M03,CNC,1.77,58.4,5.92,23.6,849.4,idle,329.88,13.3,17.58,1,bearing,4515.0
2032-03-11,M03,CNC,1.66,57.22,6.0,20.6,849.1,idle,329.94,11.3,17.52,1,bearing,3416.0
2032-03-12,M03,CNC,1.83,53.95,5.08,22.5,863.6,idle,330.28,14.0,17.18,1,bearing,3905.0
2032-03-13,M03,CNC,6.31,67.09,12.27,58.2,2721.7,normal,330.51,15.4,16.95,1,bearing,4063.0
2032-03-14,M03,CNC,1.72,55.27,4.87,24.2,872.4,idle,330.88,13.6,16.58,1,bearing,4289.0
2032-03-15,M03,CNC,1.56,53.4,6.22,22.2,873.3,idle,331.33,10.6,16.13,1,bearing,3691.0
2032-03-16,M03,CNC,1.68,57.91,5.84,24.0,879.6,idle,331.39,11.4,16.07,1,bearing,4925.0
2032-03-17,M03,CNC,1.96,55.82,4.94,22.4,872.9,idle,331.53,9.2,15.93,1,bearing,4006.0
2032-03-18,M03,CNC,5.43,62.72,11.15,78.0,2779.0,normal,331.63,17.5,15.83,1,bearing,4863.0
2032-03-19,M03,CNC,1.72,57.65,5.5,78.0,833.7,idle,332.04,8.6,15.42,1,bearing,4693.0
2032-03-20,M03,CNC,1.56,52.8,5.51,23.0,834.8,idle,332.18,17.8,15.28,1,bearing,3809.0
2032-03-21,M03,CNC,3.85,62.93,18.1,69.8,2954.5,normal,332.61,14.8,14.85,1,bearing,3017.0
2032-03-22,M03,CNC,1.94,55.57,5.77,21.2,866.9,idle,332.91,13.9,14.55,1,bearing,2936.0
2032-03-23,M03,CNC,4.47,73.01,11.45,81.4,2730.7,normal,333.14,16.5,14.32,1,bearing,3794.0
2032-03-24,M03,CNC,1.97,53.6,5.68,22.9,844.8,idle,333.24,11.0,14.22,1,bearing,3396.0
2032-03-25,M03,CNC,1.84,53.6,4.64,25.5,861.0,idle,333.53,9.5,13.93,1,bearing,3660.0
2032-03-26,M03,CNC,1.94,54.52,5.38,25.2,847.8,idle,333.63,16.5,13.83,1,bearing,2640.0
2032-03-27,M03,CNC,5.3,61.09,12.04,76.4,2906.7,normal,333.98,13.0,13.48,1,bearing,3005.0
2032-03-28,M03,CNC,7.65,71.28,25.69,100.3,3806.0,peak,334.14,15.1,13.32,1,bearing,4459.0
2032-03-29,M03,CNC,2.01,58.71,4.73,25.3,850.8,idle,334.51,13.0,12.95,1,bearing,4042.0
2032-03-30,M03,CNC,7.97,71.35,28.32,98.5,3787.8,peak,334.56,11.3,12.9,1,bearing,3362.0
2032-03-31,M03,CNC,1.5,52.64,4.75,21.4,825.2,idle,335.04,16.1,12.42,1,bearing,2715.0
2032-04-01,M03,CNC,1.94,51.56,5.67,20.8,881.7,idle,335.53,16.6,11.93,1,bearing,4104.0
2032-04-02,M03,CNC,8.42,73.16,27.79,95.4,3925.5,peak,335.71,14.6,11.75,1,bearing,3152.0
2032-04-03,M03,CNC,5.4,61.99,13.5,54.9,2807.6,normal,335.74,11.4,11.72,1,bearing,4439.0
2032-04-04,M03,CNC,1.93,56.11,5.28,20.7,834.2,idle,335.96,11.9,11.5,1,bearing,4662.0
2032-04-05,M03,CNC,4.18,73.65,11.98,74.6,2791.2,normal,336.38,15.0,11.08,1,bearing,3299.0
2032-04-06,M03,CNC,1.67,58.05,5.42,22.4,856.8,idle,336.78,11.9,10.68,1,bearing,3036.0
2032-04-07,M03,CNC,1.85,54.75,5.6,24.0,818.6,idle,336.98,13.8,10.48,1,bearing,2721.0
2032-04-08,M03,CNC,7.81,70.86,23.0,103.4,3899.2,peak,337.46,11.0,10.0,1,bearing,3170.0
2032-04-09,M03,CNC,6.68,63.03,14.17,74.2,2730.6,normal,337.79,15.0,9.67,1,bearing,3692.0
2032-04-10,M03,CNC,6.35,73.3,17.86,52.3,2749.1,normal,338.29,10.2,9.17,1,bearing,3301.0
2032-04-11,M03,CNC,2.12,58.98,6.21,20.3,855.3,idle,338.71,11.6,8.75,1,bearing,4857.0
2032-04-12,M03,CNC,1.94,52.65,5.55,23.7,828.0,idle,338.79,17.9,8.67,1,bearing,3104.0
2032-04-13,M03,CNC,7.65,81.25,26.42,107.9,3741.9,peak,339.03,12.3,8.43,1,bearing,3189.0
2032-04-14,M03,CNC,4.86,77.15,17.97,53.1,2906.1,normal,339.08,17.7,8.38,1,bearing,3235.0
2032-04-15,M03,CNC,4.37,62.81,13.14,62.2,2919.9,normal,339.13,13.2,8.33,1,bearing,3886.0
2032-04-16,M03,CNC,6.28,77.22,16.47,67.9,2884.3,normal,339.46,9.5,8.0,1,bearing,4154.0
2032-04-17,M03,CNC,7.22,73.2,16.87,87.7,2715.6,normal,339.61,10.4,7.85,1,bearing,4501.0
2032-04-18,M03,CNC,2.06,61.11,6.34,21.3,848.1,idle,339.79,17.5,7.67,1,bearing,4037.0
2032-04-19,M03,CNC,2.05,55.21,5.73,21.6,836.3,idle,340.23,16.0,7.23,1,bearing,2867.0
2032-04-20,M03,CNC,5.54,70.82,14.55,70.7,2765.6,normal,340.66,16.2,6.8,1,bearing,4065.0
2032-04-21,M03,CNC,4.63,63.64,12.63,74.1,2905.0,normal,340.83,12.5,6.63,1,bearing,2547.0
2032-04-22,M03,CNC,4.68,64.58,16.85,63.6,2952.2,normal,340.91,9.2,6.55,1,bearing,4587.0
2032-04-23,M03,CNC,6.44,67.9,13.35,71.9,2701.4,normal,341.06,13.7,6.4,1,bearing,4845.0
2032-04-24,M03,CNC,4.53,65.73,13.35,71.5,2680.9,normal,341.34,15.5,6.12,1,bearing,4928.0
2032-04-25,M03,CNC,6.34,69.49,15.06,60.1,2835.8,normal,341.46,18.0,6.0,1,bearing,4276.0
2032-04-26,M03,CNC,7.35,64.28,13.34,61.2,2748.2,normal,341.64,9.0,5.82,1,bearing,2760.0
2032-04-27,M03,CNC,8.16,85.22,31.94,98.0,3787.1,peak,342.04,16.0,5.42,1,bearing,3257.0
2032-04-28,M03,CNC,2.08,58.6,5.48,21.1,844.7,idle,342.28,8.2,5.18,1,bearing,4777.0
2032-04-29,M03,CNC,5.55,75.46,17.07,57.1,2699.1,normal,342.74,16.1,4.72,1,bearing,4501.0
2032-04-30,M03,CNC,7.23,71.58,17.8,54.2,2824.4,normal,342.81,13.8,4.65,1,bearing,3008.0
2032-05-01,M03,CNC,7.23,62.29,4.91,21.4,838.4,idle,343.24,17.7,4.22,1,bearing,2980.0
2032-05-02,M03,CNC,2.28,63.11,6.49,25.8,811.5,idle,343.36,15.0,4.1,1,bearing,2521.0
2032-05-03,M03,CNC,4.45,66.03,13.94,83.5,2926.5,normal,343.68,11.1,3.78,1,bearing,2660.0
2032-05-04,M03,CNC,4.45,73.14,18.31,69.6,2700.4,normal,343.78,14.5,3.68,1,bearing,2859.0
2032-05-05,M03,CNC,5.84,69.59,15.71,68.7,2674.8,normal,344.09,15.5,3.37,1,bearing,2846.0
2032-05-06,M03,CNC,7.65,72.12,14.92,88.3,2714.2,normal,344.18,11.6,3.28,1,bearing,4729.0
2032-05-07,M03,CNC,4.95,76.13,13.29,82.4,2746.9,normal,344.29,17.5,3.17,1,bearing,2500.0
2032-05-08,M03,CNC,4.45,71.82,12.8,80.8,2852.1,normal,344.44,17.5,3.02,1,bearing,4627.0
2032-05-09,M03,CNC,2.37,62.04,5.08,24.8,852.5,idle,344.94,14.6,2.52,1,bearing,4322.0
2032-05-10,M03,CNC,6.64,76.72,15.74,69.7,2849.0,normal,345.04,15.0,2.42,1,bearing,4640.0
2032-05-11,M03,CNC,5.4,67.05,16.09,60.9,2689.2,normal,345.26,13.1,2.2,1,bearing,2905.0
2032-05-12,M03,CNC,1.71,60.51,5.41,24.5,834.1,idle,345.64,10.4,1.82,1,bearing,3270.0
2032-05-13,M03,CNC,6.07,70.57,16.38,65.5,2940.2,normal,345.74,16.3,1.72,1,bearing,3049.0
2032-05-14,M03,CNC,7.64,77.29,18.49,69.1,2817.1,normal,346.09,13.9,1.37,1,bearing,3636.0
2032-05-15,M03,CNC,2.26,61.56,6.38,24.3,875.1,idle,346.19,12.2,1.27,1,bearing,4752.0
2032-05-16,M03,CNC,5.65,77.15,16.77,78.3,2756.2,normal,346.36,14.5,1.1,1,bearing,3168.0
2032-05-17,M03,CNC,7.17,78.24,13.06,75.8,2774.4,normal,346.59,17.4,0.87,1,bearing,4242.0
2032-05-18,M03,CNC,7.93,72.03,13.15,66.5,2847.8,normal,346.99,10.0,0.5,1,bearing,3603.0
2032-05-19,M03,CNC,1.8,61.01,6.48,25.1,812.1,idle,347.36,9.9,0.5,1,bearing,4024.0
2032-05-20,M03,CNC,3.19,60.48,10.55,52.5,2851.4,normal,0.0,9.5,94.62,0,none,0.0
2032-05-21,M03,CNC,2.97,50.32,10.55,80.8,2975.8,normal,0.45,8.3,94.17,0,none,0.0
2032-05-22,M03,CNC,2.9,61.19,9.83,85.9,2868.1,normal,0.8,10.7,93.82,0,none,0.0
2032-05-23,M03,CNC,2.57,61.19,10.6,89.1,2946.4,normal,1.12,13.5,93.5,0,none,0.0
2032-05-24,M03,CNC,1.88,64.06,13.31,78.6,2957.6,normal,1.18,8.9,93.43,0,none,0.0
2032-05-25,M03,CNC,0.95,40.33,4.4,22.8,855.4,idle,1.38,9.5,93.23,0,none,0.0
2032-05-26,M03,CNC,2.79,55.9,11.27,52.1,3015.9,normal,1.83,8.1,92.78,0,none,0.0
2032-05-27,M03,CNC,3.87,64.72,23.64,98.4,3986.7,peak,2.07,10.2,92.55,0,none,0.0
2032-05-28,M03,CNC,0.7,44.89,4.97,25.5,876.7,idle,2.15,9.2,92.47,0,none,0.0
2032-05-29,M03,CNC,0.93,45.98,5.39,22.4,872.3,idle,2.45,11.1,92.17,0,none,0.0
2032-05-30,M03,CNC,0.97,40.49,4.2,20.5,909.0,idle,2.92,9.0,91.7,0,none,0.0
2032-05-31,M03,CNC,0.7,48.62,4.68,20.0,878.1,idle,3.13,16.7,91.48,0,none,0.0
2032-06-01,M03,CNC,2.06,59.37,4.68,70.5,2812.2,normal,3.45,9.0,91.17,0,none,0.0
2032-06-02,M03,CNC,2.72,75.78,14.18,83.5,2860.2,normal,3.5,17.5,91.12,0,none,0.0
2032-06-03,M03,CNC,3.04,54.83,9.59,84.0,3082.6,normal,3.73,16.1,90.88,0,none,0.0
2032-06-04,M03,CNC,3.72,61.93,20.52,102.0,4069.3,peak,4.12,13.3,90.5,0,none,0.0
2032-06-05,M03,CNC,0.74,48.26,4.44,24.9,914.4,idle,4.47,12.0,90.15,0,none,0.0
2032-06-06,M03,CNC,0.74,55.48,14.71,72.1,3005.3,normal,4.8,8.1,89.82,0,none,0.0
2032-06-07,M03,CNC,0.89,41.53,5.27,21.2,915.3,idle,5.1,14.6,89.52,0,none,0.0
2032-06-08,M03,CNC,2.15,61.01,11.35,64.1,2893.0,normal,5.2,15.4,89.42,0,none,0.0
2032-06-09,M03,CNC,3.8,67.47,26.83,99.6,4007.6,peak,5.25,14.4,89.37,0,none,0.0
2032-06-10,M03,CNC,3.8,67.47,4.6,22.9,874.9,idle,5.47,10.5,89.15,0,none,0.0
2032-06-11,M03,CNC,2.25,60.3,10.9,79.0,3080.5,normal,5.82,12.6,88.8,0,none,0.0
2032-06-12,M03,CNC,3.65,68.39,18.69,108.0,3885.6,peak,6.08,16.0,88.53,0,none,0.0
2032-06-13,M03,CNC,2.66,64.69,13.37,79.5,2933.6,normal,6.38,17.5,88.23,0,none,0.0
2032-06-14,M03,CNC,3.25,71.56,18.35,105.5,3806.9,peak,6.68,16.8,87.93,0,none,0.0
2032-06-15,M03,CNC,3.01,52.36,12.84,74.7,2937.3,normal,7.15,14.4,87.47,0,none,0.0
2032-06-16,M03,CNC,3.47,65.95,21.11,101.6,3907.7,peak,7.22,12.1,87.4,0,none,0.0
2032-06-17,M03,CNC,0.87,42.38,5.48,23.0,863.6,idle,7.42,14.3,87.2,0,none,0.0
2032-06-18,M03,CNC,0.84,42.38,4.03,24.1,888.4,idle,7.48,17.4,87.13,0,none,0.0
2032-06-19,M03,CNC,2.04,62.26,11.9,63.2,3048.4,normal,7.6,8.8,87.02,0,none,0.0
2032-06-20,M03,CNC,2.69,63.47,13.59,80.2,3050.9,normal,7.78,12.9,86.83,0,none,0.0
2032-06-21,M03,CNC,1.88,61.64,13.49,54.6,2952.6,normal,8.27,17.5,86.35,0,none,0.0
2032-06-22,M03,CNC,1.92,61.04,13.05,88.2,2854.9,normal,8.65,15.3,85.97,0,none,0.0
2032-06-23,M03,CNC,2.65,53.17,13.49,79.5,3016.7,normal,8.93,14.9,85.68,0,none,0.0
2032-06-24,M03,CNC,0.94,48.54,4.12,22.1,898.1,idle,9.32,15.0,85.3,0,none,0.0
2032-06-25,M03,CNC,2.5,52.86,13.09,67.5,2917.0,normal,9.55,9.9,85.07,0,none,0.0
2032-06-26,M03,CNC,0.94,44.08,4.04,20.4,909.9,idle,10.02,15.1,84.6,0,none,0.0
2032-06-27,M03,CNC,3.14,60.33,11.87,87.7,2998.8,normal,10.42,11.5,84.2,0,none,0.0
2032-06-28,M03,CNC,0.95,47.66,4.57,22.9,863.0,idle,10.83,17.2,83.78,0,none,0.0
2032-06-29,M03,CNC,3.43,71.23,26.94,105.9,3939.6,peak,11.33,14.8,83.28,0,none,0.0
2032-06-30,M03,CNC,1.92,50.85,11.93,69.6,2982.7,normal,11.38,17.6,83.23,0,none,0.0
2032-07-01,M03,CNC,3.21,74.83,11.93,107.7,3960.5,peak,11.77,15.6,82.85,0,none,0.0
2032-07-02,M03,CNC,1.98,61.96,14.11,72.0,2954.4,normal,12.27,8.8,82.35,0,none,0.0
2032-07-03,M03,CNC,1.92,59.84,15.42,55.5,2879.1,normal,12.73,11.5,81.88,0,none,0.0
2032-07-04,M03,CNC,3.06,54.27,13.75,72.3,2978.9,normal,12.78,11.8,81.83,0,none,0.0
2032-07-05,M03,CNC,3.53,63.1,18.49,106.2,4023.8,peak,13.0,11.4,81.62,0,none,0.0
2032-07-06,M03,CNC,2.74,59.65,11.08,52.9,3042.6,normal,13.38,13.4,81.23,0,none,0.0
2032-07-07,M03,CNC,0.85,43.07,4.15,20.4,874.4,idle,13.82,10.9,80.8,0,none,0.0
2032-07-08,M03,CNC,2.93,63.78,15.33,87.0,3072.3,normal,14.1,10.1,80.52,0,none,0.0
2032-07-09,M03,CNC,2.54,53.29,14.69,60.1,2880.2,normal,14.52,11.9,80.1,0,none,0.0
2032-07-10,M03,CNC,2.54,53.29,21.22,60.1,2880.2,peak,14.7,17.6,79.92,0,none,0.0
2032-07-11,M03,CNC,0.96,45.71,5.32,21.2,861.7,idle,15.0,8.4,79.62,0,none,0.0
2032-07-12,M03,CNC,0.87,44.63,4.99,24.8,902.6,idle,15.27,16.5,79.35,0,none,0.0
2032-07-13,M03,CNC,3.12,55.97,10.84,72.9,2833.2,normal,15.32,14.2,79.3,0,none,0.0
2032-07-14,M03,CNC,2.2,53.12,12.08,56.2,2809.6,normal,15.52,9.1,79.1,0,none,0.0
2032-07-15,M03,CNC,2.72,59.15,14.1,77.1,2834.3,normal,15.73,9.9,78.88,0,none,0.0
2032-07-16,M03,CNC,0.79,41.3,5.26,24.5,864.1,idle,15.95,12.3,78.67,0,none,0.0
2032-07-17,M03,CNC,0.8,49.67,4.89,24.8,868.5,idle,16.08,13.1,78.53,0,none,0.0
2032-07-18,M03,CNC,0.76,47.84,5.03,24.1,888.7,idle,16.18,17.1,78.43,0,none,0.0
2032-07-19,M03,CNC,0.87,47.36,4.41,22.1,911.0,idle,16.22,14.6,78.4,0,none,0.0
2032-07-20,M03,CNC,0.79,45.46,5.05,26.0,880.5,idle,16.37,11.7,78.25,0,none,0.0
2032-07-21,M03,CNC,0.83,48.43,5.21,24.4,882.4,idle,16.58,9.8,78.03,0,none,0.0
2032-07-22,M03,CNC,0.8,46.09,5.31,25.3,857.6,idle,17.03,17.9,77.58,0,none,0.0
2032-07-23,M03,CNC,0.83,44.65,5.47,24.1,878.5,idle,17.42,9.6,77.2,0,none,0.0
2032-07-24,M03,CNC,0.71,45.65,4.14,25.0,902.7,idle,17.63,8.1,76.98,0,none,0.0
2032-07-25,M03,CNC,2.44,56.44,15.33,63.0,2874.7,normal,18.13,10.0,76.48,0,none,0.0
2032-07-26,M03,CNC,0.98,48.09,5.23,21.2,860.0,idle,18.27,9.3,76.35,0,none,0.0
2032-07-27,M03,CNC,0.71,42.37,5.16,21.4,901.0,idle,18.52,17.0,76.1,0,none,0.0
2032-07-28,M03,CNC,0.78,43.95,5.47,21.5,876.4,idle,18.63,17.5,75.98,0,none,0.0
2032-07-29,M03,CNC,2.22,51.64,12.68,66.4,876.4,normal,19.02,9.2,75.6,0,none,0.0
2032-07-30,M03,CNC,0.95,45.44,4.05,23.7,853.9,idle,19.3,16.0,75.32,0,none,0.0
2032-07-31,M03,CNC,0.88,46.85,4.3,24.9,913.8,idle,19.7,15.5,74.92,0,none,0.0
2032-08-01,M03,CNC,0.88,54.58,13.31,86.8,2896.2,normal,20.13,13.0,74.48,0,none,0.0
2032-08-02,M03,CNC,0.95,40.09,4.01,24.6,903.3,idle,20.55,11.9,74.07,0,none,0.0
2032-08-03,M03,CNC,0.95,63.95,10.27,60.8,3071.1,normal,20.63,15.9,73.98,0,none,0.0
2032-08-04,M03,CNC,0.75,46.82,4.8,20.5,870.0,idle,20.73,13.0,73.88,0,none,0.0
2032-08-05,M03,CNC,0.86,48.52,5.06,23.7,884.7,idle,21.17,8.5,73.45,0,none,0.0
2032-08-06,M03,CNC,0.79,41.19,4.61,20.2,864.8,idle,21.63,17.8,72.98,0,none,0.0
2032-08-07,M03,CNC,0.83,44.19,4.07,23.5,888.5,idle,22.05,12.8,72.57,0,none,0.0
2032-08-08,M03,CNC,0.72,49.43,4.15,25.1,850.0,idle,22.23,15.6,72.38,0,none,0.0
2032-08-09,M03,CNC,0.96,40.2,5.14,22.2,901.7,idle,22.38,15.3,72.23,0,none,0.0
2032-08-10,M03,CNC,0.82,40.71,5.15,20.4,914.5,idle,22.5,15.7,72.12,0,none,0.0
2032-08-11,M03,CNC,0.72,44.79,5.08,22.4,865.2,idle,22.98,15.0,71.63,0,none,0.0
2032-08-12,M03,CNC,0.93,47.84,5.38,22.3,885.4,idle,23.37,10.0,71.25,0,none,0.0
2032-08-13,M03,CNC,0.81,42.57,5.13,22.0,880.0,idle,23.77,9.0,70.85,0,none,0.0
2032-08-14,M03,CNC,2.37,60.69,15.47,77.3,2941.5,normal,24.18,9.8,70.43,0,none,0.0
2032-08-15,M03,CNC,2.89,59.61,9.89,55.6,2811.4,normal,24.67,14.3,69.95,0,none,0.0
2032-08-16,M03,CNC,2.44,62.39,11.54,66.6,3072.8,normal,24.82,12.0,69.8,0,none,0.0
2032-08-17,M03,CNC,2.44,62.39,11.54,66.6,3804.8,peak,24.98,17.3,69.63,0,none,0.0
2032-08-18,M03,CNC,1.95,54.39,13.09,54.4,2840.9,normal,25.23,10.0,69.38,0,none,0.0
2032-08-19,M03,CNC,2.05,59.48,13.5,72.9,2875.2,normal,25.72,12.1,68.9,0,none,0.0
2032-08-20,M03,CNC,0.81,40.97,4.34,25.4,918.6,idle,25.9,17.8,68.72,0,none,0.0
2032-08-21,M03,CNC,2.71,63.75,13.68,53.3,3099.0,normal,26.05,12.8,68.57,0,none,0.0
2032-08-22,M03,CNC,1.94,60.24,11.14,66.9,2993.8,normal,26.35,8.5,68.27,0,none,0.0
2032-08-23,M03,CNC,2.41,53.76,11.67,65.0,3087.8,normal,26.43,10.8,68.18,0,none,0.0
2032-08-24,M03,CNC,0.94,44.59,4.3,24.9,861.0,idle,26.65,10.5,67.97,0,none,0.0
2032-08-25,M03,CNC,0.94,55.49,15.22,57.0,2836.7,normal,27.15,8.4,67.47,0,none,0.0
2032-08-26,M03,CNC,0.85,42.76,4.85,22.7,880.5,idle,27.2,11.2,67.42,0,none,0.0
2032-08-27,M03,CNC,1.96,52.12,14.84,85.7,2870.4,normal,27.38,17.1,67.23,0,none,0.0
2032-08-28,M03,CNC,1.96,50.8,13.45,79.2,2911.8,normal,27.47,10.5,67.15,0,none,0.0
2032-08-29,M03,CNC,2.75,60.69,15.58,54.5,2857.7,normal,27.75,11.0,66.87,0,none,0.0
2032-08-30,M03,CNC,2.75,48.68,5.19,23.4,855.9,idle,27.83,14.8,66.78,0,none,0.0
2032-08-31,M03,CNC,0.78,42.98,4.84,21.6,855.1,idle,28.27,11.3,66.35,0,none,0.0
2032-09-01,M03,CNC,0.92,42.99,4.68,20.8,906.2,idle,28.68,15.4,65.93,0,none,0.0
2032-09-02,M03,CNC,2.59,63.52,12.72,87.8,3067.6,normal,29.02,11.7,65.6,0,none,0.0
2032-09-03,M03,CNC,2.61,64.01,11.6,65.9,2813.6,normal,29.38,13.8,65.23,0,none,0.0
2032-09-04,M03,CNC,0.88,47.22,5.16,20.9,881.1,idle,29.45,9.3,65.17,0,none,0.0
2032-09-05,M03,CNC,2.05,59.93,10.53,86.4,2869.2,normal,29.87,8.4,64.75,0,none,0.0
2032-09-06,M03,CNC,0.79,48.51,4.69,20.1,884.6,idle,30.37,9.9,64.25,0,none,0.0
2032-09-07,M03,CNC,1.92,64.78,13.32,61.8,2969.1,normal,30.77,9.0,63.85,0,none,0.0
2032-09-08,M03,CNC,1.91,62.0,15.51,85.2,2902.5,normal,31.08,11.0,63.53,0,none,0.0
2032-09-09,M03,CNC,3.46,58.6,24.51,103.0,3937.8,peak,31.37,10.0,63.25,0,none,0.0
2032-09-10,M03,CNC,3.07,52.52,9.56,54.8,2867.0,normal,31.78,9.3,62.83,0,none,0.0
2032-09-11,M03,CNC,1.85,57.54,11.54,58.9,3025.0,normal,32.03,10.5,62.58,0,none,0.0
2032-09-12,M03,CNC,0.76,46.88,4.52,23.1,915.4,idle,32.53,16.5,62.08,0,none,0.0
2032-09-13,M03,CNC,3.23,66.5,26.54,103.8,915.4,peak,32.85,16.9,61.77,0,none,0.0
2032-09-14,M03,CNC,3.23,60.2,15.29,53.6,2821.5,normal,33.12,9.2,61.5,0,none,0.0
2032-09-15,M03,CNC,2.26,53.49,11.22,60.4,2858.8,normal,33.37,12.2,61.25,0,none,0.0
2032-09-16,M03,CNC,0.74,49.34,4.22,21.2,867.2,idle,33.67,9.7,60.95,0,none,0.0
2032-09-17,M03,CNC,0.98,47.56,5.18,20.6,908.5,idle,33.83,9.3,60.78,0,none,0.0
2032-09-18,M03,CNC,3.53,62.47,23.76,107.3,4033.6,peak,33.88,8.6,60.73,0,none,0.0
2032-09-19,M03,CNC,3.05,63.92,11.05,68.1,2804.4,normal,34.28,16.1,60.33,0,none,0.0
2032-09-20,M03,CNC,0.96,41.55,5.29,22.0,875.8,idle,34.57,16.7,60.05,0,none,0.0
2032-09-21,M03,CNC,1.85,54.9,15.27,53.0,2921.9,normal,34.63,15.5,59.98,0,none,0.0
2032-09-22,M03,CNC,1.84,55.56,10.62,61.6,3063.3,normal,34.87,11.9,59.75,0,none,0.0
2032-09-23,M03,CNC,2.41,54.11,13.33,57.4,2877.8,normal,35.22,9.8,59.4,0,none,0.0
2032-09-24,M03,CNC,2.56,53.56,13.91,70.7,3031.6,normal,35.33,13.9,59.28,0,none,0.0
2032-09-25,M03,CNC,0.98,41.16,4.5,21.9,860.6,idle,35.37,15.9,59.25,0,none,0.0
2032-09-26,M03,CNC,2.93,61.4,12.65,21.9,2817.9,normal,35.63,15.2,58.98,0,none,0.0
2032-09-27,M03,CNC,2.58,61.87,13.23,62.1,3000.3,normal,35.8,10.2,58.82,0,none,0.0
2032-09-28,M03,CNC,2.31,58.17,12.67,66.5,3015.7,normal,36.2,9.2,58.42,0,none,0.0
2032-09-29,M03,CNC,3.04,58.17,15.57,66.5,3010.2,normal,36.35,10.4,58.27,0,none,0.0
2032-09-30,M03,CNC,3.0,57.01,14.93,58.8,2847.8,normal,36.4,17.4,58.22,0,none,0.0
2032-10-01,M03,CNC,3.73,72.79,26.92,104.7,3957.7,peak,36.57,10.7,58.05,0,none,0.0
2032-10-02,M03,CNC,2.26,64.7,11.58,80.3,2959.6,normal,37.02,17.8,57.6,0,none,0.0
2032-10-03,M03,CNC,2.65,55.9,15.77,73.7,3081.3,normal,37.48,9.2,57.13,0,none,0.0
2032-10-04,M03,CNC,1.81,58.59,14.16,80.3,3071.5,normal,37.85,14.1,56.77,0,none,0.0
2032-10-05,M03,CNC,1.81,50.0,12.57,53.1,3092.4,normal,38.07,17.5,56.55,0,none,0.0
2032-10-06,M03,CNC,2.11,57.09,12.57,71.8,2914.0,normal,38.57,15.2,56.05,0,none,0.0
2032-10-07,M03,CNC,0.71,43.35,4.59,25.9,864.5,idle,38.82,10.9,55.8,0,none,0.0
2032-10-08,M03,CNC,2.56,64.81,14.65,89.8,3090.5,normal,38.87,8.1,55.75,0,none,0.0
2032-10-09,M03,CNC,2.56,60.45,10.22,68.8,3042.7,normal,39.08,17.7,55.53,0,none,0.0
2032-10-10,M03,CNC,2.51,60.54,14.35,61.6,3062.7,normal,39.2,8.2,55.42,0,none,0.0
2032-10-11,M03,CNC,3.57,61.57,26.65,61.6,4025.1,peak,39.58,15.8,55.03,0,none,0.0
2032-10-12,M03,CNC,0.86,43.82,5.21,23.5,877.3,idle,40.02,15.2,54.6,0,none,0.0
2032-10-13,M03,CNC,0.73,49.01,5.21,30.8,874.7,idle,40.42,14.5,47.73,0,none,0.0
2032-10-14,M03,CNC,0.9,49.35,4.24,22.6,874.7,idle,40.78,10.1,47.36,0,none,0.0
2032-10-15,M03,CNC,0.94,45.43,4.95,29.1,907.3,idle,40.98,13.8,47.16,0,none,0.0
2032-10-16,M03,CNC,0.94,43.81,5.51,25.7,849.5,idle,41.42,12.5,46.73,0,none,0.0
2032-10-17,M03,CNC,0.82,41.6,4.19,16.4,851.0,idle,41.67,17.0,46.48,0,none,0.0
2032-10-18,M03,CNC,0.93,41.08,4.31,16.6,851.5,idle,41.78,16.2,46.36,0,none,0.0
2032-10-19,M03,CNC,0.8,46.13,5.47,27.5,907.6,idle,42.12,15.3,46.03,0,none,0.0
2032-10-20,M03,CNC,0.77,43.07,4.13,29.4,851.3,idle,42.15,16.9,45.99,0,none,0.0
2032-10-21,M03,CNC,0.89,42.98,4.39,19.3,898.5,idle,42.53,8.7,45.61,0,none,0.0
2032-10-22,M03,CNC,0.98,46.25,5.34,22.5,911.4,idle,42.68,14.5,45.46,0,none,0.0
2032-10-23,M03,CNC,0.98,46.57,5.07,22.5,911.4,idle,43.1,15.3,45.04,0,none,0.0
2032-10-24,M03,CNC,1.02,45.63,4.62,17.5,903.4,idle,43.45,11.8,44.69,0,none,0.0
2032-10-25,M03,CNC,0.92,41.15,4.84,14.6,898.2,idle,43.48,14.4,44.66,0,none,0.0
2032-10-26,M03,CNC,0.83,45.45,5.24,25.6,854.8,idle,43.63,10.7,44.51,0,none,0.0
2032-10-27,M03,CNC,0.85,43.1,4.55,33.1,900.5,idle,43.98,17.7,44.16,0,none,0.0
2032-10-28,M03,CNC,1.01,50.19,4.55,26.4,859.3,idle,44.07,16.2,44.08,0,none,0.0
2032-10-29,M03,CNC,0.99,47.63,4.39,23.1,878.1,idle,44.13,12.8,44.01,0,none,0.0
2032-10-30,M03,CNC,0.9,49.78,4.61,25.1,873.1,idle,44.4,11.1,43.74,0,none,0.0
2032-10-31,M03,CNC,0.96,50.22,5.41,21.9,856.5,idle,44.55,14.9,43.59,0,none,0.0
2032-11-01,M03,CNC,0.88,45.26,5.01,26.4,849.8,idle,44.63,8.4,43.51,0,none,0.0
2032-11-02,M03,CNC,0.88,42.87,5.39,26.4,875.1,idle,44.72,16.4,43.43,0,none,0.0
2032-11-03,M03,CNC,0.77,48.83,5.1,17.4,875.1,idle,44.87,12.3,43.28,0,none,0.0
2032-11-04,M03,CNC,1.04,46.64,4.9,24.2,881.5,idle,45.23,17.2,42.91,0,none,0.0
2032-11-05,M03,CNC,2.56,55.67,10.05,47.3,2826.8,normal,45.62,16.2,42.53,0,none,0.0
2032-11-06,M03,CNC,2.71,60.19,13.62,85.0,2892.3,normal,45.73,10.2,42.41,0,none,0.0
2032-11-07,M03,CNC,1.01,45.96,5.55,17.5,884.7,idle,45.92,14.2,42.23,0,none,0.0
2032-11-08,M03,CNC,1.98,61.02,15.21,70.8,3061.5,normal,45.98,14.0,42.16,0,none,0.0
2032-11-09,M03,CNC,0.83,47.03,4.74,22.3,850.0,idle,46.28,9.8,41.86,0,none,0.0
2032-11-10,M03,CNC,1.03,50.48,4.73,25.8,848.0,idle,46.78,11.0,41.36,0,none,0.0
2032-11-11,M03,CNC,2.96,56.11,15.63,77.5,2950.9,normal,47.0,10.7,41.14,0,none,0.0
2032-11-12,M03,CNC,2.77,52.16,15.79,85.5,3052.6,normal,47.22,16.1,40.93,0,none,0.0
2032-11-13,M03,CNC,0.92,48.59,4.14,30.6,890.1,idle,47.28,16.6,40.86,0,none,0.0
2032-11-14,M03,CNC,1.0,49.28,4.41,24.2,905.2,idle,47.72,11.2,40.43,0,none,0.0
2032-11-15,M03,CNC,0.78,51.02,4.5,28.7,859.1,idle,48.13,17.8,40.01,0,none,0.0
2032-11-16,M03,CNC,0.78,53.2,12.95,59.2,2849.1,normal,48.22,17.6,39.93,0,none,0.0
2032-11-17,M03,CNC,2.93,53.67,14.4,103.6,2989.8,normal,48.28,9.3,39.86,0,none,0.0
2032-11-18,M03,CNC,3.26,57.13,11.81,80.0,2764.7,normal,48.5,12.2,39.64,0,none,0.0
2032-11-19,M03,CNC,3.4,53.95,15.65,43.2,2992.2,normal,48.75,14.4,39.39,0,none,0.0
2032-11-20,M03,CNC,3.63,60.52,25.66,102.1,3939.3,peak,49.12,11.8,39.03,0,none,0.0
2032-11-21,M03,CNC,2.83,53.57,15.86,82.5,2961.9,normal,49.43,13.3,38.71,0,none,0.0
2032-11-22,M03,CNC,2.75,61.05,11.7,60.6,2904.0,normal,49.67,15.1,38.48,0,none,0.0
2032-11-23,M03,CNC,0.92,45.97,5.11,27.1,835.5,idle,50.1,15.5,38.04,0,none,0.0
2032-11-24,M03,CNC,2.51,45.97,10.34,73.8,2756.2,normal,50.25,10.0,37.89,0,none,0.0
2032-11-25,M03,CNC,3.53,63.2,10.29,66.1,2950.9,normal,50.47,17.6,37.68,0,none,0.0
2032-11-26,M03,CNC,3.93,73.54,27.82,125.8,3772.8,peak,50.52,11.6,37.63,0,none,0.0
2032-11-27,M03,CNC,1.03,51.81,4.98,18.9,854.0,idle,50.95,10.9,37.19,0,none,0.0
2032-11-28,M03,CNC,2.6,63.37,15.9,72.3,2965.5,normal,51.43,17.3,36.71,0,none,0.0
2032-11-29,M03,CNC,0.84,44.5,4.91,16.5,873.2,idle,51.57,8.6,36.58,0,none,0.0
2032-11-30,M03,CNC,0.89,50.38,5.34,16.3,841.4,idle,51.97,11.8,36.18,0,none,0.0
2032-12-01,M03,CNC,3.05,67.41,13.89,58.6,2734.6,normal,52.22,15.0,35.93,0,none,0.0
2032-12-02,M03,CNC,2.53,55.47,15.15,66.9,2804.8,normal,52.28,13.9,35.86,0,none,0.0
2032-12-03,M03,CNC,2.55,56.09,15.79,53.1,2920.4,normal,52.38,8.8,35.76,0,none,0.0
2032-12-04,M03,CNC,0.93,48.93,4.7,25.5,871.0,idle,52.72,12.2,35.43,0,none,0.0
2032-12-05,M03,CNC,1.0,45.62,4.33,24.9,855.5,idle,53.0,15.5,35.14,0,none,0.0
2032-12-06,M03,CNC,3.04,66.44,10.0,59.2,2780.5,normal,53.18,15.2,34.96,0,none,0.0
2032-12-07,M03,CNC,0.97,47.09,5.23,17.0,866.7,idle,53.55,10.9,34.59,0,none,0.0
2032-12-08,M03,CNC,3.48,66.56,16.19,65.4,2982.8,normal,54.05,14.0,34.09,0,none,0.0
2032-12-09,M03,CNC,2.44,55.88,9.82,87.4,2991.2,normal,54.17,16.3,33.98,0,none,0.0
2032-12-10,M03,CNC,2.37,55.88,9.82,87.4,2903.5,normal,54.67,15.1,33.48,0,none,0.0
2032-12-11,M03,CNC,3.65,58.27,12.13,69.3,2824.8,normal,55.0,15.1,33.14,0,none,0.0
2032-12-12,M03,CNC,2.08,64.1,14.84,74.5,2812.9,normal,55.12,8.9,33.03,0,none,0.0
2032-12-13,M03,CNC,2.08,46.74,4.15,17.1,831.7,idle,55.22,12.0,32.93,0,none,0.0
2032-12-14,M03,CNC,2.21,64.52,9.86,91.6,2860.4,normal,55.45,15.5,32.69,0,none,0.0
2032-12-15,M03,CNC,3.7,54.16,13.73,64.4,2952.7,normal,55.92,14.9,32.23,0,none,0.0
2032-12-16,M03,CNC,2.7,57.27,15.58,52.9,2710.7,normal,56.28,16.3,31.86,0,none,0.0
2032-12-17,M03,CNC,2.76,63.28,11.54,59.0,2719.7,normal,56.73,12.2,31.41,0,none,0.0
2032-12-18,M03,CNC,3.08,64.81,12.61,82.1,2728.3,normal,56.82,14.0,31.33,0,none,0.0
2032-12-19,M03,CNC,2.44,55.8,13.07,55.1,2977.3,normal,56.85,9.6,31.29,0,none,0.0
2032-12-20,M03,CNC,2.23,62.51,13.37,63.4,2954.5,normal,56.98,15.6,31.16,0,none,0.0
2032-12-21,M03,CNC,2.46,54.18,14.37,55.0,2705.0,normal,57.3,17.3,30.84,0,none,0.0
2032-12-22,M03,CNC,4.01,66.85,25.04,101.3,3783.1,peak,57.37,13.6,30.78,0,none,0.0
2032-12-23,M03,CNC,2.94,60.57,16.41,40.6,2971.7,normal,57.82,8.5,30.33,0,none,0.0
2032-12-24,M03,CNC,3.1,65.66,12.76,60.2,2949.8,normal,58.0,11.6,30.14,0,none,0.0
2032-12-25,M03,CNC,3.62,65.66,11.21,66.2,2954.4,normal,58.23,11.1,29.91,0,none,0.0
2032-12-26,M03,CNC,4.12,72.89,26.04,80.9,3817.8,peak,58.45,15.0,29.69,0,none,0.0
2032-12-27,M03,CNC,0.98,53.54,5.11,24.4,840.4,idle,58.7,13.0,29.44,0,none,0.0
2032-12-28,M03,CNC,3.28,57.83,11.53,73.6,2839.5,normal,59.13,13.9,29.01,0,none,0.0
2032-12-29,M03,CNC,1.08,46.72,5.1,18.1,855.9,idle,59.47,8.4,28.68,0,none,0.0
2032-12-30,M03,CNC,2.66,64.84,15.35,46.8,2771.5,normal,59.85,16.9,28.29,0,none,0.0
2032-12-31,M03,CNC,3.3,64.62,14.67,86.4,2795.6,normal,60.25,10.2,27.89,0,none,0.0
2033-01-01,M03,CNC,0.99,46.76,4.42,30.9,820.5,idle,60.35,9.6,27.79,0,none,0.0
2033-01-02,M03,CNC,4.79,76.32,27.72,110.1,3755.0,peak,60.65,14.1,27.49,0,none,0.0
2033-01-03,M03,CNC,3.64,56.73,10.06,73.9,2699.3,normal,61.08,15.9,27.06,0,none,0.0
2033-01-04,M03,CNC,3.88,64.53,10.06,44.4,2869.8,normal,61.3,17.4,26.84,0,none,0.0
2033-01-05,M03,CNC,0.87,52.87,4.44,20.0,826.8,idle,61.7,11.9,26.44,0,none,0.0
2033-01-06,M03,CNC,2.33,61.78,11.08,82.9,2740.2,normal,62.05,17.6,26.09,0,none,0.0
2033-01-07,M03,CNC,2.81,63.13,11.87,77.0,2903.9,normal,62.33,8.1,25.81,0,none,0.0
2033-01-08,M03,CNC,2.53,55.89,12.17,79.6,2824.7,normal,62.52,17.7,25.63,0,none,0.0
2033-01-09,M03,CNC,2.86,66.52,10.22,54.9,2778.4,normal,62.58,12.5,25.56,0,none,0.0
2033-01-10,M03,CNC,3.35,69.2,13.42,82.2,2754.4,normal,62.77,10.8,25.38,0,none,0.0
2033-01-11,M03,CNC,2.27,57.21,12.64,62.5,2695.4,normal,62.83,15.1,25.31,0,none,0.0
2033-01-12,M03,CNC,4.4,68.54,20.15,62.5,3871.3,peak,63.12,15.6,25.03,0,none,0.0
2033-01-13,M03,CNC,4.27,74.95,25.28,100.7,3685.6,peak,63.22,17.7,24.93,0,none,0.0
2033-01-14,M03,CNC,1.01,50.77,4.75,25.9,816.5,idle,63.43,12.0,24.71,0,none,0.0
2033-01-15,M03,CNC,1.2,49.33,5.18,27.7,866.1,idle,63.82,11.7,24.33,0,none,0.0
2033-01-16,M03,CNC,1.07,49.78,5.66,24.4,815.1,idle,64.02,14.8,24.13,0,none,0.0
2033-01-17,M03,CNC,2.56,66.82,15.68,52.8,2817.8,normal,64.18,17.9,23.96,1,hydraulic,1733.0
2033-01-18,M03,CNC,1.12,49.49,5.28,21.4,870.6,idle,64.6,15.0,23.54,1,hydraulic,2133.0
2033-01-19,M03,CNC,1.17,51.51,4.7,21.9,833.0,idle,65.08,11.8,23.06,1,hydraulic,1798.0
2033-01-20,M03,CNC,1.14,51.57,4.81,17.9,859.6,idle,65.23,12.6,22.91,1,hydraulic,3408.0
2033-01-21,M03,CNC,0.9,49.79,5.41,22.8,848.3,idle,65.5,17.0,22.64,1,hydraulic,1851.0
2033-01-22,M03,CNC,1.09,55.23,4.3,28.8,811.0,idle,65.62,17.2,22.53,1,hydraulic,3274.0
2033-01-23,M03,CNC,1.09,49.16,4.46,23.3,867.4,idle,65.75,8.6,22.39,1,hydraulic,3975.0
2033-01-24,M03,CNC,1.02,51.79,5.06,19.1,845.7,idle,66.03,15.4,22.11,1,hydraulic,3361.0
2033-01-25,M03,CNC,0.89,51.79,5.4,18.2,863.9,idle,66.08,17.5,22.06,1,hydraulic,2374.0
2033-01-26,M03,CNC,1.23,50.69,5.18,30.3,823.5,idle,66.28,17.9,21.86,1,hydraulic,1755.0
2033-01-27,M03,CNC,1.02,47.37,5.64,24.1,809.9,idle,66.73,12.3,21.41,1,hydraulic,1721.0
2033-01-28,M03,CNC,4.05,66.53,15.87,59.8,2787.2,normal,66.87,17.5,21.28,1,hydraulic,2605.0
2033-01-29,M03,CNC,1.16,51.03,5.28,18.5,827.1,idle,67.03,8.8,21.11,1,hydraulic,3159.0
2033-01-30,M03,CNC,1.22,47.25,4.66,24.8,826.3,idle,67.1,15.1,21.04,1,hydraulic,3649.0
2033-01-31,M03,CNC,1.04,53.69,5.26,27.1,845.1,idle,67.23,10.6,20.91,1,hydraulic,1878.0
2033-02-01,M03,CNC,2.41,58.45,14.36,88.0,2858.0,normal,67.73,11.4,20.41,1,hydraulic,2173.0
2033-02-02,M03,CNC,1.06,53.01,5.32,25.4,815.1,idle,67.87,12.2,20.28,1,hydraulic,2158.0
2033-02-03,M03,CNC,1.12,51.88,5.82,22.1,834.7,idle,68.27,17.1,19.88,1,hydraulic,1540.0
2033-02-04,M03,CNC,1.04,51.18,4.61,15.2,837.3,idle,68.58,14.0,19.56,1,hydraulic,3869.0
2033-02-05,M03,CNC,1.04,47.82,4.76,24.2,861.6,idle,68.93,14.6,19.21,1,hydraulic,2796.0
2033-02-06,M03,CNC,1.13,54.15,4.91,20.0,830.8,idle,68.97,12.6,19.18,1,hydraulic,2796.0
2033-02-07,M03,CNC,1.13,50.94,5.41,20.1,816.7,idle,69.05,14.7,19.09,1,hydraulic,1515.0
2033-02-08,M03,CNC,2.61,65.17,13.45,60.1,2741.3,normal,69.32,16.6,18.83,1,hydraulic,3869.0
2033-02-09,M03,CNC,1.11,54.37,4.36,18.0,852.3,idle,69.4,15.5,18.74,1,hydraulic,3736.0
2033-02-10,M03,CNC,1.17,49.09,5.6,20.9,830.1,idle,69.83,11.8,18.31,1,hydraulic,2282.0
2033-02-11,M03,CNC,1.3,55.74,4.82,24.8,818.1,idle,70.22,8.1,17.93,1,hydraulic,1566.0
2033-02-12,M03,CNC,2.42,56.61,12.83,107.1,2868.4,normal,70.4,13.0,17.74,1,hydraulic,3544.0
2033-02-13,M03,CNC,3.32,64.86,10.15,54.8,2628.3,normal,70.77,12.1,17.38,1,hydraulic,3721.0
2033-02-14,M03,CNC,1.23,47.89,5.64,18.3,810.4,idle,71.02,15.7,17.13,1,hydraulic,2220.0
2033-02-15,M03,CNC,0.99,52.77,5.7,25.7,817.7,idle,71.28,9.8,16.86,1,hydraulic,3723.0
2033-02-16,M03,CNC,1.17,49.65,5.86,27.3,834.6,idle,71.53,16.5,16.61,1,hydraulic,3291.0
2033-02-17,M03,CNC,3.18,65.89,12.5,66.6,2725.4,normal,71.9,14.2,16.24,1,hydraulic,1906.0
2033-02-18,M03,CNC,1.3,52.89,4.4,27.6,811.2,idle,71.97,9.0,16.18,1,hydraulic,3184.0
2033-02-19,M03,CNC,2.85,61.11,14.13,91.3,2751.5,normal,72.05,15.5,16.09,1,hydraulic,1908.0
2033-02-20,M03,CNC,2.85,61.47,15.56,42.2,2830.7,normal,72.42,13.8,15.73,1,hydraulic,2687.0
2033-02-21,M03,CNC,2.85,67.07,13.49,75.2,2631.2,normal,72.9,10.2,15.24,1,hydraulic,3060.0
2033-02-22,M03,CNC,2.85,57.67,11.19,57.3,2631.2,normal,72.98,12.7,15.16,1,hydraulic,3400.0
2033-02-23,M03,CNC,4.38,80.54,29.65,121.9,3672.5,peak,73.23,14.4,14.91,1,hydraulic,3121.0
2033-02-24,M03,CNC,5.1,70.48,24.51,109.2,3804.7,peak,73.27,15.8,14.88,1,hydraulic,2596.0
2033-02-25,M03,CNC,5.1,70.48,4.65,109.2,3804.7,idle,73.77,11.1,14.38,1,hydraulic,3198.0
2033-02-26,M03,CNC,3.03,62.69,14.49,76.8,2806.7,normal,74.15,17.0,13.99,1,hydraulic,1563.0
2033-02-27,M03,CNC,3.98,57.57,10.51,97.6,2750.0,normal,74.18,11.7,13.96,1,hydraulic,3957.0
2033-02-28,M03,CNC,3.54,57.92,11.96,98.8,2839.6,normal,74.38,17.6,13.76,1,hydraulic,2490.0
2033-03-01,M03,CNC,5.34,73.71,25.14,116.8,3676.1,peak,74.7,9.9,13.44,1,hydraulic,1711.0
2033-03-02,M03,CNC,4.93,80.68,27.79,137.3,3583.6,peak,75.15,12.3,12.99,1,hydraulic,3099.0
2033-03-03,M03,CNC,3.46,80.68,10.97,83.1,2644.2,normal,75.57,17.0,12.58,1,hydraulic,3291.0
2033-03-04,M03,CNC,4.02,66.59,11.56,70.2,2781.9,normal,75.72,16.0,12.43,1,hydraulic,3863.0
2033-03-05,M03,CNC,3.7,63.91,16.5,89.7,2730.2,normal,76.17,15.6,11.98,1,hydraulic,3764.0
2033-03-06,M03,CNC,4.47,81.21,21.26,77.8,3736.8,peak,76.28,10.0,11.86,1,hydraulic,3291.0
2033-03-07,M03,CNC,2.89,65.45,11.89,58.0,2745.5,normal,76.32,13.9,11.83,1,hydraulic,3726.0
2033-03-08,M03,CNC,4.13,70.97,14.76,90.7,2740.9,normal,76.38,8.3,11.76,1,hydraulic,3358.0
2033-03-09,M03,CNC,3.23,67.35,14.76,57.2,2673.6,normal,76.75,11.6,11.39,1,hydraulic,2408.0
2033-03-10,M03,CNC,3.24,64.19,10.74,80.6,2722.3,normal,76.93,16.4,11.21,1,hydraulic,3048.0
2033-03-11,M03,CNC,3.64,63.19,14.54,64.0,2847.3,normal,77.37,8.5,10.78,1,hydraulic,2088.0
2033-03-12,M03,CNC,3.65,58.47,17.04,96.2,2673.6,normal,77.73,17.8,10.41,1,hydraulic,1954.0
2033-03-13,M03,CNC,4.63,68.33,21.23,75.1,3749.6,peak,78.0,9.2,10.14,1,hydraulic,2573.0
2033-03-14,M03,CNC,3.58,68.49,16.07,99.1,2819.9,normal,78.5,8.8,9.64,1,hydraulic,2351.0
2033-03-15,M03,CNC,4.42,64.63,16.94,75.4,2594.4,normal,78.73,16.0,9.41,1,hydraulic,3492.0
2033-03-16,M03,CNC,3.87,64.63,16.64,61.2,2734.0,normal,79.1,14.9,9.04,1,hydraulic,2784.0
2033-03-17,M03,CNC,4.52,71.84,20.15,83.1,3713.8,peak,79.47,16.1,8.68,1,hydraulic,1541.0
2033-03-18,M03,CNC,2.96,66.21,11.73,60.2,2708.3,normal,79.97,13.7,8.18,1,hydraulic,1628.0
2033-03-19,M03,CNC,4.62,76.3,19.83,95.7,3635.4,peak,80.05,17.9,8.09,1,hydraulic,3957.0
2033-03-20,M03,CNC,3.73,58.81,14.34,71.5,2763.9,normal,80.37,13.2,7.78,1,hydraulic,1998.0
2033-03-21,M03,CNC,2.81,67.3,15.04,54.0,2799.6,normal,80.5,13.4,7.64,1,hydraulic,2124.0
2033-03-22,M03,CNC,1.38,56.94,5.68,20.3,818.9,idle,80.63,9.1,7.51,1,hydraulic,2841.0
2033-03-23,M03,CNC,3.91,70.56,14.98,81.5,2666.5,normal,80.73,15.3,7.41,1,hydraulic,2596.0
2033-03-24,M03,CNC,4.36,58.75,15.23,80.3,2756.1,normal,80.9,17.5,7.24,1,hydraulic,3758.0
2033-03-25,M03,CNC,4.56,68.88,10.55,83.2,2638.2,normal,81.27,15.5,6.88,1,hydraulic,3599.0
2033-03-26,M03,CNC,5.09,71.93,22.47,83.1,3576.4,peak,81.5,10.5,6.64,1,hydraulic,2651.0
2033-03-27,M03,CNC,3.86,70.86,12.42,63.3,2740.1,normal,81.73,15.9,6.41,1,hydraulic,2178.0
2033-03-28,M03,CNC,3.94,72.28,10.44,81.1,2697.4,normal,82.18,15.2,5.96,1,hydraulic,3327.0
2033-03-29,M03,CNC,3.85,60.18,13.39,54.0,2622.9,normal,82.43,10.7,5.71,1,hydraulic,1940.0
2033-03-30,M03,CNC,3.62,71.07,15.6,67.9,2698.7,normal,82.78,10.0,5.36,1,hydraulic,1763.0
2033-03-31,M03,CNC,3.47,73.53,14.31,62.1,2612.6,normal,83.05,8.3,5.09,1,hydraulic,3903.0
2033-04-01,M03,CNC,3.86,66.83,10.41,90.8,2740.5,normal,83.3,16.3,4.84,1,hydraulic,3672.0
2033-04-02,M03,CNC,3.96,60.07,10.41,90.8,2740.5,normal,83.52,9.1,4.63,1,hydraulic,3258.0
2033-04-03,M03,CNC,3.2,61.49,13.55,90.8,2730.4,normal,83.97,10.5,4.18,1,hydraulic,3022.0
2033-04-04,M03,CNC,4.6,64.62,10.81,60.8,2553.4,normal,84.18,11.1,3.96,1,hydraulic,1544.0
2033-04-05,M03,CNC,4.58,69.23,17.07,70.1,2551.8,normal,84.58,12.7,3.56,1,hydraulic,2452.0
2033-04-06,M03,CNC,3.64,66.08,12.74,73.1,2762.7,normal,84.9,10.8,3.24,1,hydraulic,2390.0
2033-04-07,M03,CNC,4.01,61.78,15.6,101.0,2654.0,normal,84.98,15.2,3.16,1,hydraulic,1806.0
2033-04-08,M03,CNC,1.44,51.08,4.81,23.5,820.4,idle,85.32,12.2,2.83,1,hydraulic,2801.0
2033-04-09,M03,CNC,3.94,64.23,11.56,63.3,2579.0,normal,85.78,10.0,2.36,1,hydraulic,3542.0
2033-04-10,M03,CNC,5.25,71.72,22.55,83.7,3578.1,peak,85.83,12.2,2.31,1,hydraulic,2200.0
2033-04-11,M03,CNC,4.17,60.13,13.01,73.4,2582.0,normal,86.18,11.8,1.96,1,hydraulic,2667.0
2033-04-12,M03,CNC,2.92,72.65,17.11,71.1,2625.9,normal,86.22,16.6,1.93,1,hydraulic,3391.0
2033-04-13,M03,CNC,4.65,60.89,15.0,64.2,2795.4,normal,86.4,17.7,1.74,1,hydraulic,3685.0
2033-04-14,M03,CNC,3.65,62.14,11.86,63.6,2775.4,normal,86.7,14.4,1.44,1,hydraulic,1889.0
2033-04-15,M03,CNC,1.31,57.46,5.61,20.7,819.0,idle,87.17,15.2,0.98,1,hydraulic,2916.0
2033-04-16,M03,CNC,4.12,67.86,12.13,80.0,2652.4,normal,87.4,15.7,0.74,1,hydraulic,1692.0
2033-04-17,M03,CNC,3.3,71.92,15.42,87.3,2652.4,normal,87.63,17.8,0.51,1,hydraulic,1997.0
2033-04-18,M03,CNC,1.33,52.43,5.9,14.8,806.4,idle,88.1,14.2,0.5,1,hydraulic,1695.0
2033-04-19,M03,CNC,0.94,43.55,5.43,25.1,870.6,idle,0.0,12.4,73.15,0,none,0.0
2033-04-20,M03,CNC,0.7,43.55,4.42,25.3,917.7,idle,0.12,15.2,73.04,0,none,0.0
2033-04-21,M03,CNC,1.9,57.07,13.06,55.5,2913.2,normal,0.57,17.0,72.59,0,none,0.0
2033-04-22,M03,CNC,3.45,67.11,24.61,105.5,3841.0,peak,0.6,16.7,72.55,0,none,0.0
2033-04-23,M03,CNC,0.94,46.79,5.33,22.7,912.6,idle,0.77,8.4,72.39,0,none,0.0
2033-04-24,M03,CNC,3.89,65.45,21.81,109.0,4014.6,peak,0.82,8.8,72.34,0,none,0.0
2033-04-25,M03,CNC,0.98,47.97,4.91,20.7,870.4,idle,1.02,15.9,72.14,0,none,0.0
2033-04-26,M03,CNC,3.16,54.79,10.11,78.9,3020.2,normal,1.25,9.7,71.9,0,none,0.0
2033-04-27,M03,CNC,2.2,54.47,12.55,52.8,3036.8,normal,1.35,9.2,71.8,0,none,0.0
2033-04-28,M03,CNC,0.8,48.54,5.2,24.0,872.7,idle,1.55,15.5,71.6,0,none,0.0
2033-04-29,M03,CNC,0.85,44.45,4.51,25.1,883.9,idle,2.05,17.0,71.1,0,none,0.0
2033-04-30,M03,CNC,2.97,51.58,10.42,89.1,2976.3,normal,2.42,9.2,70.74,0,none,0.0
2033-05-01,M03,CNC,2.51,57.85,10.9,79.3,2825.4,normal,2.72,12.8,70.44,0,none,0.0
2033-05-02,M03,CNC,3.66,67.7,27.14,102.9,3841.1,peak,3.0,11.2,70.15,0,none,0.0
2033-05-03,M03,CNC,2.6,51.37,10.82,53.2,2954.0,normal,3.42,8.9,69.74,0,none,0.0
2033-05-04,M03,CNC,1.92,57.04,15.56,79.3,2823.2,normal,3.85,8.8,69.3,0,none,0.0
2033-05-05,M03,CNC,0.77,46.74,5.34,20.2,906.9,idle,4.17,10.4,68.99,0,none,0.0
2033-05-06,M03,CNC,0.87,45.46,5.44,24.5,909.5,idle,4.53,10.1,68.62,0,none,0.0
2033-05-07,M03,CNC,2.3,58.32,13.5,64.2,2971.1,normal,4.6,12.9,68.55,0,none,0.0
2033-05-08,M03,CNC,2.13,52.15,11.93,80.1,3074.9,normal,4.73,10.2,68.42,0,none,0.0
2033-05-09,M03,CNC,2.44,59.64,10.17,80.1,2970.6,normal,5.2,12.9,67.95,0,none,0.0
2033-05-10,M03,CNC,2.89,61.92,11.17,72.1,3088.1,normal,5.4,13.9,67.75,0,none,0.0
2033-05-11,M03,CNC,1.93,60.25,15.75,63.4,3058.4,normal,5.7,11.1,67.45,0,none,0.0
2033-05-12,M03,CNC,0.98,47.47,4.35,22.0,852.5,idle,5.88,14.6,67.27,0,none,0.0
2033-05-13,M03,CNC,2.96,62.74,13.61,65.4,2823.0,normal,6.37,17.1,66.79,0,none,0.0
2033-05-14,M03,CNC,3.8,70.35,27.13,106.0,4048.6,peak,6.52,11.9,66.64,0,none,0.0
2033-05-15,M03,CNC,0.92,46.31,4.64,25.4,895.6,idle,6.78,13.1,66.37,0,none,0.0
2033-05-16,M03,CNC,2.36,51.25,11.39,72.7,2882.7,normal,7.22,8.7,65.94,0,none,0.0
2033-05-17,M03,CNC,2.11,57.91,10.6,82.4,2945.3,normal,7.47,11.1,65.69,0,none,0.0
2033-05-18,M03,CNC,2.6,52.21,11.61,67.6,3042.5,normal,7.95,9.0,65.2,0,none,0.0
2033-05-19,M03,CNC,0.93,42.23,4.92,21.5,919.2,idle,8.22,15.5,64.94,0,none,0.0
2033-05-20,M03,CNC,3.13,58.45,14.04,82.5,3016.3,normal,8.37,12.6,64.79,0,none,0.0
2033-05-21,M03,CNC,2.78,64.38,13.38,76.2,3054.8,normal,8.53,14.6,64.62,0,none,0.0
2033-05-22,M03,CNC,2.74,60.99,11.02,66.1,2844.2,normal,8.8,9.2,64.35,0,none,0.0
2033-05-23,M03,CNC,2.51,56.84,15.98,75.2,3035.9,normal,9.12,12.3,64.04,0,none,0.0
2033-05-24,M03,CNC,2.27,62.47,13.5,78.5,2888.3,normal,9.22,12.3,63.94,0,none,0.0
2033-05-25,M03,CNC,2.27,59.51,13.33,86.8,3069.5,normal,9.42,10.7,63.74,0,none,0.0
2033-05-26,M03,CNC,3.16,60.01,15.82,83.6,2881.2,normal,9.5,11.8,63.65,0,none,0.0
2033-05-27,M03,CNC,2.4,53.58,9.53,59.1,2801.2,normal,9.75,9.9,63.4,0,none,0.0
2033-05-28,M03,CNC,2.81,56.38,11.53,81.0,2801.2,normal,9.87,13.3,63.29,0,none,0.0
2033-05-29,M03,CNC,3.17,59.63,12.5,63.6,2866.7,normal,10.15,9.1,63.0,0,none,0.0
2033-05-30,M03,CNC,2.1,56.14,15.95,52.0,2859.2,normal,10.2,17.6,62.95,0,none,0.0
2033-05-31,M03,CNC,2.06,60.76,15.95,69.4,2844.6,normal,10.35,17.0,62.8,0,none,0.0
2033-06-01,M03,CNC,2.37,51.55,12.96,55.7,3037.2,normal,10.68,8.7,62.47,0,none,0.0
2033-06-02,M03,CNC,2.59,60.86,12.22,66.5,2829.5,normal,10.77,16.8,62.39,0,none,0.0
2033-06-03,M03,CNC,0.86,45.15,4.7,24.4,908.3,idle,11.17,11.9,61.99,0,none,0.0
2033-06-04,M03,CNC,2.85,52.16,13.54,55.0,3008.4,normal,11.25,16.2,61.9,0,none,0.0
2033-06-05,M03,CNC,2.33,51.99,15.1,75.3,2906.4,normal,11.65,10.1,61.5,0,none,0.0
2033-06-06,M03,CNC,1.84,58.06,15.5,74.7,3091.5,normal,12.1,14.4,61.05,0,none,0.0
2033-06-07,M03,CNC,1.99,58.52,14.69,72.0,2827.3,normal,12.5,15.3,60.65,0,none,0.0
2033-06-08,M03,CNC,2.62,59.18,14.24,80.9,3031.2,normal,12.58,17.1,60.57,0,none,0.0
2033-06-09,M03,CNC,2.73,53.24,12.13,81.5,3086.0,normal,12.93,11.1,60.22,0,none,0.0
2033-06-10,M03,CNC,1.91,58.03,11.53,60.6,2951.7,normal,13.33,11.2,59.82,0,none,0.0
2033-06-11,M03,CNC,2.65,50.15,14.57,83.2,3089.7,normal,13.4,11.3,59.75,0,none,0.0
2033-06-12,M03,CNC,2.05,58.92,12.27,64.7,2969.7,normal,13.67,8.1,59.49,0,none,0.0
2033-06-13,M03,CNC,2.9,50.35,15.8,82.8,3025.3,normal,13.95,8.2,59.2,0,none,0.0
2033-06-14,M03,CNC,0.93,43.89,5.13,22.3,912.9,idle,14.12,9.7,59.04,0,none,0.0
2033-06-15,M03,CNC,0.75,42.92,4.83,21.9,879.7,idle,14.55,13.9,58.6,0,none,0.0
2033-06-16,M03,CNC,2.49,62.85,12.9,65.8,2874.3,normal,14.83,12.9,58.32,0,none,0.0
2033-06-17,M03,CNC,2.37,57.74,14.35,56.6,2866.5,normal,14.98,8.5,58.17,0,none,0.0
2033-06-18,M03,CNC,2.33,55.41,12.05,82.2,2897.2,normal,15.02,17.9,58.14,0,none,0.0
2033-06-19,M03,CNC,2.5,59.36,11.01,79.3,2964.1,normal,15.48,13.0,57.67,0,none,0.0
2033-06-20,M03,CNC,2.43,62.15,11.08,85.6,2968.3,normal,15.92,8.9,57.24,0,none,0.0
2033-06-21,M03,CNC,0.88,48.75,5.23,85.6,902.7,idle,16.1,11.4,57.05,0,none,0.0
2033-06-22,M03,CNC,0.83,45.47,4.09,20.5,908.1,idle,16.38,17.9,56.77,0,none,0.0
2033-06-23,M03,CNC,0.72,41.69,5.19,20.0,869.8,idle,16.55,10.5,56.6,0,none,0.0
2033-06-24,M03,CNC,0.88,45.95,5.17,23.0,885.7,idle,16.82,11.5,56.34,0,none,0.0
2033-06-25,M03,CNC,0.92,44.99,4.91,25.4,878.1,idle,17.22,13.2,55.94,0,none,0.0
2033-06-26,M03,CNC,2.34,50.05,13.49,25.4,2951.2,normal,17.6,17.0,55.55,0,none,0.0
2033-06-27,M03,CNC,0.94,45.5,4.4,24.7,868.9,idle,17.95,10.7,55.2,0,none,0.0
2033-06-28,M03,CNC,0.92,46.1,4.25,24.7,864.0,idle,18.25,8.2,54.9,0,none,0.0
2033-06-29,M03,CNC,3.19,50.11,11.21,59.6,2804.2,normal,18.5,14.6,54.65,0,none,0.0
2033-06-30,M03,CNC,3.19,46.93,5.19,59.6,881.1,idle,18.6,8.3,54.55,0,none,0.0
2033-07-01,M03,CNC,0.9,44.4,5.05,23.8,858.0,idle,18.93,17.7,54.22,0,none,0.0
2033-07-02,M03,CNC,0.93,47.21,4.98,20.9,868.8,idle,19.15,8.9,54.0,0,none,0.0
2033-07-03,M03,CNC,0.82,42.8,4.34,24.8,894.7,idle,19.38,17.7,53.77,0,none,0.0
2033-07-04,M03,CNC,0.87,42.26,5.38,21.1,905.6,idle,19.88,13.4,53.27,0,none,0.0
2033-07-05,M03,CNC,3.15,60.91,15.95,76.7,2865.2,normal,20.15,16.8,53.0,0,none,0.0
2033-07-06,M03,CNC,0.76,43.25,4.01,24.1,868.8,idle,20.27,14.8,52.89,0,none,0.0
2033-07-07,M03,CNC,0.76,43.59,4.72,25.8,867.0,idle,20.77,13.9,52.39,0,none,0.0
2033-07-08,M03,CNC,0.92,47.55,4.33,23.0,874.5,idle,20.93,8.4,52.22,0,none,0.0
2033-07-09,M03,CNC,0.93,46.22,4.71,24.7,866.5,idle,21.23,16.3,51.92,0,none,0.0
2033-07-10,M03,CNC,0.93,48.65,5.32,24.7,878.6,idle,21.32,12.6,51.84,0,none,0.0
2033-07-11,M03,CNC,0.99,43.8,4.96,21.0,918.6,idle,21.77,10.9,51.39,0,none,0.0
2033-07-12,M03,CNC,0.91,47.53,4.1,24.6,904.2,idle,21.8,14.9,51.35,0,none,0.0
2033-07-13,M03,CNC,0.9,42.92,4.73,20.7,883.0,idle,22.07,13.2,51.09,0,none,0.0
2033-07-14,M03,CNC,0.77,43.49,4.24,21.4,883.0,idle,22.25,14.6,50.9,0,none,0.0
2033-07-15,M03,CNC,0.98,45.3,4.6,23.2,894.0,idle,22.43,8.6,50.72,0,none,0.0
2033-07-16,M03,CNC,0.98,41.79,4.44,25.9,876.0,idle,22.62,8.4,50.54,0,none,0.0
2033-07-17,M03,CNC,0.71,41.48,4.04,25.9,869.5,idle,22.8,9.2,50.35,0,none,0.0
2033-07-18,M03,CNC,0.98,49.96,4.9,20.2,855.7,idle,23.08,12.3,50.07,0,none,0.0
2033-07-19,M03,CNC,0.84,44.06,4.9,22.6,915.4,idle,23.47,8.5,49.69,0,none,0.0
2033-07-20,M03,CNC,0.86,46.94,5.34,20.9,866.1,idle,23.57,10.8,49.59,0,none,0.0
2033-07-21,M03,CNC,0.73,41.4,4.77,21.9,879.6,idle,24.05,17.6,49.1,0,none,0.0
2033-07-22,M03,CNC,0.99,41.4,4.81,20.6,872.3,idle,24.37,8.9,48.79,0,none,0.0
2033-07-23,M03,CNC,0.86,49.47,4.59,20.4,877.2,idle,24.53,15.3,48.62,0,none,0.0
2033-07-24,M03,CNC,2.0,53.45,13.52,54.6,2939.4,normal,24.78,8.8,48.37,0,none,0.0
2033-07-25,M03,CNC,2.65,56.33,9.62,89.5,2910.1,normal,24.93,17.3,48.22,0,none,0.0
2033-07-26,M03,CNC,0.93,43.26,4.71,22.3,874.0,idle,25.08,14.4,48.07,0,none,0.0
2033-07-27,M03,CNC,1.83,55.4,15.28,78.2,2843.6,normal,25.33,17.0,47.82,0,none,0.0
2033-07-28,M03,CNC,2.63,63.38,14.05,57.6,3060.3,normal,25.83,11.0,47.32,0,none,0.0
2033-07-29,M03,CNC,2.22,56.81,12.92,84.3,3079.5,normal,26.02,12.4,47.14,0,none,0.0
2033-07-30,M03,CNC,3.1,50.12,15.49,54.1,2879.7,normal,26.52,13.8,46.64,0,none,0.0
2033-07-31,M03,CNC,3.1,44.8,4.91,22.9,915.4,idle,26.9,10.5,46.25,0,none,0.0
2033-08-01,M03,CNC,2.14,54.11,15.48,54.9,2982.9,normal,27.15,11.0,46.0,0,none,0.0
2033-08-02,M03,CNC,2.75,57.58,14.01,58.6,3055.8,normal,27.22,17.3,45.94,0,none,0.0
2033-08-03,M03,CNC,2.0,56.01,9.99,72.7,3000.9,normal,27.48,11.8,45.67,0,none,0.0
2033-08-04,M03,CNC,0.98,47.39,9.99,72.7,883.5,idle,27.98,9.0,45.17,0,none,0.0
2033-08-05,M03,CNC,2.59,58.94,12.16,83.9,2855.6,normal,28.28,11.1,44.87,0,none,0.0
2033-08-06,M03,CNC,0.87,47.22,5.36,25.3,885.6,idle,28.67,12.7,44.49,0,none,0.0
2033-08-07,M03,CNC,2.7,55.91,12.54,86.4,3079.2,normal,28.92,17.6,44.24,0,none,0.0
2033-08-08,M03,CNC,3.05,52.08,15.03,88.0,2908.4,normal,29.18,13.6,43.97,0,none,0.0
2033-08-09,M03,CNC,2.53,61.69,13.15,89.8,2936.7,normal,29.62,15.6,43.54,0,none,0.0
2033-08-10,M03,CNC,3.77,71.47,22.94,107.8,3963.8,peak,29.97,15.9,43.19,0,none,0.0
2033-08-11,M03,CNC,2.38,51.62,12.06,79.9,3076.4,normal,30.3,9.3,42.85,0,none,0.0
2033-08-12,M03,CNC,0.78,43.55,4.23,24.1,917.2,idle,30.62,16.8,42.54,0,none,0.0
2033-08-13,M03,CNC,0.89,46.17,4.83,20.5,901.1,idle,30.67,11.9,42.49,0,none,0.0
2033-08-14,M03,CNC,0.88,46.61,5.35,24.7,904.7,idle,30.9,12.6,42.25,0,none,0.0
2033-08-15,M03,CNC,0.98,49.9,4.87,20.6,882.1,idle,31.33,12.6,41.82,0,none,0.0
2033-08-16,M03,CNC,2.9,50.42,9.87,54.5,3019.3,normal,31.38,10.7,41.77,0,none,0.0
2033-08-17,M03,CNC,2.5,55.53,10.19,54.5,2896.3,normal,31.75,13.9,41.4,0,none,0.0
2033-08-18,M03,CNC,2.17,59.78,13.13,65.8,2992.4,normal,32.22,12.8,40.94,0,none,0.0
2033-08-19,M03,CNC,2.17,47.95,4.34,20.9,904.8,idle,32.42,9.2,40.74,0,none,0.0
2033-08-20,M03,CNC,2.17,41.83,4.17,20.9,904.4,idle,32.75,15.4,40.4,0,none,0.0
2033-08-21,M03,CNC,0.8,46.58,4.19,23.0,851.3,idle,32.8,13.2,40.35,0,none,0.0
2033-08-22,M03,CNC,0.82,40.75,4.71,22.5,881.1,idle,33.12,13.0,40.04,0,none,0.0
2033-08-23,M03,CNC,0.71,43.62,5.13,22.2,900.1,idle,33.27,14.4,39.89,0,none,0.0
2033-08-24,M03,CNC,2.32,56.35,13.17,88.1,900.1,normal,33.37,11.1,39.79,0,none,0.0
2033-08-25,M03,CNC,0.71,46.08,5.42,25.9,883.9,idle,33.4,14.2,39.75,0,none,0.0
2033-08-26,M03,CNC,2.46,59.67,13.11,76.1,3062.2,normal,33.53,8.0,39.62,0,none,0.0
2033-08-27,M03,CNC,0.92,44.97,4.69,23.8,881.9,idle,33.88,13.2,39.27,0,none,0.0
2033-08-28,M03,CNC,2.44,50.24,10.63,70.6,3046.8,normal,34.03,12.7,39.12,0,none,0.0
2033-08-29,M03,CNC,2.19,57.84,11.74,56.0,3087.5,normal,34.5,11.9,38.65,0,none,0.0
2033-08-30,M03,CNC,3.0,51.18,14.18,65.2,3098.4,normal,34.58,12.8,38.57,0,none,0.0
2033-08-31,M03,CNC,0.79,42.39,4.85,25.0,863.5,idle,34.7,16.4,38.45,0,none,0.0
2033-09-01,M03,CNC,2.79,50.92,15.47,55.1,3074.3,normal,35.02,14.1,38.14,0,none,0.0
2033-09-02,M03,CNC,0.85,44.48,5.46,25.9,895.5,idle,35.28,14.2,37.87,0,none,0.0
2033-09-03,M03,CNC,1.98,57.59,12.94,71.5,2970.8,normal,35.53,8.2,37.62,0,none,0.0
2033-09-04,M03,CNC,0.71,47.11,5.07,20.7,889.9,idle,35.63,14.6,37.52,0,none,0.0
2033-09-05,M03,CNC,0.71,60.24,10.06,75.8,2884.2,normal,35.75,15.0,37.4,0,none,0.0
2033-09-06,M03,CNC,2.51,61.6,14.09,56.5,2977.4,normal,35.88,10.9,37.27,0,none,0.0
2033-09-07,M03,CNC,2.51,52.35,15.04,78.7,3032.2,normal,36.27,13.9,36.89,0,none,0.0
2033-09-08,M03,CNC,0.78,42.88,5.36,22.2,854.4,idle,36.48,11.9,36.67,0,none,0.0
2033-09-09,M03,CNC,0.88,41.25,5.19,23.9,911.2,idle,36.88,12.6,36.27,0,none,0.0
2033-09-10,M03,CNC,2.9,51.68,11.98,81.4,2925.2,normal,37.35,8.3,35.8,0,none,0.0
2033-09-11,M03,CNC,3.16,61.04,9.6,85.4,2830.2,normal,37.62,11.9,35.54,0,none,0.0
2033-09-12,M03,CNC,2.0,61.02,15.12,72.4,2886.7,normal,37.95,14.5,35.2,0,none,0.0
2033-09-13,M03,CNC,0.81,43.43,4.49,72.4,892.6,idle,38.45,12.4,34.7,0,none,0.0
2033-09-14,M03,CNC,3.92,63.22,4.49,107.6,4022.5,peak,38.67,12.7,34.49,0,none,0.0
2033-09-15,M03,CNC,3.1,52.48,10.44,72.6,2984.3,normal,39.08,8.1,34.07,0,none,0.0
2033-09-16,M03,CNC,2.47,58.98,10.67,70.2,2997.4,normal,39.2,16.6,33.95,0,none,0.0
2033-09-17,M03,CNC,2.41,60.19,12.43,64.7,2891.1,normal,39.5,17.0,33.65,0,none,0.0
2033-09-18,M03,CNC,2.41,50.35,13.85,84.1,2906.4,normal,39.8,8.6,33.35,0,none,0.0
2033-09-19,M03,CNC,1.86,64.8,11.21,56.8,2910.9,normal,40.17,14.6,32.99,0,none,0.0
2033-09-20,M03,CNC,2.83,54.41,11.21,67.8,2835.3,normal,40.5,15.2,32.65,0,none,0.0
2033-09-21,M03,CNC,0.8,47.25,4.92,20.7,861.4,idle,40.95,15.8,32.2,0,none,0.0
2033-09-22,M03,CNC,0.89,48.13,4.52,23.6,862.0,idle,41.33,11.9,31.82,0,none,0.0
2033-09-23,M03,CNC,0.79,48.13,5.15,22.4,907.1,idle,41.8,11.8,31.35,0,none,0.0
2033-09-24,M03,CNC,0.91,48.29,4.43,21.1,918.0,idle,42.08,9.8,31.07,0,none,0.0
2033-09-25,M03,CNC,2.8,62.51,9.59,65.5,3022.8,normal,42.48,15.8,30.67,0,none,0.0
2033-09-26,M04,CNC,0.72,45.67,4.64,20.1,866.5,idle,140.73,9.0,87.91,0,none,0.0
2033-09-27,M04,CNC,0.79,41.12,4.95,21.4,869.4,idle,140.81,14.8,87.83,0,none,0.0
2033-09-28,M04,CNC,0.97,44.67,4.59,24.3,913.7,idle,141.01,17.8,87.63,0,none,0.0
2033-09-29,M04,CNC,1.84,56.72,13.47,64.1,3031.7,normal,141.46,16.0,87.18,0,none,0.0
2033-09-30,M04,CNC,3.16,64.15,11.23,60.6,3087.2,normal,141.55,9.7,87.09,0,none,0.0
2033-10-01,M04,CNC,0.84,42.08,5.06,21.7,868.7,idle,142.05,17.7,86.59,0,none,0.0
2033-10-02,M04,CNC,0.96,41.62,4.1,21.6,892.5,idle,142.11,10.5,86.53,0,none,0.0
2033-10-03,M04,CNC,0.96,44.72,4.94,25.1,866.1,idle,142.16,8.7,86.48,0,none,0.0
2033-10-04,M04,CNC,0.95,42.35,5.02,22.6,858.0,idle,142.6,14.3,86.04,0,none,0.0
2033-10-05,M04,CNC,2.8,53.27,10.65,65.6,2996.0,normal,142.63,11.2,86.01,0,none,0.0
2033-10-06,M04,CNC,0.77,41.84,4.01,22.8,880.0,idle,143.03,9.3,85.61,0,none,0.0
2033-10-07,M04,CNC,0.77,40.54,4.64,24.7,900.1,idle,143.4,10.0,85.24,0,none,0.0
2033-10-08,M04,CNC,0.96,40.1,5.45,24.7,919.3,idle,143.56,14.8,85.08,0,none,0.0
2033-10-09,M04,CNC,0.78,44.72,4.53,22.1,909.0,idle,143.71,9.6,84.93,0,none,0.0
2033-10-10,M04,CNC,0.92,49.92,4.92,22.8,856.3,idle,144.18,15.9,84.46,0,none,0.0
2033-10-11,M04,CNC,1.0,45.52,5.05,22.8,888.3,idle,144.25,14.3,84.39,0,none,0.0
2033-10-12,M04,CNC,0.98,41.66,4.44,20.9,905.5,idle,144.63,8.3,84.01,0,none,0.0
2033-10-13,M04,CNC,1.89,51.22,11.44,71.5,2921.9,normal,144.73,11.6,83.91,0,none,0.0
2033-10-14,M04,CNC,0.71,49.57,5.43,21.7,2921.9,idle,144.98,16.6,83.66,0,none,0.0
2033-10-15,M04,CNC,0.87,42.37,4.39,22.9,879.4,idle,145.18,15.3,83.46,0,none,0.0
2033-10-16,M04,CNC,0.79,48.08,4.72,23.9,863.2,idle,145.6,13.0,83.04,0,none,0.0
2033-10-17,M04,CNC,0.86,43.18,4.79,24.7,903.8,idle,146.06,16.3,82.58,0,none,0.0
2033-10-18,M04,CNC,0.81,46.94,5.41,23.8,860.4,idle,146.36,14.2,82.28,0,none,0.0
2033-10-19,M04,CNC,2.75,51.57,15.17,71.6,2915.5,normal,146.68,16.0,81.96,0,none,0.0
2033-10-20,M04,CNC,1.88,55.71,15.37,52.8,2942.4,normal,146.95,11.8,81.69,0,none,0.0
2033-10-21,M04,CNC,3.1,55.71,12.28,74.0,2938.9,normal,147.01,9.3,81.63,0,none,0.0
2033-10-22,M04,CNC,2.04,50.28,13.46,87.0,2831.9,normal,147.31,9.2,81.33,0,none,0.0
2033-10-23,M04,CNC,2.1,55.55,14.76,62.2,3064.6,normal,147.46,13.4,81.18,0,none,0.0
2033-10-24,M04,CNC,1.88,64.11,13.14,77.0,2910.3,normal,147.5,17.4,81.14,0,none,0.0
2033-10-25,M04,CNC,2.89,52.5,9.82,67.0,3056.1,normal,147.96,15.0,80.68,0,none,0.0
2033-10-26,M04,CNC,0.93,45.17,4.86,20.8,908.9,idle,148.03,9.6,80.61,0,none,0.0
2033-10-27,M04,CNC,2.9,59.85,12.53,88.7,3063.7,normal,148.21,13.8,80.43,0,none,0.0
2033-10-28,M04,CNC,2.7,55.58,13.52,73.9,2918.3,normal,148.7,14.1,79.94,0,none,0.0
2033-10-29,M04,CNC,2.23,56.11,13.23,68.3,2879.1,normal,148.88,8.6,79.76,0,none,0.0
2033-10-30,M04,CNC,0.93,45.31,4.1,22.2,911.9,idle,149.28,13.8,79.36,0,none,0.0
2033-10-31,M04,CNC,0.93,43.23,5.41,20.5,917.3,idle,149.45,8.3,79.19,0,none,0.0
2033-11-01,M04,CNC,2.14,50.14,12.32,65.6,2961.7,normal,149.7,11.3,78.94,0,none,0.0
2033-11-02,M04,CNC,2.92,62.64,12.11,68.3,2844.4,normal,150.13,10.0,78.51,0,none,0.0
2033-11-03,M04,CNC,0.71,46.41,4.1,24.4,887.7,idle,150.6,17.2,78.04,0,none,0.0
2033-11-04,M04,CNC,3.36,67.17,19.83,101.6,4039.9,peak,150.98,8.6,77.66,0,none,0.0
2033-11-05,M04,CNC,2.45,52.23,14.2,59.1,3021.6,normal,151.26,17.5,77.38,0,none,0.0
2033-11-06,M04,CNC,2.47,56.81,15.03,78.9,2809.9,normal,151.76,16.4,76.88,0,none,0.0
2033-11-07,M04,CNC,2.21,63.06,9.62,72.7,3018.3,normal,152.21,17.8,76.43,0,none,0.0
2033-11-08,M04,CNC,2.67,61.41,14.22,78.3,3046.5,normal,152.46,14.1,76.18,0,none,0.0
2033-11-09,M04,CNC,0.89,44.02,4.71,24.3,911.3,idle,152.53,12.8,76.11,0,none,0.0
2033-11-10,M04,CNC,2.18,55.14,15.56,74.0,2853.4,normal,152.63,8.4,47.96,0,none,0.0
2033-11-11,M04,CNC,2.73,64.87,14.87,80.3,2861.8,normal,152.68,10.3,47.91,0,none,0.0
2033-11-12,M04,CNC,3.03,57.94,15.36,64.5,2816.5,normal,152.9,11.0,47.69,0,none,0.0
2033-11-13,M04,CNC,0.84,57.94,5.14,25.7,896.6,idle,153.38,10.3,47.21,0,none,0.0
2033-11-14,M04,CNC,3.05,56.94,14.72,84.0,3006.9,normal,153.43,15.8,47.16,0,none,0.0
2033-11-15,M04,CNC,2.52,59.55,14.28,61.6,3035.5,normal,153.56,16.6,47.03,0,none,0.0
2033-11-16,M04,CNC,0.99,44.88,5.16,24.4,893.3,idle,153.95,8.2,46.64,0,none,0.0
2033-11-17,M04,CNC,2.58,63.49,12.76,54.3,3040.9,normal,154.23,15.7,46.36,0,none,0.0
2033-11-18,M04,CNC,2.75,63.08,10.75,53.2,3064.6,normal,154.63,15.0,45.96,0,none,0.0
2033-11-19,M04,CNC,2.02,62.53,15.43,78.9,2822.7,normal,154.95,12.4,45.64,0,none,0.0
2033-11-20,M04,CNC,2.75,63.82,12.85,67.7,2911.9,normal,155.45,17.0,45.14,0,none,0.0
2033-11-21,M04,CNC,1.93,63.89,15.93,89.9,2952.7,normal,155.66,12.4,44.93,0,none,0.0
2033-11-22,M04,CNC,2.87,53.56,14.56,76.7,3046.4,normal,155.71,8.9,44.88,0,none,0.0
2033-11-23,M04,CNC,2.98,64.61,15.95,85.0,2796.9,normal,155.75,15.5,44.84,0,none,0.0
2033-11-24,M04,CNC,0.96,46.68,4.85,20.3,889.2,idle,156.25,13.4,44.34,0,none,0.0
2033-11-25,M04,CNC,3.49,66.57,26.35,108.7,4010.1,peak,156.3,8.1,44.29,0,none,0.0
2033-11-26,M04,CNC,2.45,56.51,11.82,66.2,2804.1,normal,156.71,8.6,43.88,0,none,0.0
2033-11-27,M04,CNC,3.19,59.31,11.05,65.4,2933.2,normal,156.76,9.8,43.83,0,none,0.0
2033-11-28,M04,CNC,2.57,51.23,16.78,62.5,2775.3,normal,156.81,14.0,43.78,0,none,0.0
2033-11-29,M04,CNC,1.93,59.49,11.22,53.6,2879.5,normal,157.31,10.9,43.28,0,none,0.0
2033-11-30,M04,CNC,2.7,52.53,12.52,67.9,2811.7,normal,157.66,14.6,42.93,0,none,0.0
2033-12-01,M04,CNC,2.54,52.19,10.69,71.8,2835.2,normal,158.05,10.5,42.54,0,none,0.0
2033-12-02,M04,CNC,1.95,57.32,16.94,79.5,3000.7,normal,158.36,15.1,42.23,0,none,0.0
2033-12-03,M04,CNC,3.06,65.63,15.96,75.1,2864.2,normal,158.83,17.2,41.76,0,none,0.0
2033-12-04,M04,CNC,2.08,61.36,17.67,69.8,2968.9,normal,158.98,11.0,41.61,0,none,0.0
2033-12-05,M04,CNC,0.86,45.42,5.13,69.8,861.2,idle,159.2,10.9,41.39,0,none,0.0
2033-12-06,M04,CNC,2.89,64.27,17.01,60.6,3015.3,normal,159.56,16.9,41.03,0,none,0.0
2033-12-07,M04,CNC,0.81,44.29,5.7,21.8,838.4,idle,159.76,13.0,40.83,0,none,0.0
2033-12-08,M04,CNC,2.35,62.02,13.03,75.9,2943.9,normal,159.81,12.1,40.78,0,none,0.0
2033-12-09,M04,CNC,2.87,64.72,13.86,75.9,2840.9,normal,160.16,8.8,40.43,0,none,0.0
2033-12-10,M04,CNC,0.84,48.42,4.53,21.9,887.2,idle,160.26,13.2,40.33,0,none,0.0
2033-12-11,M04,CNC,0.91,48.63,5.9,24.7,880.1,idle,160.45,10.1,40.14,0,none,0.0
2033-12-12,M04,CNC,0.84,48.63,5.5,21.2,852.9,idle,160.66,15.9,39.93,0,none,0.0
2033-12-13,M04,CNC,3.81,75.07,22.47,96.2,3981.9,peak,160.71,15.0,39.88,0,none,0.0
2033-12-14,M04,CNC,0.99,44.17,5.22,24.0,854.6,idle,161.08,17.5,39.51,0,none,0.0
2033-12-15,M04,CNC,3.08,53.03,11.13,59.9,2824.3,normal,161.11,8.3,39.48,0,none,0.0
2033-12-16,M04,CNC,2.0,52.44,16.5,58.2,3007.4,normal,161.28,11.0,39.31,0,none,0.0
2033-12-17,M04,CNC,2.36,61.52,12.57,61.1,2907.3,normal,161.35,16.5,39.24,0,none,0.0
2033-12-18,M04,CNC,2.63,63.03,16.59,77.5,2868.8,normal,161.58,16.6,39.01,0,none,0.0
2033-12-19,M04,CNC,3.11,60.88,18.39,83.1,2748.4,normal,161.81,10.2,38.78,0,none,0.0
2033-12-20,M04,CNC,2.29,60.16,16.43,72.9,2964.1,normal,162.05,12.3,38.54,0,none,0.0
2033-12-21,M04,CNC,0.8,43.42,4.73,23.4,876.9,idle,162.1,8.3,38.49,0,none,0.0
2033-12-22,M04,CNC,2.31,60.86,11.47,55.8,2935.7,normal,162.53,8.3,38.06,0,none,0.0
2033-12-23,M04,CNC,0.83,48.42,6.15,25.1,839.9,idle,162.88,11.4,37.71,0,none,0.0
2033-12-24,M04,CNC,2.54,62.8,17.13,81.8,2791.3,normal,163.35,16.1,37.24,0,none,0.0
2033-12-25,M04,CNC,0.78,47.75,6.05,21.9,833.6,idle,163.68,8.3,36.91,0,none,0.0
2033-12-26,M04,CNC,0.94,44.92,5.06,20.9,847.0,idle,164.1,12.3,36.49,0,none,0.0
2033-12-27,M04,CNC,0.9,45.54,4.82,20.6,844.8,idle,164.35,17.3,36.24,0,none,0.0
2033-12-28,M04,CNC,0.92,43.02,5.82,20.7,838.5,idle,164.78,9.1,35.81,0,none,0.0
2033-12-29,M04,CNC,2.09,53.08,16.73,69.6,2954.6,normal,165.01,17.3,35.58,0,none,0.0
2033-12-30,M04,CNC,1.99,54.27,13.9,81.1,2800.6,normal,165.2,17.4,35.39,0,none,0.0
2033-12-31,M04,CNC,0.84,45.17,5.0,25.6,859.8,idle,165.46,15.2,35.13,0,none,0.0
2034-01-01,M04,CNC,0.97,48.8,5.83,20.5,865.2,idle,165.9,9.6,34.69,0,none,0.0
2034-01-02,M04,CNC,0.77,46.4,6.05,24.7,867.6,idle,166.13,17.9,34.46,0,none,0.0
2034-01-03,M04,CNC,2.46,43.77,5.55,20.3,869.5,idle,166.28,8.2,34.31,0,none,0.0
2034-01-04,M04,CNC,1.02,45.0,5.1,22.9,877.8,idle,166.73,10.7,33.86,0,none,0.0
2034-01-05,M04,CNC,0.9,42.85,6.76,25.0,828.5,idle,166.88,11.0,33.71,0,none,0.0
2034-01-06,M04,CNC,1.01,46.95,5.67,22.8,875.2,idle,167.21,14.2,33.38,0,none,0.0
2034-01-07,M04,CNC,0.93,43.06,6.79,20.9,868.7,idle,167.43,10.5,33.16,0,none,0.0
2034-01-08,M04,CNC,0.92,44.41,5.34,25.2,846.0,idle,167.8,14.1,32.79,0,none,0.0
2034-01-09,M04,CNC,0.93,47.59,6.39,22.9,836.9,idle,167.88,14.6,32.71,0,none,0.0
2034-01-10,M04,CNC,0.84,51.22,5.93,21.3,879.4,idle,168.35,9.8,32.24,0,none,0.0
2034-01-11,M04,CNC,0.97,43.23,6.97,24.2,826.7,idle,168.61,8.1,31.98,0,none,0.0
2034-01-12,M04,CNC,2.2,63.07,18.47,61.1,2761.5,normal,168.66,12.8,31.93,0,none,0.0
2034-01-13,M04,CNC,0.82,48.74,5.44,20.6,860.4,idle,169.15,12.1,31.44,0,none,0.0
2034-01-14,M04,CNC,2.99,60.32,15.2,68.4,2793.4,normal,169.48,10.8,31.11,0,none,0.0
2034-01-15,M04,CNC,1.03,50.55,5.55,22.3,849.8,idle,169.83,17.5,30.76,0,none,0.0
2034-01-16,M04,CNC,0.91,50.55,5.55,22.3,849.8,idle,170.1,15.7,30.49,0,none,0.0
2034-01-17,M04,CNC,1.0,50.46,6.69,25.7,830.3,idle,170.26,12.9,30.33,0,none,0.0
2034-01-18,M04,CNC,0.81,51.86,6.69,25.6,816.4,idle,170.41,9.5,30.18,0,none,0.0
2034-01-19,M04,CNC,0.92,44.48,6.2,20.9,819.9,idle,170.76,10.3,29.83,0,none,0.0
2034-01-20,M04,CNC,1.89,62.54,15.49,56.0,2762.6,normal,171.13,14.8,29.46,0,none,0.0
2034-01-21,M04,CNC,2.12,67.3,15.25,64.7,2906.8,normal,171.61,11.2,28.98,0,none,0.0
2034-01-22,M04,CNC,0.93,50.32,6.55,25.7,822.7,idle,171.93,8.6,28.66,0,none,0.0
2034-01-23,M04,CNC,4.15,75.42,31.75,104.9,3797.5,peak,172.33,17.8,28.26,0,none,0.0
2034-01-24,M04,CNC,0.75,45.48,7.23,23.2,833.2,idle,172.36,16.6,28.23,0,none,0.0
2034-01-25,M04,CNC,0.75,61.2,12.78,80.0,2868.8,normal,172.58,8.4,28.01,0,none,0.0
2034-01-26,M04,CNC,2.12,67.71,14.64,69.4,2691.7,normal,172.73,8.8,27.86,0,none,0.0
2034-01-27,M04,CNC,2.75,59.03,15.81,83.4,2659.9,normal,173.0,8.8,27.59,0,none,0.0
2034-01-28,M04,CNC,3.04,61.99,21.36,74.4,2672.0,normal,173.13,11.7,27.46,0,none,0.0
2034-01-29,M04,CNC,0.75,52.33,7.1,22.1,2672.0,idle,173.6,8.7,26.99,0,none,0.0
2034-01-30,M04,CNC,0.89,53.21,7.34,25.9,862.3,idle,173.85,9.4,26.74,0,none,0.0
2034-01-31,M04,CNC,3.21,56.84,20.23,78.9,2923.2,normal,174.05,11.6,26.54,0,none,0.0
2034-02-01,M04,CNC,0.91,44.47,6.67,24.1,818.5,idle,174.3,11.7,26.29,0,none,0.0
2034-02-02,M04,CNC,2.46,62.63,16.28,66.2,2684.5,normal,174.48,9.6,26.11,0,none,0.0
2034-02-03,M04,CNC,3.26,64.92,12.99,81.1,2856.2,normal,174.53,9.5,26.06,0,none,0.0
2034-02-04,M04,CNC,1.89,59.25,18.43,69.2,2864.5,normal,174.86,14.1,25.73,0,none,0.0
2034-02-05,M04,CNC,2.51,56.1,18.43,61.2,2844.0,normal,175.31,15.2,25.28,0,none,0.0
2034-02-06,M04,CNC,2.1,58.8,17.14,59.3,2765.2,normal,175.73,13.8,24.86,0,none,0.0
2034-02-07,M04,CNC,3.49,71.39,34.23,95.9,3824.2,peak,175.95,11.8,24.64,0,none,0.0
2034-02-08,M04,CNC,3.49,57.33,19.25,69.8,2775.1,normal,176.28,15.3,24.31,0,none,0.0
2034-02-09,M04,CNC,0.78,52.05,6.9,20.8,823.8,idle,176.51,14.5,24.08,0,none,0.0
2034-02-10,M04,CNC,4.04,71.66,26.72,100.6,3640.6,peak,176.58,17.9,24.01,0,none,0.0
2034-02-11,M04,CNC,2.65,66.7,17.34,68.5,2884.8,normal,176.91,13.7,23.68,1,electrical,4245.0
2034-02-12,M04,CNC,2.74,62.61,15.82,75.1,2788.9,normal,177.33,15.3,23.26,1,electrical,5471.0
2034-02-13,M04,CNC,2.74,69.07,21.64,80.5,2774.4,normal,177.83,8.5,22.76,1,electrical,3934.0
2034-02-14,M04,CNC,2.58,57.04,16.4,81.4,2748.0,normal,178.21,12.4,22.38,1,electrical,3102.0
2034-02-15,M04,CNC,1.01,45.77,6.8,23.9,829.1,idle,178.35,10.9,22.24,1,electrical,2999.0
2034-02-16,M04,CNC,3.2,69.17,14.68,56.9,2654.9,normal,178.55,15.7,22.04,1,electrical,3482.0
2034-02-17,M04,CNC,2.9,59.94,20.48,67.4,2793.3,normal,178.7,15.5,21.89,1,electrical,2472.0
2034-02-18,M04,CNC,3.04,62.64,18.76,55.4,2729.5,normal,179.1,15.3,21.49,1,electrical,5605.0
2034-02-19,M04,CNC,2.7,61.39,22.21,86.5,2842.8,normal,179.35,11.5,21.24,1,electrical,4071.0
2034-02-20,M04,CNC,3.7,74.66,31.76,98.5,3641.2,peak,179.41,14.5,21.18,1,electrical,4478.0
2034-02-21,M04,CNC,2.01,59.48,31.76,88.3,2698.9,normal,179.56,12.2,21.03,1,electrical,4332.0
2034-02-22,M04,CNC,1.03,46.86,6.25,23.1,835.5,idle,180.03,9.3,20.56,1,electrical,4202.0
2034-02-23,M04,CNC,0.75,46.81,6.83,22.0,837.8,idle,180.18,12.1,20.41,1,electrical,4395.0
2034-02-24,M04,CNC,2.67,57.07,22.45,63.1,2808.2,normal,180.56,10.6,20.03,1,electrical,3175.0
2034-02-25,M04,CNC,3.06,69.15,18.72,75.4,2696.2,normal,180.76,8.8,19.83,1,electrical,3724.0
2034-02-26,M04,CNC,3.96,70.63,33.0,107.8,3543.5,peak,181.06,13.8,19.53,1,electrical,4591.0
2034-02-27,M04,CNC,1.02,53.35,7.06,22.9,811.9,idle,181.56,17.0,19.03,1,electrical,5589.0
2034-02-28,M04,CNC,3.38,53.35,19.84,77.9,2855.1,normal,181.83,9.2,18.76,1,electrical,3078.0
2034-03-01,M04,CNC,3.07,64.61,15.33,66.2,2630.9,normal,182.26,17.3,18.33,1,electrical,5042.0
2034-03-02,M04,CNC,3.22,66.2,21.57,76.8,2732.5,normal,182.35,8.3,18.24,1,electrical,3767.0
2034-03-03,M04,CNC,0.79,66.2,6.3,76.8,797.1,idle,182.38,17.9,18.21,1,electrical,2542.0
2034-03-04,M04,CNC,0.97,51.93,7.04,20.8,806.4,idle,182.68,17.2,17.91,1,electrical,5703.0
2034-03-05,M04,CNC,2.39,65.57,15.42,83.5,2798.6,normal,182.93,12.0,17.66,1,electrical,4281.0
2034-03-06,M04,CNC,0.81,52.27,7.54,24.5,797.4,idle,183.08,9.2,17.51,1,electrical,5675.0
2034-03-07,M04,CNC,0.8,47.52,6.9,24.8,831.9,idle,183.55,13.9,17.04,1,electrical,4525.0
2034-03-08,M04,CNC,4.19,64.17,27.49,105.5,3582.4,peak,183.63,8.5,16.96,1,electrical,5025.0
2034-03-09,M04,CNC,3.7,64.17,28.93,104.6,3593.0,peak,183.85,17.1,16.74,1,electrical,4583.0
2034-03-10,M04,CNC,0.95,53.59,6.5,25.6,817.2,idle,184.11,12.4,16.48,1,electrical,5103.0
2034-03-11,M04,CNC,1.04,47.38,7.51,22.4,832.3,idle,184.4,15.3,16.19,1,electrical,4964.0
2034-03-12,M04,CNC,2.83,62.79,23.72,66.3,2635.0,normal,184.83,16.2,15.76,1,electrical,4086.0
2034-03-13,M04,CNC,2.83,64.74,19.0,70.5,2838.5,normal,184.9,8.1,15.69,1,electrical,4429.0
2034-03-14,M04,CNC,0.98,46.53,6.66,25.9,827.6,idle,185.11,12.5,15.48,1,electrical,3312.0
2034-03-15,M04,CNC,3.29,60.02,22.15,79.1,2651.6,normal,185.38,15.2,15.21,1,electrical,3144.0
2034-03-16,M04,CNC,2.75,64.95,19.62,83.4,2796.6,normal,185.81,11.0,14.78,1,electrical,3397.0
2034-03-17,M04,CNC,3.2,67.6,19.7,66.5,2795.8,normal,185.86,17.0,14.73,1,electrical,4374.0
2034-03-18,M04,CNC,0.91,48.06,7.42,20.9,823.0,idle,186.16,12.3,14.43,1,electrical,3322.0
2034-03-19,M04,CNC,2.43,59.54,24.58,81.5,2779.5,normal,186.4,9.8,14.19,1,electrical,2586.0
2034-03-20,M04,CNC,0.95,54.03,8.04,23.6,839.6,idle,186.45,15.3,14.14,1,electrical,4994.0
2034-03-21,M04,CNC,2.22,69.81,18.97,72.1,2595.8,normal,186.58,10.8,14.01,1,electrical,5602.0
2034-03-22,M04,CNC,0.92,51.83,8.65,25.9,838.9,idle,186.93,11.5,13.66,1,electrical,2678.0
2034-03-23,M04,CNC,0.86,55.65,7.36,25.1,790.7,idle,187.01,12.9,13.58,1,electrical,2916.0
2034-03-24,M04,CNC,0.91,55.48,8.57,24.1,826.8,idle,187.51,17.4,13.08,1,electrical,3062.0
2034-03-25,M04,CNC,0.81,53.1,7.83,20.6,782.3,idle,187.86,17.2,12.73,1,electrical,4729.0
2034-03-26,M04,CNC,0.78,53.15,6.7,22.8,797.5,idle,188.03,10.1,12.56,1,electrical,5435.0
2034-03-27,M04,CNC,0.93,53.02,8.03,23.1,803.7,idle,188.33,8.3,12.26,1,electrical,5696.0
2034-03-28,M04,CNC,2.54,68.89,8.03,61.9,2752.5,normal,188.38,13.4,12.21,1,electrical,5272.0
2034-03-29,M04,CNC,0.87,54.46,7.18,24.2,776.5,idle,188.51,16.3,12.08,1,electrical,2105.0
2034-03-30,M04,CNC,0.88,49.45,8.38,25.8,802.6,idle,188.73,17.4,11.86,1,electrical,4339.0
2034-03-31,M04,CNC,1.02,53.06,8.76,24.9,777.6,idle,188.98,13.2,11.61,1,electrical,5403.0
2034-04-01,M04,CNC,0.98,51.46,6.48,21.5,830.7,idle,189.25,9.1,11.34,1,electrical,4893.0
2034-04-02,M04,CNC,1.06,54.18,8.86,24.8,771.7,idle,189.73,16.9,10.86,1,electrical,4020.0
2034-04-03,M04,CNC,0.85,46.53,6.71,24.8,802.7,idle,189.9,9.4,10.69,1,electrical,3140.0
2034-04-04,M04,CNC,1.02,54.91,8.01,25.6,801.5,idle,190.31,17.7,10.28,1,electrical,5291.0
2034-04-05,M04,CNC,1.05,50.84,7.2,25.5,794.3,idle,190.38,10.2,10.21,1,electrical,2304.0
2034-04-06,M04,CNC,0.92,49.62,8.15,26.0,770.9,idle,190.58,11.4,10.01,1,electrical,3857.0
2034-04-07,M04,CNC,1.05,46.43,7.46,21.0,816.4,idle,190.95,14.7,9.64,1,electrical,2303.0
2034-04-08,M04,CNC,0.78,51.99,7.31,20.8,816.4,idle,191.35,16.9,9.24,1,electrical,2157.0
2034-04-09,M04,CNC,0.83,48.74,7.28,23.5,808.8,idle,191.6,15.1,8.99,1,electrical,4135.0
2034-04-10,M04,CNC,0.77,48.95,7.69,22.0,822.5,idle,191.8,13.6,8.79,1,electrical,5430.0
2034-04-11,M04,CNC,1.02,52.88,7.49,24.2,818.8,idle,192.3,17.5,8.29,1,electrical,4569.0
2034-04-12,M04,CNC,0.95,54.46,8.51,23.4,785.2,idle,192.33,13.9,8.26,1,electrical,5572.0
2034-04-13,M04,CNC,1.0,48.72,8.61,24.8,817.0,idle,192.48,10.7,8.11,1,electrical,2620.0
2034-04-14,M04,CNC,0.91,48.62,6.93,24.5,820.4,idle,192.76,15.3,7.83,1,electrical,3157.0
2034-04-15,M04,CNC,0.98,48.15,9.02,25.9,791.7,idle,192.86,16.8,7.73,1,electrical,5894.0
2034-04-16,M04,CNC,2.85,68.42,23.95,88.8,2547.0,normal,193.16,15.5,7.43,1,electrical,2013.0
2034-04-17,M04,CNC,0.94,53.72,8.97,25.2,824.7,idle,193.41,13.6,7.18,1,electrical,2854.0
2034-04-18,M04,CNC,0.92,55.18,7.83,22.5,778.3,idle,193.81,12.2,6.78,1,electrical,3077.0
2034-04-19,M04,CNC,1.03,56.79,7.41,20.3,812.8,idle,194.16,13.8,6.43,1,electrical,4612.0
2034-04-20,M04,CNC,0.97,56.56,7.41,20.4,792.1,idle,194.38,14.6,6.21,1,electrical,2737.0
2034-04-21,M04,CNC,0.97,56.56,17.59,20.4,792.1,normal,194.88,10.3,5.71,1,electrical,3196.0
2034-04-22,M04,CNC,3.42,61.29,21.2,86.2,2682.8,normal,195.26,16.0,5.33,1,electrical,3606.0
2034-04-23,M04,CNC,8.33,67.75,25.57,85.3,2670.9,normal,195.61,12.8,4.98,1,electrical,2395.0
2034-04-24,M04,CNC,3.32,65.23,19.43,85.4,2642.7,normal,195.76,16.8,4.83,1,electrical,5092.0
2034-04-25,M04,CNC,3.32,57.87,20.86,88.0,2561.5,normal,196.2,17.7,4.39,1,electrical,3332.0
2034-04-26,M04,CNC,1.07,56.83,9.2,23.4,797.4,idle,196.35,9.2,4.24,1,electrical,3903.0
2034-04-27,M04,CNC,1.05,55.09,8.58,25.9,799.3,idle,196.55,11.5,4.04,1,electrical,3630.0
2034-04-28,M04,CNC,1.05,58.25,8.58,69.2,799.3,normal,196.95,16.8,3.64,1,electrical,5441.0
2034-04-29,M04,CNC,1.02,49.08,9.54,21.9,781.4,idle,197.4,14.0,3.19,1,electrical,4814.0
2034-04-30,M04,CNC,2.38,66.18,17.28,57.7,2683.9,normal,197.55,10.7,3.04,1,electrical,2881.0
2034-05-01,M04,CNC,0.83,49.94,9.12,20.6,780.5,idle,198.05,12.1,2.54,1,electrical,4303.0
2034-05-02,M04,CNC,2.0,62.85,24.78,55.4,2714.7,normal,198.48,14.7,2.11,1,electrical,3684.0
2034-05-03,M04,CNC,1.06,48.74,9.71,21.8,757.2,idle,198.71,12.3,1.88,1,electrical,3067.0
2034-05-04,M04,CNC,1.98,63.83,24.05,64.6,2698.8,normal,198.76,15.3,1.83,1,electrical,3391.0
2034-05-05,M04,CNC,1.0,51.26,9.06,25.6,756.9,idle,199.13,11.1,1.46,1,electrical,3678.0
2034-05-06,M04,CNC,2.45,64.73,22.65,72.6,2552.8,normal,199.28,9.7,1.31,1,electrical,2844.0
2034-05-07,M04,CNC,3.0,64.73,23.67,56.3,2596.4,normal,199.71,17.5,0.88,1,electrical,4512.0
2034-05-08,M04,CNC,2.53,65.28,27.75,70.3,2471.4,normal,200.06,14.0,0.53,1,electrical,2081.0
2034-05-09,M04,CNC,2.65,70.29,26.2,71.5,2530.7,normal,200.48,11.8,0.5,1,electrical,5196.0
2034-05-10,M04,CNC,0.84,45.64,5.5,23.9,898.6,idle,0.0,8.5,80.58,0,none,0.0
2034-05-11,M04,CNC,2.23,43.54,5.22,23.0,919.6,idle,0.13,10.0,80.45,0,none,0.0
2034-05-12,M04,CNC,2.23,40.68,5.02,20.3,867.5,idle,0.25,12.0,80.33,0,none,0.0
2034-05-13,M04,CNC,0.81,47.39,4.74,20.2,893.2,idle,0.65,16.0,79.93,0,none,0.0
2034-05-14,M04,CNC,0.82,49.22,4.75,24.2,865.3,idle,0.87,10.2,79.71,0,none,0.0
2034-05-15,M04,CNC,0.93,47.21,5.36,20.2,881.3,idle,1.28,8.1,79.3,0,none,0.0
2034-05-16,M04,CNC,0.9,40.95,4.62,25.6,880.5,idle,1.77,17.4,78.81,0,none,0.0
2034-05-17,M04,CNC,1.0,40.95,5.08,23.5,885.0,idle,1.85,15.9,78.73,0,none,0.0
2034-05-18,M04,CNC,0.99,41.3,5.34,24.1,868.1,idle,1.9,11.0,78.68,0,none,0.0
2034-05-19,M04,CNC,0.97,44.29,5.22,22.3,909.6,idle,2.05,14.9,78.53,0,none,0.0
2034-05-20,M04,CNC,0.89,41.41,4.97,21.1,878.8,idle,2.1,9.2,78.48,0,none,0.0
2034-05-21,M04,CNC,0.75,41.41,4.32,23.2,883.7,idle,2.55,12.0,78.03,0,none,0.0
2034-05-22,M04,CNC,0.85,42.48,5.03,24.2,875.1,idle,3.02,10.7,77.56,0,none,0.0
2034-05-23,M04,CNC,0.96,46.44,5.07,21.7,850.0,idle,3.08,13.0,77.5,0,none,0.0
2034-05-24,M04,CNC,0.96,48.22,4.18,22.2,896.3,idle,3.48,12.2,77.1,0,none,0.0
2034-05-25,M04,CNC,0.9,48.6,4.21,22.6,856.8,idle,3.52,13.4,77.06,0,none,0.0
2034-05-26,M04,CNC,0.82,40.15,5.35,23.2,909.5,idle,3.62,13.9,76.96,0,none,0.0
2034-05-27,M04,CNC,0.72,42.27,4.39,22.3,906.2,idle,3.85,14.1,76.73,0,none,0.0
2034-05-28,M04,CNC,0.72,42.05,4.1,20.5,903.2,idle,4.03,12.3,76.55,0,none,0.0
2034-05-29,M04,CNC,0.83,47.26,5.02,20.8,860.0,idle,4.45,10.7,76.13,0,none,0.0
2034-05-30,M04,CNC,0.93,47.21,4.57,20.5,850.9,idle,4.58,17.7,76.0,0,none,0.0
2034-05-31,M04,CNC,0.79,40.09,4.35,22.5,858.5,idle,4.92,10.9,75.66,0,none,0.0
2034-06-01,M04,CNC,0.73,48.96,4.88,25.6,874.2,idle,4.98,12.1,75.6,0,none,0.0
2034-06-02,M04,CNC,0.9,42.05,4.93,20.8,850.1,idle,5.15,17.1,75.43,0,none,0.0
2034-06-03,M04,CNC,0.9,45.55,5.39,22.0,873.0,idle,5.47,11.8,75.11,0,none,0.0
2034-06-04,M04,CNC,0.82,47.06,4.85,25.6,851.8,idle,5.75,17.5,74.83,0,none,0.0
2034-06-05,M04,CNC,0.91,43.3,4.27,23.1,885.4,idle,6.18,9.1,74.4,0,none,0.0
2034-06-06,M04,CNC,0.74,42.02,4.61,22.4,872.2,idle,6.33,8.2,74.25,0,none,0.0
2034-06-07,M04,CNC,0.74,40.04,5.46,25.7,883.9,idle,6.77,11.7,73.81,0,none,0.0
2034-06-08,M04,CNC,1.0,46.74,4.1,20.7,914.1,idle,7.1,11.1,73.48,0,none,0.0
2034-06-09,M04,CNC,0.89,48.43,5.35,22.7,853.4,idle,7.2,17.8,73.38,0,none,0.0
2034-06-10,M04,CNC,0.76,40.67,4.28,22.5,858.3,idle,7.28,10.1,73.3,0,none,0.0
2034-06-11,M04,CNC,0.75,44.46,4.51,22.8,880.0,idle,7.57,8.8,73.01,0,none,0.0
2034-06-12,M04,CNC,2.7,64.06,10.2,55.8,3055.8,normal,7.8,12.7,72.78,0,none,0.0
2034-06-13,M04,CNC,0.85,47.66,4.32,55.8,914.7,idle,8.22,15.6,72.36,0,none,0.0
2034-06-14,M04,CNC,0.89,41.06,5.34,24.8,902.6,idle,8.27,10.5,72.31,0,none,0.0
2034-06-15,M04,CNC,0.71,47.99,4.21,21.3,890.4,idle,8.45,16.3,72.13,0,none,0.0
2034-06-16,M04,CNC,2.17,59.92,13.45,56.1,2996.8,normal,8.5,13.7,72.08,0,none,0.0
2034-06-17,M04,CNC,0.98,41.61,4.9,22.1,882.2,idle,8.75,10.7,71.83,0,none,0.0
2034-06-18,M04,CNC,0.79,43.54,4.04,25.9,893.7,idle,8.88,15.9,71.7,0,none,0.0
2034-06-19,M04,CNC,2.5,55.76,13.01,66.4,2908.0,normal,9.2,17.6,71.38,0,none,0.0
2034-06-20,M04,CNC,2.45,54.14,10.67,73.2,3052.8,normal,9.35,15.1,71.23,0,none,0.0
2034-06-21,M04,CNC,2.01,50.49,11.1,89.2,3048.6,normal,9.65,15.4,70.93,0,none,0.0
2034-06-22,M04,CNC,2.63,63.94,12.39,89.4,2888.9,normal,10.07,9.1,70.51,0,none,0.0
2034-06-23,M04,CNC,2.14,59.57,12.39,75.8,2891.5,normal,10.47,9.3,70.11,0,none,0.0
2034-06-24,M04,CNC,2.67,54.14,9.83,86.7,3065.0,normal,10.5,15.5,70.08,0,none,0.0
2034-06-25,M04,CNC,3.16,60.75,13.94,73.2,2837.8,normal,10.62,16.7,69.96,0,none,0.0
2034-06-26,M04,CNC,2.06,54.34,15.29,58.6,3076.9,normal,10.7,12.2,69.88,0,none,0.0
2034-06-27,M04,CNC,2.06,60.73,10.22,62.2,3087.6,normal,10.82,13.2,69.76,0,none,0.0
2034-06-28,M04,CNC,0.78,42.97,4.3,20.8,866.3,idle,10.92,13.5,69.66,0,none,0.0
2034-06-29,M04,CNC,2.7,56.83,13.1,56.6,3040.6,normal,11.15,9.2,69.43,0,none,0.0
2034-06-30,M04,CNC,0.94,40.22,4.58,20.4,905.5,idle,11.33,16.8,69.25,0,none,0.0
2034-07-01,M04,CNC,2.83,63.53,11.04,69.3,2855.3,normal,11.5,14.2,69.08,0,none,0.0
2034-07-02,M04,CNC,2.32,57.83,9.85,79.2,2963.0,normal,11.72,9.7,68.86,0,none,0.0
2034-07-03,M04,CNC,2.96,54.08,15.37,90.0,3075.8,normal,11.9,10.0,68.68,0,none,0.0
2034-07-04,M04,CNC,3.82,71.81,23.74,97.8,4003.1,peak,12.25,11.7,68.33,0,none,0.0
2034-07-05,M04,CNC,2.8,64.78,13.02,62.3,3005.1,normal,12.6,12.6,67.98,0,none,0.0
2034-07-06,M04,CNC,3.98,61.01,21.26,103.1,3851.1,peak,12.8,15.2,67.78,0,none,0.0
2034-07-07,M04,CNC,3.22,63.73,26.65,95.7,3928.7,peak,13.28,9.6,67.3,0,none,0.0
2034-07-08,M04,CNC,0.93,49.53,5.48,22.5,916.5,idle,13.68,8.1,66.9,0,none,0.0
2034-07-09,M04,CNC,1.85,61.19,13.68,61.5,2952.2,normal,13.93,12.7,66.65,0,none,0.0
2034-07-10,M04,CNC,1.98,63.07,11.83,75.8,2847.6,normal,13.97,9.9,66.61,0,none,0.0
2034-07-11,M04,CNC,2.09,64.88,14.4,88.5,2888.8,normal,14.37,12.6,66.21,0,none,0.0
2034-07-12,M04,CNC,2.03,57.55,12.72,58.6,3020.0,normal,14.45,12.7,66.13,0,none,0.0
2034-07-13,M04,CNC,2.31,52.8,11.66,73.4,3017.9,normal,14.57,14.4,66.01,0,none,0.0
2034-07-14,M04,CNC,2.47,57.88,10.4,86.8,3078.6,normal,15.07,14.3,65.51,0,none,0.0
2034-07-15,M04,CNC,2.76,50.26,12.99,75.9,3098.4,normal,15.2,16.2,65.38,0,none,0.0
2034-07-16,M04,CNC,3.19,50.26,9.91,88.2,2983.8,normal,15.68,15.3,64.9,0,none,0.0
2034-07-17,M04,CNC,2.92,56.11,11.58,69.6,2844.1,normal,15.9,12.0,64.68,0,none,0.0
2034-07-18,M04,CNC,2.3,62.86,9.75,57.7,2837.5,normal,16.07,14.4,64.51,0,none,0.0
2034-07-19,M04,CNC,2.36,64.95,10.63,57.5,3074.5,normal,16.2,9.5,64.38,0,none,0.0
2034-07-20,M04,CNC,3.03,50.48,14.39,76.9,3030.3,normal,16.62,9.8,63.96,0,none,0.0
2034-07-21,M04,CNC,2.49,64.87,9.79,60.9,2919.0,normal,16.95,16.0,63.63,0,none,0.0
2034-07-22,M04,CNC,2.43,63.82,13.14,53.7,2922.4,normal,17.28,11.8,63.3,0,none,0.0
2034-07-23,M04,CNC,0.82,63.82,4.9,53.7,899.9,idle,17.62,13.9,62.96,0,none,0.0
2034-07-24,M04,CNC,3.82,68.8,20.37,108.1,4019.6,peak,17.78,15.4,62.8,0,none,0.0
2034-07-25,M04,CNC,0.92,49.97,5.2,25.0,916.6,idle,18.13,12.7,62.45,0,none,0.0
2034-07-26,M04,CNC,2.01,57.47,13.27,64.5,3051.8,normal,18.25,10.3,62.33,0,none,0.0
2034-07-27,M04,CNC,2.87,60.81,15.98,61.9,3020.6,normal,18.38,16.0,62.2,0,none,0.0
2034-07-28,M04,CNC,2.57,54.69,10.54,86.0,2978.6,normal,18.48,12.8,62.1,0,none,0.0
2034-07-29,M04,CNC,2.95,58.18,10.93,64.8,2914.5,normal,18.52,17.0,62.06,0,none,0.0
2034-07-30,M04,CNC,3.16,50.08,15.91,89.3,3098.8,normal,18.57,16.1,62.01,0,none,0.0
2034-07-31,M04,CNC,0.84,49.64,4.59,20.2,865.7,idle,18.82,11.3,61.76,0,none,0.0
2034-08-01,M04,CNC,0.98,40.14,4.82,20.4,870.0,idle,19.12,10.4,61.46,0,none,0.0
2034-08-02,M04,CNC,1.92,62.89,13.34,86.3,3006.5,normal,19.35,11.9,61.23,0,none,0.0
2034-08-03,M04,CNC,3.16,57.65,13.65,73.9,2945.3,normal,19.63,16.4,60.95,0,none,0.0
2034-08-04,M04,CNC,2.98,59.67,14.71,81.9,2857.3,normal,19.83,16.8,60.75,0,none,0.0
2034-08-05,M04,CNC,2.71,52.99,13.29,77.7,3099.2,normal,20.3,9.7,60.28,0,none,0.0
2034-08-06,M04,CNC,0.71,40.91,4.12,22.4,907.5,idle,20.67,15.1,59.91,0,none,0.0
2034-08-07,M04,CNC,2.98,61.05,15.33,64.3,2826.4,normal,21.13,12.4,59.45,0,none,0.0
2034-08-08,M04,CNC,0.72,48.52,5.1,24.2,873.8,idle,21.53,14.9,59.05,0,none,0.0
2034-08-09,M04,CNC,0.81,49.58,4.1,24.6,871.7,idle,21.85,14.5,58.73,0,none,0.0
2034-08-10,M04,CNC,1.85,61.14,11.65,79.4,3012.3,normal,21.97,11.7,58.61,0,none,0.0
2034-08-11,M04,CNC,0.86,47.77,4.87,21.7,901.4,idle,22.23,11.5,58.35,0,none,0.0
2034-08-12,M04,CNC,0.86,47.77,15.36,72.7,3060.6,normal,22.48,13.6,58.1,0,none,0.0
2034-08-13,M04,CNC,3.04,56.67,12.8,67.8,2934.8,normal,22.62,9.8,57.96,0,none,0.0
2034-08-14,M04,CNC,3.92,71.4,19.27,104.2,4098.8,peak,23.03,10.0,57.55,0,none,0.0
2034-08-15,M04,CNC,2.63,61.79,14.5,65.3,2911.6,normal,23.25,8.1,57.33,0,none,0.0
2034-08-16,M04,CNC,2.81,57.5,13.21,79.1,3033.3,normal,23.43,17.1,57.15,0,none,0.0
2034-08-17,M04,CNC,2.18,52.2,11.4,71.3,2902.6,normal,23.6,8.1,56.98,0,none,0.0
2034-08-18,M04,CNC,0.87,40.53,4.76,22.2,887.4,idle,23.77,10.7,56.81,0,none,0.0
2034-08-19,M04,CNC,0.83,42.84,4.76,21.1,897.7,idle,24.05,18.0,56.53,0,none,0.0
2034-08-20,M04,CNC,0.98,45.39,5.31,20.8,884.6,idle,24.45,14.3,56.13,0,none,0.0
2034-08-21,M04,CNC,0.84,40.08,4.66,22.2,896.9,idle,24.78,16.6,55.8,0,none,0.0
2034-08-22,M04,CNC,3.11,51.29,11.63,68.9,2936.6,normal,25.07,14.3,55.51,0,none,0.0
2034-08-23,M04,CNC,0.93,44.43,4.04,24.3,911.9,idle,25.35,15.5,55.23,0,none,0.0
2034-08-24,M04,CNC,0.85,45.81,4.24,21.3,866.5,idle,25.72,16.1,54.86,0,none,0.0
2034-08-25,M04,CNC,0.83,49.28,4.78,21.1,868.6,idle,25.77,14.1,54.81,0,none,0.0
2034-08-26,M04,CNC,0.82,46.23,4.66,22.4,889.5,idle,26.17,15.4,54.41,0,none,0.0
2034-08-27,M04,CNC,2.14,51.18,9.66,61.5,2827.5,normal,26.65,8.8,53.93,0,none,0.0
2034-08-28,M04,CNC,0.8,47.73,5.07,23.7,909.7,idle,27.12,8.6,53.46,0,none,0.0
2034-08-29,M04,CNC,0.78,48.85,4.6,22.4,878.4,idle,27.48,11.1,53.1,0,none,0.0
2034-08-30,M04,CNC,0.73,49.75,4.21,22.1,872.4,idle,27.97,17.8,52.61,0,none,0.0
2034-08-31,M04,CNC,0.72,41.52,4.07,21.8,910.7,idle,28.1,15.4,52.48,0,none,0.0
2034-09-01,M04,CNC,0.8,41.24,4.97,26.0,866.3,idle,28.3,16.5,52.28,0,none,0.0
2034-09-02,M04,CNC,2.19,64.58,10.66,71.4,2871.9,normal,28.5,9.7,52.08,0,none,0.0
2034-09-03,M04,CNC,0.98,49.82,5.22,21.9,878.2,idle,28.83,11.7,51.75,0,none,0.0
2034-09-04,M04,CNC,2.14,49.82,15.44,67.9,2997.0,normal,28.87,12.0,51.71,0,none,0.0
2034-09-05,M04,CNC,0.75,44.35,4.95,22.3,875.0,idle,29.33,8.6,51.25,0,none,0.0
2034-09-06,M04,CNC,0.75,48.04,5.33,25.8,900.4,idle,29.47,13.0,51.11,0,none,0.0
2034-09-07,M04,CNC,0.86,42.69,5.5,23.5,897.7,idle,29.88,9.7,50.7,0,none,0.0
2034-09-08,M04,CNC,0.9,48.45,4.01,21.3,896.6,idle,29.93,10.0,50.65,0,none,0.0
2034-09-09,M04,CNC,0.97,46.85,4.62,22.2,901.7,idle,30.23,14.4,50.35,0,none,0.0
2034-09-10,M04,CNC,0.92,46.07,4.44,25.6,888.6,idle,30.7,8.0,49.88,0,none,0.0
2034-09-11,M04,CNC,0.94,42.14,4.52,25.2,853.5,idle,30.87,9.2,49.71,0,none,0.0
2034-09-12,M04,CNC,0.85,44.82,5.13,21.7,865.3,idle,31.13,15.0,49.45,0,none,0.0
2034-09-13,M04,CNC,3.1,58.58,10.18,59.3,3099.7,normal,31.47,8.9,49.11,0,none,0.0
2034-09-14,M04,CNC,0.76,46.1,4.63,25.3,902.9,idle,31.53,8.9,49.05,0,none,0.0
2034-09-15,M04,CNC,2.64,50.16,15.22,68.9,3079.5,normal,31.73,17.7,48.85,0,none,0.0
2034-09-16,M04,CNC,2.49,60.41,9.95,80.3,2901.4,normal,32.17,8.1,48.41,0,none,0.0
2034-09-17,M04,CNC,2.29,51.78,10.45,59.1,2898.5,normal,32.53,8.8,48.05,0,none,0.0
2034-09-18,M04,CNC,3.91,64.26,25.24,96.2,3977.3,peak,32.95,11.1,47.63,0,none,0.0
2034-09-19,M04,CNC,2.47,64.67,15.0,69.3,3032.5,normal,33.33,17.0,47.25,0,none,0.0
2034-09-20,M04,CNC,0.76,45.62,4.11,22.1,865.8,idle,33.47,15.4,47.11,0,none,0.0
2034-09-21,M04,CNC,2.81,57.35,14.38,71.6,2825.9,normal,33.65,15.1,46.93,0,none,0.0
2034-09-22,M04,CNC,2.83,62.5,15.37,73.7,3026.1,normal,33.77,13.7,46.81,0,none,0.0
2034-09-23,M04,CNC,2.85,52.34,10.57,54.7,3026.1,normal,34.02,9.9,46.56,0,none,0.0
2034-09-24,M04,CNC,2.46,52.34,12.3,79.6,3008.0,normal,34.52,17.8,46.06,0,none,0.0
2034-09-25,M04,CNC,0.76,40.59,4.82,24.2,919.9,idle,34.68,10.6,45.9,0,none,0.0
2034-09-26,M04,CNC,0.76,63.45,11.98,78.2,2979.5,normal,34.97,11.6,45.61,0,none,0.0
2034-09-27,M04,CNC,1.87,51.18,9.63,66.1,3023.7,normal,35.4,12.5,45.18,0,none,0.0
2034-09-28,M04,CNC,0.75,46.06,4.43,24.8,905.9,idle,35.77,9.7,44.81,0,none,0.0
2034-09-29,M04,CNC,2.89,57.87,11.35,82.8,2855.8,normal,36.23,9.6,44.35,0,none,0.0
2034-09-30,M04,CNC,2.89,52.76,13.88,78.1,2995.8,normal,36.57,15.0,44.01,0,none,0.0
2034-10-01,M04,CNC,2.38,51.5,15.42,71.3,2922.1,normal,36.78,14.8,43.8,0,none,0.0
2034-10-02,M04,CNC,2.62,52.89,10.36,67.4,2868.2,normal,36.97,15.0,43.61,0,none,0.0
2034-10-03,M04,CNC,2.14,63.39,12.95,70.4,3006.8,normal,37.27,15.4,43.31,0,none,0.0
2034-10-04,M04,CNC,3.13,51.68,14.92,74.2,2843.8,normal,37.43,15.7,43.15,0,none,0.0
2034-10-05,M04,CNC,2.22,57.24,13.99,61.2,2960.5,normal,37.6,10.6,42.98,0,none,0.0
2034-10-06,M04,CNC,2.76,56.73,15.11,85.0,2941.2,normal,37.68,14.3,42.9,0,none,0.0
2034-10-07,M04,CNC,3.16,51.13,9.52,66.5,2980.3,normal,37.97,13.9,42.61,0,none,0.0
2034-10-08,M04,CNC,2.68,57.15,10.31,58.5,3055.6,normal,38.18,14.6,42.4,0,none,0.0
2034-10-09,M04,CNC,3.02,60.11,13.82,74.7,2860.9,normal,38.68,15.0,41.9,0,none,0.0
2034-10-10,M04,CNC,2.4,60.44,12.99,52.7,3086.1,normal,39.05,17.0,41.53,0,none,0.0
2034-10-11,M04,CNC,2.98,53.91,13.51,87.1,2828.8,normal,39.17,11.3,41.41,0,none,0.0
2034-10-12,M04,CNC,3.6,65.76,22.1,107.5,3914.2,peak,39.53,9.9,41.05,0,none,0.0
2034-10-13,M04,CNC,1.89,50.99,9.78,67.5,3015.5,normal,39.75,12.7,40.83,0,none,0.0
2034-10-14,M04,CNC,0.76,46.46,5.03,21.5,892.0,idle,39.87,12.4,40.71,0,none,0.0
2034-10-15,M04,CNC,2.76,57.0,11.69,75.5,3093.3,normal,40.22,13.8,40.36,0,none,0.0
2034-10-16,M04,CNC,0.83,57.0,4.7,20.5,888.7,idle,40.47,12.7,40.11,0,none,0.0
2034-10-17,M04,CNC,2.26,57.0,12.53,52.1,2920.5,normal,40.62,11.7,39.96,0,none,0.0
2034-10-18,M04,CNC,1.95,50.36,14.86,86.8,2862.3,normal,40.82,12.0,39.76,0,none,0.0
2034-10-19,M04,CNC,1.95,62.73,22.94,101.5,3880.7,peak,40.87,16.8,39.71,0,none,0.0
2034-10-20,M04,CNC,3.76,60.15,18.53,106.5,3999.8,peak,41.3,17.3,39.28,0,none,0.0
2034-10-21,M04,CNC,2.5,57.02,12.73,68.6,2917.9,normal,41.38,15.7,39.2,0,none,0.0
2034-10-22,M04,CNC,2.5,57.93,14.0,79.0,2913.3,normal,41.72,8.3,38.86,0,none,0.0
2034-10-23,M04,CNC,2.38,55.61,12.99,69.2,3066.9,normal,42.02,11.0,38.56,0,none,0.0
2034-10-24,M04,CNC,3.76,73.28,25.09,109.6,3990.7,peak,42.37,17.4,38.21,0,none,0.0
2034-10-25,M04,CNC,3.97,60.69,18.52,103.7,4095.1,peak,42.5,13.7,38.08,0,none,0.0
2034-10-26,M04,CNC,2.38,53.18,12.89,76.7,2894.6,normal,42.6,11.3,37.98,0,none,0.0
2034-10-27,M04,CNC,3.77,74.58,26.97,99.4,3898.0,peak,42.65,11.1,37.93,0,none,0.0
2034-10-28,M04,CNC,2.32,55.92,10.15,81.0,2909.6,normal,43.08,11.5,37.5,0,none,0.0
2034-10-29,M04,CNC,3.03,63.9,9.66,89.6,3013.0,normal,43.32,8.0,37.26,0,none,0.0
2034-10-30,M04,CNC,2.53,55.84,12.87,64.3,2986.8,normal,43.42,9.7,37.16,0,none,0.0
2034-10-31,M04,CNC,1.93,59.32,11.29,52.7,2965.8,normal,43.6,10.4,36.98,0,none,0.0
2034-11-01,M04,CNC,2.61,56.4,9.97,86.0,2983.4,normal,43.73,15.2,36.85,0,none,0.0
2034-11-02,M04,CNC,0.73,45.11,4.75,20.4,892.5,idle,43.83,16.5,36.75,0,none,0.0
2034-11-03,M04,CNC,2.93,61.24,10.82,84.8,2902.8,normal,44.05,9.6,36.53,0,none,0.0
2034-11-04,M04,CNC,3.13,51.08,12.66,84.8,2874.3,normal,44.13,14.9,36.45,0,none,0.0
2034-11-05,M04,CNC,2.88,51.08,9.62,75.1,2947.4,normal,44.53,12.7,36.05,0,none,0.0
2034-11-06,M04,CNC,0.76,49.96,5.35,21.8,887.9,idle,44.77,15.1,35.81,0,none,0.0
2034-11-07,M04,CNC,3.45,71.18,27.3,100.4,4041.7,peak,45.2,11.9,35.38,0,none,0.0
2034-11-08,M04,CNC,0.85,43.97,5.41,23.1,882.7,idle,45.4,9.3,35.18,0,none,0.0
2034-11-09,M04,CNC,2.74,53.92,11.61,23.1,3003.6,normal,45.83,10.8,34.75,0,none,0.0
2034-11-10,M04,CNC,0.95,42.71,4.82,25.8,872.3,idle,46.22,12.2,34.36,0,none,0.0
2034-11-11,M04,CNC,2.02,57.66,12.02,58.1,3066.6,normal,46.45,11.5,34.13,0,none,0.0
2034-11-12,M04,CNC,2.7,45.69,5.16,25.1,899.1,idle,46.83,13.9,33.75,0,none,0.0
2034-11-13,M04,CNC,0.71,41.58,4.11,20.1,871.4,idle,46.98,9.8,33.6,0,none,0.0
2034-11-14,M04,CNC,2.35,53.62,9.92,72.1,2882.0,normal,47.13,11.4,33.45,0,none,0.0
2034-11-15,M04,CNC,2.91,50.12,14.98,88.3,3014.8,normal,47.6,14.0,32.98,0,none,0.0
2034-11-16,M04,CNC,2.83,64.0,10.86,89.8,3032.0,normal,47.83,14.5,32.75,0,none,0.0
2034-11-17,M04,CNC,0.92,43.61,4.82,23.9,893.4,idle,47.93,8.4,32.65,0,none,0.0
2034-11-18,M04,CNC,0.91,40.82,4.53,22.6,868.2,idle,48.12,11.4,32.46,0,none,0.0
2034-11-19,M04,CNC,0.75,41.39,4.55,23.0,854.4,idle,48.48,9.5,32.1,0,none,0.0
2034-11-20,M04,CNC,0.98,47.65,5.1,21.0,892.3,idle,48.67,16.2,31.91,0,none,0.0
2034-11-21,M04,CNC,0.86,49.82,5.12,23.4,909.6,idle,48.72,17.6,31.86,0,none,0.0
2034-11-22,M04,CNC,0.75,40.15,5.04,20.6,858.1,idle,48.83,14.8,31.75,0,none,0.0
2034-11-23,M04,CNC,0.92,42.71,4.94,25.5,872.1,idle,49.3,16.1,31.28,0,none,0.0
2034-11-24,M04,CNC,0.77,41.07,4.2,20.4,856.1,idle,49.52,9.0,31.06,0,none,0.0
2034-11-25,M04,CNC,0.83,43.21,5.06,25.2,904.9,idle,50.0,16.1,30.58,0,none,0.0
2034-11-26,M04,CNC,0.86,41.02,5.06,22.2,856.0,idle,50.12,13.7,30.46,0,none,0.0
2034-11-27,M04,CNC,0.95,43.38,4.33,25.2,913.1,idle,50.35,8.1,30.23,0,none,0.0
2034-11-28,M04,CNC,0.95,55.32,13.27,79.9,2818.9,normal,50.72,12.0,29.86,0,none,0.0
2034-11-29,M04,CNC,0.88,49.53,4.39,25.4,916.5,idle,51.15,12.2,29.43,0,none,0.0
2034-11-30,M04,CNC,0.78,47.54,4.36,24.4,905.8,idle,51.57,14.0,29.01,0,none,0.0
2034-12-01,M04,CNC,2.15,60.74,14.78,65.6,2850.3,normal,52.02,13.0,28.56,0,none,0.0
2034-12-02,M04,CNC,2.15,45.75,5.47,24.9,880.5,idle,52.45,11.4,28.13,0,none,0.0
2034-12-03,M04,CNC,2.55,54.19,10.56,70.3,2939.1,normal,52.77,9.1,27.81,0,none,0.0
2034-12-04,M04,CNC,2.53,54.19,13.43,75.0,2838.4,normal,52.88,13.3,27.7,0,none,0.0
2034-12-05,M04,CNC,3.2,61.59,15.2,67.7,2950.6,normal,53.12,8.8,27.46,0,none,0.0
2034-12-06,M04,CNC,0.86,41.94,5.03,25.4,861.5,idle,53.15,17.3,27.43,0,none,0.0
2034-12-07,M04,CNC,0.73,47.38,4.41,23.7,898.7,idle,53.48,13.1,27.1,0,none,0.0
2034-12-08,M04,CNC,0.8,48.15,4.82,25.2,903.4,idle,53.83,12.5,26.75,0,none,0.0
2034-12-09,M04,CNC,0.96,40.2,4.37,20.5,881.0,idle,53.88,8.4,26.7,0,none,0.0
2034-12-10,M04,CNC,0.97,44.68,5.27,22.0,873.8,idle,54.37,11.7,26.21,0,none,0.0
2034-12-11,M04,CNC,0.97,44.26,5.18,21.4,916.4,idle,54.87,11.7,25.71,0,none,0.0
2034-12-12,M04,CNC,0.87,47.59,4.13,23.0,913.1,idle,55.12,11.0,25.46,0,none,0.0
2034-12-13,M04,CNC,0.96,40.47,4.46,22.7,862.1,idle,55.58,10.7,25.0,0,none,0.0
2034-12-14,M04,CNC,2.82,52.77,11.75,77.2,2944.6,normal,55.77,8.2,24.81,0,none,0.0
2034-12-15,M04,CNC,2.83,64.42,10.26,79.0,2869.1,normal,55.97,8.4,24.61,0,none,0.0
2034-12-16,M04,CNC,2.38,50.49,10.38,64.2,2902.6,normal,56.05,8.4,24.53,0,none,0.0
2034-12-17,M04,CNC,3.06,61.13,15.82,74.8,2872.5,normal,56.47,9.8,24.11,0,none,0.0
2034-12-18,M04,CNC,2.26,61.13,11.62,74.8,2959.2,normal,56.78,15.3,23.8,0,none,0.0
2034-12-19,M04,CNC,2.34,52.24,9.64,60.3,2832.2,normal,57.15,16.9,23.43,0,none,0.0
2034-12-20,M04,CNC,3.83,59.91,25.24,100.8,3822.0,peak,57.37,14.9,23.21,0,none,0.0
2034-12-21,M04,CNC,3.85,67.85,20.36,108.4,3813.6,peak,57.52,17.0,23.06,0,none,0.0
2034-12-22,M04,CNC,0.76,47.52,5.06,21.7,854.3,idle,57.93,13.7,22.65,0,none,0.0
2034-12-23,M04,CNC,3.0,54.71,10.77,71.6,3073.1,normal,57.98,11.7,22.6,0,none,0.0
2034-12-24,M04,CNC,1.86,61.49,13.22,68.2,3023.2,normal,58.08,15.2,22.5,0,none,0.0
2034-12-25,M04,CNC,0.99,42.29,4.22,25.5,896.8,idle,58.53,11.8,22.05,0,none,0.0
2034-12-26,M04,CNC,2.41,58.6,14.35,25.5,3076.0,normal,58.95,17.3,21.63,0,none,0.0
2034-12-27,M04,CNC,2.4,54.4,13.66,25.5,2978.4,normal,59.37,12.0,21.21,0,none,0.0
2034-12-28,M04,CNC,3.54,60.6,22.69,105.4,4039.8,peak,59.48,10.6,21.1,0,none,0.0
2034-12-29,M04,CNC,0.85,41.65,4.62,24.7,878.9,idle,59.85,8.8,20.73,0,none,0.0
2034-12-30,M04,CNC,3.76,66.62,20.41,106.9,3825.3,peak,60.1,15.9,20.48,0,none,0.0
2034-12-31,M04,CNC,2.53,53.13,9.94,71.1,2949.9,normal,60.43,11.0,20.15,0,none,0.0
2035-01-01,M04,CNC,2.79,61.17,9.94,67.6,2989.5,normal,60.73,15.9,19.85,0,none,0.0
2035-01-02,M04,CNC,0.87,44.22,4.9,25.7,863.5,idle,61.13,11.7,19.45,0,none,0.0
2035-01-03,M04,CNC,3.07,50.8,11.5,63.0,2987.9,normal,61.42,17.4,19.16,0,none,0.0
2035-01-04,M04,CNC,0.74,48.82,5.24,23.9,882.1,idle,61.58,15.8,19.0,0,none,0.0
2035-01-05,M04,CNC,3.11,62.46,12.75,78.7,2970.1,normal,61.75,8.5,18.83,0,none,0.0
2035-01-06,M04,CNC,3.67,63.63,22.62,96.2,3907.2,peak,61.98,14.8,18.6,0,none,0.0
2035-01-07,M04,CNC,2.77,64.3,15.76,73.1,2982.0,normal,62.15,10.1,18.43,0,none,0.0
2035-01-08,M04,CNC,2.06,60.43,9.96,62.8,3000.5,normal,62.6,9.3,17.98,0,none,0.0
2035-01-09,M04,CNC,2.23,50.75,14.91,63.8,2818.9,normal,62.77,15.9,17.81,0,none,0.0
2035-01-10,M04,CNC,1.9,53.78,10.66,81.4,2896.5,normal,63.13,10.2,17.45,0,none,0.0
2035-01-11,M04,CNC,0.94,41.74,4.74,24.1,895.6,idle,63.17,10.2,17.41,0,none,0.0
2035-01-12,M04,CNC,2.64,63.87,10.99,70.8,3065.2,normal,63.52,15.1,17.06,0,none,0.0
2035-01-13,M04,CNC,1.91,50.84,11.02,76.0,2878.0,normal,63.98,12.2,16.6,0,none,0.0
2035-01-14,M04,CNC,2.07,50.84,13.49,61.5,2890.2,normal,64.33,11.9,16.25,0,none,0.0
2035-01-15,M04,CNC,2.66,64.19,13.89,81.8,2910.0,normal,64.65,11.4,15.93,0,none,0.0
2035-01-16,M04,CNC,0.78,64.19,5.21,22.7,909.3,idle,64.87,9.5,15.71,0,none,0.0
2035-01-17,M04,CNC,1.0,40.72,4.07,20.9,876.9,idle,65.35,10.1,15.23,0,none,0.0
2035-01-18,M04,CNC,1.98,63.06,9.65,64.0,2855.4,normal,65.75,11.9,14.83,0,none,0.0
2035-01-19,M04,CNC,3.1,60.04,15.43,89.0,2949.1,normal,65.98,16.5,14.6,0,none,0.0
2035-01-20,M04,CNC,2.13,52.91,10.95,78.9,2812.1,normal,66.05,13.6,14.53,0,none,0.0
2035-01-21,M04,CNC,1.87,59.12,13.67,77.3,2911.6,normal,66.27,15.5,14.31,0,none,0.0
2035-01-22,M04,CNC,2.93,58.0,10.19,82.3,3085.9,normal,66.57,10.9,14.01,0,none,0.0
2035-01-23,M04,CNC,1.88,55.87,12.67,57.6,3060.3,normal,66.77,12.7,13.81,0,none,0.0
2035-01-24,M04,CNC,2.2,61.75,13.86,74.7,2857.6,normal,66.87,9.7,13.71,0,none,0.0
2035-01-25,M04,CNC,2.11,50.71,11.06,65.1,3049.9,normal,67.08,12.2,13.5,0,none,0.0
2035-01-26,M04,CNC,2.31,61.32,12.36,81.8,3092.9,normal,67.52,17.7,13.06,0,none,0.0
2035-01-27,M04,CNC,0.77,48.62,4.93,24.9,895.6,idle,67.83,17.9,12.75,0,none,0.0
2035-01-28,M04,CNC,3.54,61.88,18.7,103.0,4097.1,peak,68.07,9.3,12.51,0,none,0.0
2035-01-29,M04,CNC,3.79,63.56,26.27,106.5,3884.5,peak,68.42,9.2,12.16,0,none,0.0
2035-01-30,M04,CNC,1.82,51.77,15.2,83.8,2888.6,normal,68.65,17.9,11.93,0,none,0.0
2035-01-31,M04,CNC,1.82,61.89,15.6,81.6,2981.7,normal,68.98,16.6,11.6,0,none,0.0
2035-02-01,M04,CNC,0.77,45.26,4.35,24.9,877.1,idle,69.42,15.3,11.16,0,none,0.0
2035-02-02,M04,CNC,2.97,55.72,14.86,64.7,2932.0,normal,69.65,11.5,10.93,0,none,0.0
2035-02-03,M04,CNC,2.66,55.72,15.66,73.8,2952.3,normal,69.78,14.0,10.8,0,none,0.0
2035-02-04,M04,CNC,0.95,48.66,4.78,25.6,854.5,idle,69.98,14.3,10.6,0,none,0.0
2035-02-05,M04,CNC,0.73,45.97,4.78,22.8,873.0,idle,70.37,17.6,10.21,0,none,0.0
2035-02-06,M04,CNC,2.37,62.34,13.36,89.9,3036.1,normal,70.8,13.0,9.78,0,none,0.0
2035-02-07,M04,CNC,2.18,53.97,13.36,84.0,2808.2,normal,71.12,16.6,9.46,0,none,0.0
2035-02-08,M04,CNC,0.77,49.05,4.96,21.4,865.3,idle,71.4,10.9,9.18,0,none,0.0
2035-02-09,M04,CNC,3.01,49.05,11.16,68.0,3050.4,normal,71.67,16.7,8.91,0,none,0.0
2035-02-10,M04,CNC,0.93,49.05,11.16,25.5,3050.4,idle,71.9,13.3,8.68,0,none,0.0
2035-02-11,M04,CNC,0.93,47.09,4.81,25.1,855.7,idle,72.1,14.6,8.48,0,none,0.0
2035-02-12,M04,CNC,2.98,54.4,13.76,53.5,2982.9,normal,72.48,11.8,8.1,0,none,0.0
2035-02-13,M04,CNC,0.92,43.69,4.32,53.5,908.3,idle,72.85,12.2,7.73,0,none,0.0
2035-02-14,M04,CNC,0.8,42.52,4.42,25.7,875.1,idle,72.98,14.2,7.6,0,none,0.0
2035-02-15,M04,CNC,0.7,47.82,5.05,20.8,918.9,idle,73.08,13.0,7.5,0,none,0.0
2035-02-16,M04,CNC,0.88,45.01,4.57,25.4,867.1,idle,73.15,15.3,7.43,0,none,0.0
2035-02-17,M04,CNC,0.88,45.01,5.14,25.4,892.6,idle,73.18,10.5,7.4,0,none,0.0
2035-02-18,M04,CNC,0.77,46.51,5.15,22.1,906.1,idle,73.52,14.8,7.06,0,none,0.0
2035-02-19,M04,CNC,0.8,47.58,4.05,23.3,917.9,idle,73.73,14.0,6.85,0,none,0.0
2035-02-20,M04,CNC,0.99,42.82,4.66,20.4,911.1,idle,74.18,13.5,6.4,0,none,0.0
2035-02-21,M04,CNC,0.87,43.85,4.17,25.7,887.1,idle,74.67,17.1,5.91,0,none,0.0
2035-02-22,M04,CNC,0.78,43.5,4.41,23.6,915.1,idle,74.93,16.7,5.65,0,none,0.0
2035-02-23,M04,CNC,0.78,44.6,5.24,22.5,867.7,idle,75.05,15.1,5.53,0,none,0.0
2035-02-24,M04,CNC,1.0,43.04,4.49,25.9,859.4,idle,75.18,10.9,5.4,0,none,0.0
2035-02-25,M04,CNC,0.93,49.36,4.77,20.0,876.2,idle,75.68,13.8,4.9,0,none,0.0
2035-02-26,M04,CNC,0.73,44.16,5.19,22.6,880.2,idle,75.95,14.0,4.63,0,none,0.0
2035-02-27,M04,CNC,0.87,45.82,5.28,21.9,907.5,idle,76.1,17.7,4.48,0,none,0.0
2035-02-28,M04,CNC,0.87,43.01,4.44,22.2,893.6,idle,76.4,16.0,4.18,0,none,0.0
2035-03-01,M04,CNC,0.77,49.2,4.86,25.5,853.2,idle,76.87,17.2,3.71,0,none,0.0
2035-03-02,M04,CNC,0.8,40.23,4.41,25.2,852.6,idle,76.98,15.2,3.6,0,none,0.0
2035-03-03,M04,CNC,0.83,41.18,4.63,25.0,893.6,idle,77.05,8.3,3.53,0,none,0.0
2035-03-04,M04,CNC,0.92,43.49,5.42,24.3,879.5,idle,77.43,13.2,3.15,0,none,0.0
2035-03-05,M04,CNC,2.4,63.78,13.25,78.8,2925.1,normal,77.72,8.7,2.86,0,none,0.0
2035-03-06,M04,CNC,2.11,60.85,13.25,71.0,2987.2,normal,77.97,16.8,2.61,0,none,0.0
2035-03-07,M04,CNC,2.11,47.94,5.42,25.4,872.5,idle,78.28,15.8,2.3,0,none,0.0
2035-03-08,M04,CNC,2.37,62.13,13.37,72.8,3078.0,normal,78.65,15.1,1.93,0,none,0.0
2035-03-09,M04,CNC,0.86,45.15,4.06,20.4,850.5,idle,78.92,15.3,1.66,0,none,0.0
2035-03-10,M04,CNC,0.97,44.08,4.7,25.1,892.6,idle,79.1,16.3,1.48,0,none,0.0
2035-03-11,M04,CNC,0.88,42.97,5.25,21.0,853.7,idle,79.52,11.6,1.06,0,none,0.0
2035-03-12,M04,CNC,3.35,62.55,20.82,105.1,3865.3,peak,79.92,14.3,0.66,0,none,0.0
2035-03-13,M04,CNC,2.75,51.37,10.46,105.1,3076.6,normal,80.18,9.2,0.5,0,none,0.0
2035-03-14,M04,CNC,0.96,49.69,4.98,24.1,893.8,idle,80.28,15.6,0.5,0,none,0.0
2035-03-15,M04,CNC,0.89,41.47,4.82,22.3,881.0,idle,80.62,9.1,0.5,0,none,0.0
2035-03-16,M04,CNC,2.53,51.93,11.84,54.4,3093.9,normal,80.73,14.6,0.5,0,none,0.0
2035-03-17,M04,CNC,2.53,62.39,11.84,102.2,3840.7,peak,80.83,16.0,0.5,0,none,0.0
2035-03-18,M04,CNC,2.34,51.74,10.8,54.0,2931.5,normal,80.97,11.3,0.5,0,none,0.0
2035-03-19,M04,CNC,2.93,58.79,13.44,59.6,2903.2,normal,81.37,17.0,0.5,0,none,0.0
2035-03-20,M04,CNC,0.95,40.88,5.29,22.9,908.6,idle,81.65,15.6,0.5,0,none,0.0
2035-03-21,M04,CNC,2.25,55.08,14.39,81.8,2868.9,normal,81.85,12.4,0.5,0,none,0.0
2035-03-22,M04,CNC,3.16,51.27,9.95,74.6,3016.8,normal,82.3,10.6,0.5,0,none,0.0
2035-03-23,M04,CNC,3.15,56.07,9.66,74.9,2886.9,normal,82.47,15.6,0.5,0,none,0.0
2035-03-24,M04,CNC,2.41,57.33,9.92,70.5,2927.9,normal,82.57,8.3,0.5,0,none,0.0
2035-03-25,M04,CNC,2.8,59.68,10.7,59.8,2875.3,normal,83.07,11.6,0.5,0,none,0.0
2035-03-26,M04,CNC,2.05,59.86,15.96,76.8,2982.0,normal,83.25,15.2,0.5,0,none,0.0
2035-03-27,M04,CNC,2.37,54.69,15.42,88.8,2949.0,normal,83.58,12.8,0.5,0,none,0.0
2035-03-28,M04,CNC,0.79,47.7,4.2,24.6,907.3,idle,83.85,9.5,0.5,0,none,0.0
2035-03-29,M04,CNC,0.74,49.77,5.48,25.6,884.7,idle,84.3,9.5,0.5,0,none,0.0
2035-03-30,M04,CNC,0.77,45.82,4.63,21.2,879.7,idle,84.48,10.6,0.5,0,none,0.0
2035-03-31,M04,CNC,2.73,51.06,11.67,52.7,3024.8,normal,84.63,10.1,0.5,0,none,0.0
2035-04-01,M04,CNC,2.7,50.94,15.77,52.7,2977.0,normal,84.82,8.1,0.5,0,none,0.0
2035-04-02,M04,CNC,0.93,47.88,4.05,25.4,914.3,idle,85.03,15.5,0.5,0,none,0.0
2035-04-03,M04,CNC,2.59,57.23,9.79,73.3,2922.8,normal,85.33,14.2,0.5,0,none,0.0
2035-04-04,M04,CNC,3.82,64.87,24.84,96.5,3839.9,peak,85.45,14.4,0.5,0,none,0.0
2035-04-05,M04,CNC,0.74,40.46,4.81,24.8,892.7,idle,85.78,11.1,0.5,0,none,0.0
2035-04-06,M04,CNC,2.6,60.21,11.71,65.8,2894.3,normal,86.0,17.3,0.5,0,none,0.0
2035-04-07,M04,CNC,2.8,52.42,9.58,74.7,3082.7,normal,86.37,13.3,0.5,0,none,0.0
2035-04-08,M04,CNC,2.65,61.74,13.87,70.9,3015.5,normal,86.48,11.8,0.5,0,none,0.0
2035-04-09,M04,CNC,3.86,61.82,21.36,98.4,3935.7,peak,86.87,11.4,0.5,0,none,0.0
2035-04-10,M04,CNC,3.04,55.18,11.93,98.4,2954.6,normal,87.05,9.5,0.5,0,none,0.0
2035-04-11,M04,CNC,0.86,48.61,4.74,24.1,856.0,idle,87.4,15.9,0.5,0,none,0.0
2035-04-12,M04,CNC,2.05,56.07,12.72,88.7,3091.2,normal,87.77,13.0,0.5,0,none,0.0
2035-04-13,M04,CNC,3.88,63.37,27.64,105.3,3917.9,peak,88.1,17.1,0.5,0,none,0.0
2035-04-14,M04,CNC,0.91,40.17,4.22,25.0,895.2,idle,88.57,16.2,0.5,0,none,0.0
2035-04-15,M04,CNC,2.31,57.51,15.38,76.0,2919.4,normal,89.02,10.3,0.5,0,none,0.0
2035-04-16,M04,CNC,1.97,54.41,15.86,68.6,2941.6,normal,89.15,8.3,0.5,0,none,0.0
2035-04-17,M04,CNC,2.5,63.26,13.43,78.4,2916.8,normal,89.52,11.3,0.5,0,none,0.0
2035-04-18,M04,CNC,1.84,63.96,15.67,88.1,3083.1,normal,89.58,17.6,0.5,0,none,0.0
2035-04-19,M04,CNC,0.94,46.85,5.27,23.6,859.4,idle,90.07,16.7,0.5,0,none,0.0
2035-04-20,M04,CNC,2.35,46.85,11.78,85.0,2828.0,normal,90.52,13.7,0.5,0,none,0.0
2035-04-21,M04,CNC,2.27,55.26,9.84,85.0,2857.9,normal,90.67,16.0,0.5,0,none,0.0
2035-04-22,M04,CNC,0.95,40.63,4.45,20.1,898.7,idle,90.78,14.5,0.5,0,none,0.0
2035-04-23,M04,CNC,2.67,59.67,11.93,59.9,3016.1,normal,90.93,15.2,0.5,0,none,0.0
2035-04-24,M04,CNC,2.94,52.08,12.66,61.5,2850.4,normal,91.05,14.1,0.5,0,none,0.0
2035-04-25,M04,CNC,2.83,58.07,10.91,63.8,3090.0,normal,91.37,15.4,0.5,0,none,0.0
2035-04-26,M04,CNC,0.95,48.8,4.69,23.7,876.4,idle,91.78,8.6,0.5,0,none,0.0
2035-04-27,M04,CNC,1.91,56.02,13.36,62.9,3054.4,normal,92.28,11.0,0.5,0,none,0.0
2035-04-28,M04,CNC,2.01,55.51,10.31,67.4,2811.9,normal,92.42,13.9,0.5,0,none,0.0
2035-04-29,M04,CNC,2.18,56.02,12.61,72.7,2882.4,normal,92.75,9.0,47.99,0,none,0.0
2035-04-30,M04,CNC,0.86,45.47,4.49,25.0,886.8,idle,93.25,11.2,47.49,0,none,0.0
2035-05-01,M04,CNC,2.28,64.85,15.1,89.3,2999.4,normal,93.62,12.8,47.12,0,none,0.0
2035-05-02,M04,CNC,2.35,55.05,13.94,89.3,2977.3,normal,93.88,10.0,46.85,0,none,0.0
2035-05-03,M04,CNC,3.06,56.01,12.3,86.4,3013.2,normal,94.2,14.0,46.54,0,none,0.0
2035-05-04,M04,CNC,3.2,62.82,12.59,72.2,3054.3,normal,94.38,13.8,46.35,0,none,0.0
2035-05-05,M04,CNC,3.69,63.89,22.76,102.7,3803.5,peak,94.87,15.2,45.87,0,none,0.0
2035-05-06,M04,CNC,0.93,42.84,4.7,24.8,876.1,idle,95.13,9.9,45.6,0,none,0.0
2035-05-07,M04,CNC,3.03,57.21,16.09,60.0,2786.5,normal,95.58,15.6,45.15,0,none,0.0
2035-05-08,M04,CNC,3.07,63.38,11.27,89.4,2924.1,normal,95.62,12.1,45.12,0,none,0.0
2035-05-09,M04,CNC,1.01,47.27,4.83,22.7,865.1,idle,95.78,9.8,44.95,0,none,0.0
2035-05-10,M04,CNC,0.88,46.97,4.17,21.6,855.9,idle,96.08,10.8,44.65,0,none,0.0
2035-05-11,M04,CNC,0.98,48.7,5.31,25.7,884.7,idle,96.45,16.7,44.29,0,none,0.0
2035-05-12,M04,CNC,1.01,45.94,4.42,22.4,872.3,idle,96.6,14.8,44.14,0,none,0.0
2035-05-13,M04,CNC,1.0,48.64,4.59,24.5,873.9,idle,96.9,12.4,43.84,0,none,0.0
2035-05-14,M04,CNC,2.09,62.0,16.01,84.0,2933.3,normal,97.33,12.9,43.4,0,none,0.0
2035-05-15,M04,CNC,2.4,54.8,13.05,80.6,2864.5,normal,97.53,13.1,43.2,0,none,0.0
2035-05-16,M04,CNC,0.79,53.02,5.45,23.8,845.9,idle,97.82,8.7,42.92,0,none,0.0
2035-05-17,M04,CNC,0.76,44.92,5.14,20.7,893.8,idle,98.07,8.9,42.67,0,none,0.0
2035-05-18,M04,CNC,1.04,47.9,4.91,24.3,899.0,idle,98.55,14.4,42.19,0,none,0.0
2035-05-19,M04,CNC,1.01,45.05,4.47,24.5,881.0,idle,98.87,9.9,41.87,0,none,0.0
2035-05-20,M04,CNC,0.77,49.55,5.44,21.3,893.3,idle,98.95,10.1,41.79,0,none,0.0
2035-05-21,M04,CNC,0.75,52.57,5.19,21.9,882.1,idle,99.25,15.7,41.49,0,none,0.0
2035-05-22,M04,CNC,0.97,54.3,4.81,24.1,873.2,idle,99.53,11.0,41.2,0,none,0.0
2035-05-23,M04,CNC,0.9,54.11,4.24,21.7,867.9,idle,99.88,14.7,40.85,0,none,0.0
2035-05-24,M04,CNC,0.78,54.44,5.27,22.9,886.2,idle,100.08,15.7,40.65,0,none,0.0
2035-05-25,M04,CNC,0.88,51.28,4.26,22.2,838.8,idle,100.53,9.6,40.2,0,none,0.0
2035-05-26,M04,CNC,0.96,50.76,4.75,22.8,842.6,idle,100.92,17.6,39.82,0,none,0.0
2035-05-27,M04,CNC,1.03,46.71,5.67,23.1,869.7,idle,101.2,15.9,39.54,0,none,0.0
2035-05-28,M04,CNC,0.83,56.16,4.75,23.5,894.0,idle,101.63,10.3,39.1,0,none,0.0
2035-05-29,M04,CNC,1.01,51.97,5.9,24.2,840.1,idle,101.8,16.6,38.94,0,none,0.0
2035-05-30,M04,CNC,0.87,50.08,4.87,24.6,865.2,idle,101.98,11.1,38.75,0,none,0.0
2035-05-31,M04,CNC,0.75,55.82,4.81,26.0,889.1,idle,102.4,15.5,38.34,0,none,0.0
2035-06-01,M04,CNC,1.04,55.35,4.69,23.2,838.8,idle,102.67,13.6,38.07,0,none,0.0
2035-06-02,M04,CNC,0.83,53.67,4.41,25.8,884.7,idle,103.1,15.6,37.64,0,none,0.0
2035-06-03,M04,CNC,0.86,52.88,5.12,25.3,868.5,idle,103.33,12.1,37.4,0,none,0.0
2035-06-04,M04,CNC,0.83,52.47,5.06,25.8,832.7,idle,103.7,17.7,37.04,0,none,0.0
2035-06-05,M04,CNC,2.07,71.52,16.79,85.1,2848.1,normal,104.13,16.2,36.6,0,none,0.0
2035-06-06,M04,CNC,2.92,66.86,10.91,74.6,2703.0,normal,104.27,15.2,36.47,0,none,0.0
2035-06-07,M04,CNC,0.86,57.86,4.9,25.6,835.8,idle,104.45,8.2,36.29,0,none,0.0
2035-06-08,M04,CNC,0.85,55.0,5.65,23.0,877.7,idle,104.7,11.3,36.04,0,none,0.0
2035-06-09,M04,CNC,0.76,58.18,4.73,25.3,844.4,idle,105.02,16.0,35.72,0,none,0.0
2035-06-10,M04,CNC,0.76,69.28,11.76,86.9,2760.2,normal,105.37,16.6,35.37,0,none,0.0
2035-06-11,M04,CNC,2.31,71.48,11.27,60.4,2833.8,normal,105.45,9.6,35.29,0,none,0.0
2035-06-12,M04,CNC,3.2,61.78,14.49,79.0,2932.7,normal,105.87,15.2,34.87,0,none,0.0
2035-06-13,M04,CNC,4.28,81.12,27.27,101.5,3672.9,peak,106.15,17.5,34.59,0,none,0.0
2035-06-14,M04,CNC,0.99,60.03,5.7,20.1,846.5,idle,106.58,14.9,34.15,0,none,0.0
2035-06-15,M04,CNC,2.9,70.74,15.86,73.2,2739.4,normal,106.98,10.8,33.75,0,none,0.0
2035-06-16,M04,CNC,3.4,71.09,12.38,64.2,2936.2,normal,107.33,8.6,33.4,0,none,0.0
2035-06-17,M04,CNC,3.32,66.76,10.94,53.8,2753.1,normal,107.38,10.8,33.35,0,none,0.0
2035-06-18,M04,CNC,2.93,69.6,15.31,79.3,2675.4,normal,107.6,10.8,33.14,0,none,0.0
2035-06-19,M04,CNC,2.13,66.44,11.84,54.9,2850.6,normal,107.88,15.5,32.85,0,none,0.0
2035-06-20,M04,CNC,4.22,81.98,29.52,105.0,3827.8,peak,108.08,15.3,32.65,0,none,0.0
2035-06-21,M04,CNC,2.4,76.43,12.1,60.1,2744.0,normal,108.55,9.5,32.19,0,none,0.0
2035-06-22,M04,CNC,3.49,76.49,16.63,75.9,2808.2,normal,108.73,13.6,32.0,0,none,0.0
2035-06-23,M04,CNC,3.48,72.29,17.76,64.0,2752.7,normal,109.0,13.7,31.74,0,none,0.0
2035-06-24,M04,CNC,1.06,53.68,6.17,23.0,867.1,idle,109.43,13.6,31.3,0,none,0.0
2035-06-25,M04,CNC,2.51,73.26,14.45,75.8,2793.0,normal,109.9,8.2,30.84,0,none,0.0
2035-06-26,M04,CNC,1.1,73.26,5.02,25.5,2793.0,idle,110.33,16.7,30.4,0,none,0.0
2035-06-27,M04,CNC,0.9,54.14,6.15,21.7,819.3,idle,110.73,11.1,30.0,0,none,0.0
2035-06-28,M04,CNC,3.45,75.56,12.02,81.2,2896.4,normal,111.22,15.7,29.52,0,none,0.0
2035-06-29,M04,CNC,0.81,62.03,5.58,24.0,832.3,idle,111.63,9.8,29.1,0,none,0.0
2035-06-30,M04,CNC,3.11,64.48,16.77,53.3,2760.7,normal,111.9,11.6,28.84,0,none,0.0
2035-07-01,M04,CNC,0.84,62.31,5.19,22.7,826.9,idle,112.03,15.0,28.7,0,none,0.0
2035-07-02,M04,CNC,3.23,71.41,17.0,54.8,2683.7,normal,112.2,17.3,28.54,0,none,0.0
2035-07-03,M04,CNC,2.88,78.48,11.62,53.6,2672.9,normal,112.3,12.1,28.44,0,none,0.0
2035-07-04,M04,CNC,1.0,58.43,11.62,20.4,810.3,idle,112.53,16.0,28.2,0,none,0.0
2035-07-05,M04,CNC,1.0,58.43,11.62,56.7,810.3,normal,113.0,17.1,27.74,0,none,0.0
2035-07-06,M04,CNC,2.57,75.7,15.12,60.5,2857.6,normal,113.3,13.7,27.44,0,none,0.0
2035-07-07,M04,CNC,4.35,79.76,27.99,98.9,3748.8,peak,113.35,16.7,27.39,0,none,0.0
2035-07-08,M04,CNC,0.89,63.62,5.08,20.1,812.3,idle,113.55,12.9,27.19,0,none,0.0
2035-07-09,M04,CNC,2.34,73.04,12.73,81.0,2682.6,normal,113.88,8.7,26.85,0,none,0.0
2035-07-10,M04,CNC,3.16,74.15,18.72,90.0,2857.9,normal,113.95,17.7,26.79,0,none,0.0
2035-07-11,M04,CNC,3.25,71.59,17.0,90.0,2617.1,normal,114.38,9.6,26.35,0,none,0.0
2035-07-12,M04,CNC,0.98,58.18,5.73,22.8,829.2,idle,114.68,8.9,26.05,0,none,0.0
2035-07-13,M04,CNC,2.93,80.6,15.51,84.2,2694.9,normal,114.95,17.9,25.79,0,none,0.0
2035-07-14,M04,CNC,2.75,73.57,13.44,66.4,2768.7,normal,115.38,14.8,25.35,0,none,0.0
2035-07-15,M04,CNC,2.99,76.4,14.06,64.0,2768.0,normal,115.85,12.5,24.89,0,none,0.0
2035-07-16,M04,CNC,3.8,79.52,22.04,96.1,3587.2,peak,116.35,9.5,24.39,0,none,0.0
2035-07-17,M04,CNC,2.1,71.04,16.49,54.3,2712.9,normal,116.55,14.5,24.19,0,none,0.0
2035-07-18,M04,CNC,3.54,79.38,13.79,87.1,2681.3,normal,116.75,15.8,23.99,1,motor_overheat,6542.0
2035-07-19,M04,CNC,2.19,82.79,18.26,69.7,2770.1,normal,117.25,13.7,23.49,1,motor_overheat,3052.0
2035-07-20,M04,CNC,1.04,60.07,5.19,22.8,842.8,idle,117.6,8.2,23.14,1,motor_overheat,4845.0
2035-07-21,M04,CNC,2.09,80.02,11.93,70.2,2757.1,normal,117.8,10.6,22.94,1,motor_overheat,4825.0
2035-07-22,M04,CNC,1.05,59.1,5.61,23.5,786.8,idle,118.13,11.3,22.6,1,motor_overheat,6749.0
2035-07-23,M04,CNC,0.86,65.43,5.81,21.0,816.0,idle,118.5,15.7,22.24,1,motor_overheat,7705.0
2035-07-24,M04,CNC,1.13,59.1,6.03,20.4,781.4,idle,118.72,15.1,22.02,1,motor_overheat,7725.0
2035-07-25,M04,CNC,2.34,75.36,17.92,62.7,2744.2,normal,118.82,9.5,21.92,1,motor_overheat,5527.0
2035-07-26,M04,CNC,2.77,87.17,15.64,82.3,2800.1,normal,118.93,13.3,21.8,1,motor_overheat,3323.0
2035-07-27,M04,CNC,3.49,74.5,17.91,60.1,2770.1,normal,119.37,11.5,21.37,1,motor_overheat,3567.0
2035-07-28,M04,CNC,1.14,59.7,5.7,23.9,823.7,idle,119.57,17.3,21.17,1,motor_overheat,4710.0
2035-07-29,M04,CNC,2.4,84.24,16.53,58.2,2569.7,normal,119.7,12.2,21.04,1,motor_overheat,5220.0
2035-07-30,M04,CNC,3.39,70.97,12.77,73.8,2728.5,normal,119.85,10.2,20.89,1,motor_overheat,5910.0
2035-07-31,M04,CNC,1.06,63.74,6.33,25.9,795.3,idle,119.88,17.0,20.85,1,motor_overheat,6601.0
2035-08-01,M04,CNC,1.06,69.14,6.33,24.1,792.0,idle,119.97,11.8,20.77,1,motor_overheat,6636.0
2035-08-02,M04,CNC,1.01,69.14,6.22,26.0,778.5,idle,120.45,15.4,20.29,1,motor_overheat,6116.0
2035-08-03,M04,CNC,0.84,61.03,6.29,20.8,816.0,idle,120.5,12.0,20.24,1,motor_overheat,4684.0
2035-08-04,M04,CNC,0.94,65.13,5.34,25.2,812.5,idle,120.93,16.1,19.8,1,motor_overheat,3760.0
2035-08-05,M04,CNC,1.15,66.4,5.18,21.0,837.9,idle,121.05,13.8,19.69,1,motor_overheat,7231.0
2035-08-06,M04,CNC,1.08,61.2,6.26,22.5,794.2,idle,121.13,10.1,19.6,1,motor_overheat,7006.0
2035-08-07,M04,CNC,0.89,69.41,5.08,22.5,793.0,idle,121.55,15.5,19.19,1,motor_overheat,5595.0
2035-08-08,M04,CNC,0.89,66.27,4.99,21.8,832.2,idle,121.8,17.9,18.94,1,motor_overheat,7152.0
2035-08-09,M04,CNC,0.93,64.95,5.86,23.4,823.7,idle,122.02,13.1,18.72,1,motor_overheat,6743.0
2035-08-10,M04,CNC,0.9,70.1,6.4,24.3,777.7,idle,122.05,16.0,18.69,1,motor_overheat,6279.0
2035-08-11,M04,CNC,0.84,67.67,6.6,23.5,784.4,idle,122.53,11.6,18.2,1,motor_overheat,5539.0
2035-08-12,M04,CNC,0.87,69.07,6.36,21.0,771.4,idle,123.0,17.5,17.74,1,motor_overheat,5463.0
2035-08-13,M04,CNC,2.82,80.92,17.66,82.8,2699.6,normal,123.15,8.8,17.59,1,motor_overheat,6192.0
2035-08-14,M04,CNC,2.82,69.37,6.89,25.4,823.0,idle,123.65,17.5,17.09,1,motor_overheat,5250.0
2035-08-15,M04,CNC,0.94,70.36,6.66,24.1,782.6,idle,124.07,11.2,16.67,1,motor_overheat,4152.0
2035-08-16,M04,CNC,1.19,67.71,5.3,20.7,806.3,idle,124.55,13.6,16.19,1,motor_overheat,4048.0
2035-08-17,M04,CNC,1.0,64.36,6.48,24.8,810.4,idle,124.85,15.0,15.89,1,motor_overheat,3319.0
2035-08-18,M04,CNC,0.91,70.35,5.1,21.8,789.7,idle,124.9,10.1,15.84,1,motor_overheat,5400.0
2035-08-19,M04,CNC,1.14,67.51,5.1,22.1,795.4,idle,125.12,16.2,15.62,1,motor_overheat,6434.0
2035-08-20,M04,CNC,1.18,73.11,5.1,21.1,774.0,idle,125.23,13.2,15.5,1,motor_overheat,4240.0
2035-08-21,M04,CNC,1.13,64.06,5.34,21.1,778.1,idle,125.65,14.7,15.09,1,motor_overheat,5990.0
2035-08-22,M04,CNC,2.33,79.76,14.42,71.4,2770.7,normal,126.15,15.9,14.59,1,motor_overheat,3245.0
2035-08-23,M04,CNC,0.9,68.3,6.92,25.3,785.2,idle,126.43,12.0,14.3,1,motor_overheat,6057.0
2035-08-24,M04,CNC,1.1,65.79,6.51,25.8,792.9,idle,126.9,11.2,13.84,1,motor_overheat,3211.0
2035-08-25,M04,CNC,1.03,66.93,6.37,23.5,799.5,idle,127.1,12.7,13.64,1,motor_overheat,4182.0
2035-08-26,M04,CNC,2.15,70.73,6.3,21.2,771.1,idle,127.35,11.8,13.39,1,motor_overheat,7902.0
2035-08-27,M04,CNC,2.67,70.73,17.36,84.1,2572.5,normal,127.77,9.6,12.97,1,motor_overheat,3122.0
2035-08-28,M04,CNC,1.18,73.14,5.94,20.6,772.4,idle,127.98,8.9,12.75,1,motor_overheat,3543.0
2035-08-29,M04,CNC,4.85,89.04,27.57,97.8,3595.8,peak,128.07,12.6,12.67,1,motor_overheat,6400.0
2035-08-30,M04,CNC,0.95,69.41,6.0,22.6,780.4,idle,128.55,12.4,12.19,1,motor_overheat,7941.0
2035-08-31,M04,CNC,3.08,88.66,19.31,82.3,2509.6,normal,129.0,11.1,11.74,1,motor_overheat,6846.0
2035-09-01,M04,CNC,4.72,86.85,25.15,109.2,3581.0,peak,129.5,9.3,11.24,1,motor_overheat,7423.0
2035-09-02,M04,CNC,4.48,95.0,35.0,104.2,3523.5,peak,129.72,14.7,11.02,1,motor_overheat,3789.0
2035-09-03,M04,CNC,4.48,80.65,13.88,80.9,2565.4,normal,130.0,16.3,10.74,1,motor_overheat,7679.0
2035-09-04,M04,CNC,2.46,81.99,15.52,88.7,2657.7,normal,130.13,13.1,10.6,1,motor_overheat,4168.0
2035-09-05,M04,CNC,1.06,77.07,7.02,23.1,806.2,idle,130.28,15.4,10.45,1,motor_overheat,6308.0
2035-09-06,M04,CNC,1.01,69.81,5.72,24.0,780.7,idle,130.47,9.1,10.27,1,motor_overheat,4853.0
2035-09-07,M04,CNC,3.36,87.92,12.7,54.0,2609.3,normal,130.63,14.6,10.1,1,motor_overheat,5692.0
2035-09-08,M04,CNC,4.15,95.0,31.03,103.8,3425.1,peak,131.03,14.7,9.7,1,motor_overheat,7259.0
2035-09-09,M04,CNC,3.35,90.58,21.13,83.9,2609.3,normal,131.33,16.8,9.4,1,motor_overheat,4078.0
2035-09-10,M04,CNC,2.57,88.51,20.63,60.0,2528.0,normal,131.53,14.6,9.2,1,motor_overheat,7746.0
2035-09-11,M04,CNC,4.13,95.0,29.28,95.9,3564.6,peak,131.95,8.3,8.79,1,motor_overheat,6154.0
2035-09-12,M04,CNC,3.22,83.83,15.61,63.0,2573.4,normal,132.32,10.0,8.42,1,motor_overheat,4492.0
2035-09-13,M04,CNC,2.83,87.11,19.33,77.6,2530.8,normal,132.35,8.3,8.39,1,motor_overheat,4948.0
2035-09-14,M04,CNC,3.17,91.57,13.23,55.0,2598.5,normal,132.47,8.1,8.27,1,motor_overheat,6938.0
2035-09-15,M04,CNC,1.11,71.29,6.83,23.9,800.3,idle,132.75,9.9,7.99,1,motor_overheat,7728.0
2035-09-16,M04,CNC,2.55,71.29,13.41,73.5,2592.6,normal,132.98,10.1,7.75,1,motor_overheat,5152.0
2035-09-17,M04,CNC,2.93,92.25,12.75,71.8,2502.0,normal,133.3,15.4,7.44,1,motor_overheat,7214.0
2035-09-18,M04,CNC,3.56,80.37,19.98,83.8,2661.3,normal,133.5,16.9,7.24,1,motor_overheat,5091.0
2035-09-19,M04,CNC,0.94,76.17,5.39,25.1,785.3,idle,133.7,12.9,7.04,1,motor_overheat,7496.0
2035-09-20,M04,CNC,1.08,77.37,5.56,23.2,758.2,idle,133.97,14.7,6.77,1,motor_overheat,5804.0
2035-09-21,M04,CNC,3.98,93.24,19.22,87.5,2525.9,normal,134.4,8.6,6.34,1,motor_overheat,5993.0
2035-09-22,M04,CNC,3.86,85.44,19.24,80.0,2438.0,normal,134.65,17.6,6.09,1,motor_overheat,4034.0
2035-09-23,M04,CNC,2.92,80.91,21.57,80.0,2574.0,normal,134.73,12.6,6.0,1,motor_overheat,3910.0
2035-09-24,M04,CNC,3.68,83.7,17.09,75.1,2473.5,normal,134.82,11.0,5.92,1,motor_overheat,5847.0
2035-09-25,M04,CNC,3.65,85.31,14.7,73.2,2537.0,normal,135.0,13.5,5.74,1,motor_overheat,3679.0
2035-09-26,M04,CNC,4.99,95.0,30.96,100.4,3377.0,peak,135.48,9.8,5.25,1,motor_overheat,7185.0
2035-09-27,M04,CNC,2.75,89.44,19.99,63.8,2474.2,normal,135.62,14.8,5.12,1,motor_overheat,3136.0
2035-09-28,M04,CNC,1.07,72.05,6.86,23.1,765.8,idle,135.75,11.5,4.99,1,motor_overheat,7922.0
2035-09-29,M04,CNC,2.82,95.0,13.74,85.0,2517.5,normal,136.18,16.6,4.55,1,motor_overheat,7301.0
2035-09-30,M04,CNC,2.82,79.01,13.74,85.0,2517.5,idle,136.23,11.6,4.5,1,motor_overheat,4887.0
2035-10-01,M04,CNC,4.12,92.28,33.27,104.9,3472.0,peak,136.63,13.3,4.1,1,motor_overheat,6067.0
2035-10-02,M04,CNC,3.58,91.98,19.79,73.8,2482.3,normal,136.75,9.7,3.99,1,motor_overheat,4853.0
2035-10-03,M04,CNC,5.02,90.74,29.7,73.8,3382.1,peak,137.22,15.2,3.52,1,motor_overheat,7430.0
2035-10-04,M04,CNC,5.02,83.68,18.85,88.7,2550.1,normal,137.57,10.0,3.17,1,motor_overheat,3400.0
2035-10-05,M04,CNC,3.22,87.63,15.36,52.8,2476.0,normal,137.8,17.0,2.94,1,motor_overheat,6450.0
2035-10-06,M04,CNC,3.12,86.19,13.89,79.3,2631.5,normal,138.3,11.2,2.44,1,motor_overheat,5457.0
2035-10-07,M04,CNC,4.0,92.52,13.58,80.2,2429.3,normal,138.33,15.1,2.4,1,motor_overheat,5552.0
2035-10-08,M04,CNC,4.81,95.0,13.58,109.3,3446.7,peak,138.47,14.1,2.27,1,motor_overheat,3547.0
2035-10-09,M04,CNC,1.17,76.0,7.45,109.3,782.7,idle,138.52,9.4,2.22,1,motor_overheat,6939.0
2035-10-10,M04,CNC,2.89,85.67,20.6,52.1,2608.9,normal,138.98,17.7,1.75,1,motor_overheat,4986.0
2035-10-11,M04,CNC,1.01,82.74,6.99,24.0,748.4,idle,139.22,14.5,1.52,1,motor_overheat,6203.0
2035-10-12,M04,CNC,2.43,95.0,14.75,66.2,2544.1,normal,139.55,16.3,1.19,1,motor_overheat,3577.0
2035-10-13,M04,CNC,4.64,95.0,27.01,96.8,3463.2,peak,139.7,10.8,1.04,1,motor_overheat,6288.0
2035-10-14,M04,CNC,0.92,84.08,5.99,20.7,759.5,idle,139.78,13.9,0.95,1,motor_overheat,4243.0
2035-10-15,M04,CNC,2.47,93.44,20.94,53.8,2591.7,normal,139.92,14.7,0.82,1,motor_overheat,5682.0
2035-10-16,M04,CNC,3.04,86.82,14.83,86.9,2415.2,normal,139.95,13.2,0.79,1,motor_overheat,7294.0
2035-10-17,M04,CNC,1.24,79.93,5.66,22.8,773.1,idle,140.03,14.0,0.7,1,motor_overheat,4902.0
2035-10-18,M04,CNC,3.66,92.1,21.09,56.6,2615.1,normal,140.42,16.2,0.5,1,motor_overheat,7433.0
2035-10-19,M04,CNC,0.95,47.08,5.23,23.3,897.3,idle,0.0,15.2,74.61,0,none,0.0
2035-10-20,M04,CNC,2.58,55.33,13.2,61.8,2932.1,normal,0.5,17.9,74.11,0,none,0.0
2035-10-21,M04,CNC,0.78,41.23,4.48,25.1,876.7,idle,0.73,10.6,73.88,0,none,0.0
2035-10-22,M04,CNC,2.85,52.63,12.26,56.4,2841.6,normal,1.1,13.8,73.51,0,none,0.0
2035-10-23,M04,CNC,0.89,46.07,4.32,22.9,910.4,idle,1.6,16.7,73.01,0,none,0.0
2035-10-24,M04,CNC,0.75,40.19,4.98,20.3,918.6,idle,1.88,10.2,72.73,0,none,0.0
2035-10-25,M04,CNC,2.65,57.06,12.29,73.8,2827.2,normal,1.97,15.3,72.64,0,none,0.0
2035-10-26,M04,CNC,0.98,46.26,4.28,73.8,859.3,idle,2.32,10.4,72.29,0,none,0.0
2035-10-27,M04,CNC,0.71,46.31,4.97,23.5,862.8,idle,2.8,16.4,71.81,0,none,0.0
2035-10-28,M04,CNC,2.64,50.85,13.46,73.0,2996.6,normal,3.05,14.4,71.56,0,none,0.0
2035-10-29,M04,CNC,0.97,48.5,5.47,25.9,904.1,idle,3.53,16.4,71.08,0,none,0.0
2035-10-30,M04,CNC,3.14,63.01,14.23,54.9,2814.7,normal,3.95,10.5,70.66,0,none,0.0
2035-10-31,M04,CNC,2.97,57.34,14.79,63.9,2919.3,normal,4.25,14.7,70.36,0,none,0.0
2035-11-01,M04,CNC,3.76,73.56,18.88,107.9,4037.9,peak,4.42,8.8,70.19,0,none,0.0
2035-11-02,M04,CNC,0.79,43.55,4.07,20.1,883.4,idle,4.5,12.9,70.11,0,none,0.0
2035-11-03,M04,CNC,1.93,52.91,15.0,73.7,2990.1,normal,4.83,13.9,69.78,0,none,0.0
2035-11-04,M04,CNC,2.06,62.43,15.14,71.9,3073.8,normal,5.22,18.0,69.39,0,none,0.0
2035-11-05,M04,CNC,0.95,47.31,5.1,20.6,869.0,idle,5.68,13.6,68.93,0,none,0.0
2035-11-06,M04,CNC,1.89,50.13,10.53,85.5,2872.0,normal,6.15,14.1,68.46,0,none,0.0
2035-11-07,M04,CNC,3.98,68.15,20.37,102.5,3865.7,peak,6.63,11.8,67.98,0,none,0.0
2035-11-08,M04,CNC,3.18,62.71,9.67,88.0,3016.3,normal,6.98,16.4,67.63,0,none,0.0
2035-11-09,M04,CNC,3.27,69.4,24.47,98.3,4027.5,peak,7.35,13.8,67.26,0,none,0.0
2035-11-10,M04,CNC,3.27,66.32,18.1,109.5,4025.5,peak,7.43,10.4,67.18,0,none,0.0
2035-11-11,M04,CNC,1.76,43.42,4.24,24.6,854.1,idle,7.77,17.0,66.84,0,none,0.0
2035-11-12,M04,CNC,0.95,49.42,5.01,21.3,875.2,idle,8.02,15.2,66.59,0,none,0.0
2035-11-13,M04,CNC,2.47,59.07,13.85,73.1,2905.4,normal,8.07,15.9,66.54,0,none,0.0
2035-11-14,M04,CNC,3.05,51.22,12.53,81.5,2818.3,normal,8.55,16.6,66.06,0,none,0.0
2035-11-15,M04,CNC,3.76,71.94,24.61,95.2,3854.0,peak,8.6,16.1,66.01,0,none,0.0
2035-11-16,M04,CNC,0.8,42.34,5.44,23.9,870.8,idle,8.97,12.3,65.64,0,none,0.0
2035-11-17,M04,CNC,3.1,61.11,11.35,66.4,2859.8,normal,9.0,9.8,65.61,0,none,0.0
2035-11-18,M04,CNC,3.98,66.79,26.96,100.2,4058.2,peak,9.37,9.0,65.24,0,none,0.0
2035-11-19,M04,CNC,3.98,49.82,5.37,100.2,904.2,idle,9.62,15.3,64.99,0,none,0.0
2035-11-20,M04,CNC,0.93,49.01,4.46,22.8,910.5,idle,10.1,11.6,64.51,0,none,0.0
2035-11-21,M04,CNC,2.89,55.9,15.0,53.8,3034.6,normal,10.48,17.7,64.13,0,none,0.0
2035-11-22,M04,CNC,2.09,54.29,12.71,69.1,2956.2,normal,10.63,15.8,63.98,0,none,0.0
2035-11-23,M04,CNC,2.56,54.97,10.64,81.2,2920.0,normal,10.83,17.9,63.78,0,none,0.0
2035-11-24,M04,CNC,0.85,46.45,5.36,24.2,853.2,idle,11.0,9.6,63.61,0,none,0.0
2035-11-25,M04,CNC,0.95,49.89,4.71,25.8,888.3,idle,11.32,13.5,63.29,0,none,0.0
2035-11-26,M04,CNC,0.84,43.31,4.99,21.4,857.4,idle,11.52,15.5,63.09,0,none,0.0
2035-11-27,M04,CNC,0.71,42.92,4.59,23.3,870.5,idle,11.95,16.4,62.66,0,none,0.0
2035-11-28,M04,CNC,3.18,54.38,12.37,55.9,2878.2,normal,12.43,11.5,62.18,0,none,0.0
2035-11-29,M04,CNC,0.71,45.6,5.13,21.2,875.8,idle,12.75,16.4,61.86,0,none,0.0
2035-11-30,M04,CNC,1.82,62.59,14.57,54.4,2909.5,normal,12.9,11.1,61.71,0,none,0.0
2035-12-01,M04,CNC,3.14,55.88,12.92,65.5,2978.8,normal,13.32,12.1,61.29,0,none,0.0
2035-12-02,M04,CNC,3.14,64.96,14.54,67.4,2948.3,normal,13.67,9.9,60.94,0,none,0.0
2035-12-03,M04,CNC,2.3,64.78,14.1,69.1,2803.6,normal,13.9,16.6,60.71,0,none,0.0
2035-12-04,M04,CNC,2.53,64.76,12.9,58.9,2806.6,normal,14.18,16.1,60.43,0,none,0.0
2035-12-05,M04,CNC,2.3,63.77,15.98,87.9,3018.8,normal,14.68,9.6,59.93,0,none,0.0
2035-12-06,M04,CNC,2.58,58.86,15.98,78.9,2925.7,normal,14.8,9.1,59.81,0,none,0.0
2035-12-07,M04,CNC,2.58,51.82,11.23,83.8,3071.1,normal,15.13,13.1,59.48,0,none,0.0
2035-12-08,M04,CNC,2.55,50.47,15.53,78.7,2924.2,normal,15.5,15.6,59.11,0,none,0.0
2035-12-09,M04,CNC,2.64,56.45,12.52,85.7,2848.3,normal,15.82,14.2,58.79,0,none,0.0
2035-12-10,M04,CNC,0.73,40.03,4.47,20.9,865.4,idle,15.88,8.9,58.73,0,none,0.0
2035-12-11,M04,CNC,1.82,53.41,11.66,53.2,2982.4,normal,16.23,14.6,58.38,0,none,0.0
2035-12-12,M04,CNC,0.87,40.97,4.89,26.0,916.1,idle,16.72,15.2,57.89,0,none,0.0
2035-12-13,M04,CNC,0.7,47.95,4.53,20.4,870.7,idle,17.03,9.3,57.58,0,none,0.0
2035-12-14,M04,CNC,0.8,45.23,4.99,24.5,867.2,idle,17.27,17.6,57.34,0,none,0.0
2035-12-15,M04,CNC,2.25,54.63,11.86,90.0,3033.4,normal,17.73,16.0,56.88,0,none,0.0
2035-12-16,M04,CNC,0.99,46.93,4.61,22.3,884.2,idle,18.08,8.8,56.53,0,none,0.0
2035-12-17,M04,CNC,0.83,63.56,4.7,21.8,904.2,idle,18.23,8.4,56.38,0,none,0.0
2035-12-18,M04,CNC,0.96,44.2,5.0,20.4,887.1,idle,18.55,17.9,56.06,0,none,0.0
2035-12-19,M04,CNC,0.71,40.29,4.92,21.8,902.0,idle,18.58,16.3,56.03,0,none,0.0
2035-12-20,M04,CNC,0.97,41.39,5.09,23.1,857.9,idle,18.73,10.3,55.88,0,none,0.0
2035-12-21,M04,CNC,0.9,46.09,4.77,25.6,886.5,idle,19.1,9.5,55.51,0,none,0.0
2035-12-22,M04,CNC,1.0,45.09,4.17,22.8,862.8,idle,19.28,8.2,55.33,0,none,0.0
2035-12-23,M04,CNC,0.88,46.93,4.7,20.6,882.8,idle,19.63,12.4,54.98,0,none,0.0
2035-12-24,M04,CNC,0.72,46.82,5.19,25.8,860.4,idle,19.95,13.7,54.66,0,none,0.0
2035-12-25,M04,CNC,0.86,45.68,5.38,23.8,860.2,idle,20.2,13.2,54.41,0,none,0.0
2035-12-26,M04,CNC,0.83,46.55,5.05,25.2,862.6,idle,20.43,16.9,54.18,0,none,0.0
2035-12-27,M04,CNC,0.99,40.59,5.48,25.1,896.2,idle,20.67,15.1,53.94,0,none,0.0
2035-12-28,M04,CNC,0.92,40.73,4.06,25.1,856.1,idle,20.88,10.6,53.73,0,none,0.0
2035-12-29,M04,CNC,0.86,42.15,5.29,22.7,898.7,idle,21.1,17.3,53.51,0,none,0.0
2035-12-30,M04,CNC,0.9,43.2,4.36,22.1,905.8,idle,21.25,11.6,53.36,0,none,0.0
2035-12-31,M04,CNC,0.88,42.54,5.23,20.3,898.9,idle,21.65,16.6,52.96,0,none,0.0
2036-01-01,M04,CNC,0.83,47.31,5.39,24.5,880.9,idle,22.05,13.4,52.56,0,none,0.0
2036-01-02,M04,CNC,0.75,48.06,4.69,20.4,900.3,idle,22.15,17.2,52.46,0,none,0.0
2036-01-03,M04,CNC,0.79,40.49,5.35,22.9,900.3,idle,22.45,13.4,52.16,0,none,0.0
2036-01-04,M04,CNC,0.91,48.86,4.0,24.1,903.7,idle,22.53,14.0,52.08,0,none,0.0
2036-01-05,M04,CNC,0.76,44.9,4.13,24.5,909.3,idle,22.95,15.0,51.66,0,none,0.0
2036-01-06,M04,CNC,0.73,48.16,5.16,22.1,898.3,idle,23.27,10.2,51.34,0,none,0.0
2036-01-07,M04,CNC,0.7,49.32,4.83,23.7,896.5,idle,23.43,8.5,51.18,0,none,0.0
2036-01-08,M04,CNC,0.87,48.57,4.91,25.4,890.8,idle,23.78,13.9,50.83,0,none,0.0
2036-01-09,M04,CNC,3.34,73.53,24.82,105.5,4095.6,peak,23.85,9.7,50.76,0,none,0.0
2036-01-10,M04,CNC,1.91,56.43,11.05,76.0,3042.0,normal,24.17,14.5,50.44,0,none,0.0
2036-01-11,M04,CNC,3.15,56.82,14.61,86.8,3005.0,normal,24.67,16.7,49.94,0,none,0.0
2036-01-12,M04,CNC,2.14,59.12,15.8,89.5,2992.7,normal,24.77,11.5,49.84,0,none,0.0
2036-01-13,M04,CNC,3.04,53.01,11.1,88.2,2840.6,normal,25.18,10.5,49.43,0,none,0.0
2036-01-14,M04,CNC,0.76,44.21,4.88,23.6,870.4,idle,25.68,15.1,48.93,0,none,0.0
2036-01-15,M04,CNC,3.09,63.73,12.05,68.5,3010.8,normal,25.97,15.6,48.64,0,none,0.0
2036-01-16,M04,CNC,3.73,64.5,22.14,100.2,3870.6,peak,26.07,10.2,48.54,0,none,0.0
2036-01-17,M04,CNC,2.44,60.3,14.32,81.6,2912.4,normal,26.33,15.0,48.28,0,none,0.0
2036-01-18,M04,CNC,2.87,50.1,12.6,82.2,2989.0,normal,26.52,13.7,48.09,0,none,0.0
2036-01-19,M04,CNC,2.46,59.67,15.4,73.5,3039.9,normal,27.02,12.1,47.59,0,none,0.0
2036-01-20,M04,CNC,3.17,60.58,13.23,53.4,2912.3,normal,27.45,14.8,47.16,0,none,0.0
2036-01-21,M04,CNC,0.87,47.97,4.66,25.8,869.0,idle,27.65,17.7,46.96,0,none,0.0
2036-01-22,M04,CNC,0.92,44.19,4.73,25.8,870.7,idle,27.7,11.6,46.91,0,none,0.0
2036-01-23,M04,CNC,0.73,45.2,4.79,24.8,870.7,idle,27.78,8.7,46.83,0,none,0.0
2036-01-24,M04,CNC,1.88,58.88,13.93,89.5,3082.8,normal,27.85,15.3,46.76,0,none,0.0
2036-01-25,M04,CNC,2.8,57.83,10.55,66.6,2975.5,normal,28.27,17.8,46.34,0,none,0.0
2036-01-26,M04,CNC,0.92,46.35,5.07,66.6,900.9,idle,28.7,9.8,45.91,0,none,0.0
2036-01-27,M04,CNC,2.0,52.44,10.56,85.8,2822.8,normal,28.82,17.3,45.79,0,none,0.0
2036-01-28,M04,CNC,2.92,53.5,12.54,86.8,2975.8,normal,29.23,8.9,45.38,0,none,0.0
2036-01-29,M04,CNC,2.09,54.26,15.48,68.2,2976.1,normal,29.47,17.5,45.14,0,none,0.0
2036-01-30,M04,CNC,0.84,43.78,4.33,24.1,900.3,idle,29.7,11.8,44.91,0,none,0.0
2036-01-31,M04,CNC,2.18,61.84,15.05,87.0,2848.4,normal,29.98,11.4,44.63,0,none,0.0
2036-02-01,M04,CNC,2.23,62.93,10.79,52.1,3061.1,normal,30.07,9.8,47.95,0,none,0.0
2036-02-02,M04,CNC,0.81,44.23,4.68,25.1,873.4,idle,30.32,13.0,47.7,0,none,0.0
2036-02-03,M04,CNC,3.09,59.38,12.95,64.4,2871.9,normal,30.43,10.0,47.58,0,none,0.0
2036-02-04,M04,CNC,3.77,65.8,27.18,102.4,3950.9,peak,30.65,14.3,47.37,0,none,0.0
2036-02-05,M04,CNC,2.44,62.1,12.3,62.2,3056.0,normal,30.85,8.9,47.17,0,none,0.0
2036-02-06,M04,CNC,2.72,59.18,13.53,79.3,2890.9,normal,31.02,14.1,47.0,0,none,0.0
2036-02-07,M04,CNC,1.93,62.57,10.4,79.4,2820.8,normal,31.33,11.7,46.68,0,none,0.0
2036-02-08,M04,CNC,2.43,51.4,12.97,76.8,2847.2,normal,31.45,17.9,46.57,0,none,0.0
2036-02-09,M04,CNC,2.43,64.41,12.46,82.5,3073.5,normal,31.48,11.8,46.53,0,none,0.0
2036-02-10,M04,CNC,1.04,49.45,4.51,25.8,905.5,idle,31.52,13.7,46.5,0,none,0.0
2036-02-11,M04,CNC,1.04,40.69,5.47,24.7,902.1,idle,31.73,17.6,46.28,0,none,0.0
2036-02-12,M04,CNC,2.02,54.07,15.87,71.0,2913.7,normal,31.87,13.0,46.15,0,none,0.0
2036-02-13,M04,CNC,3.18,51.99,12.32,66.3,2898.4,normal,32.18,11.5,45.83,0,none,0.0
2036-02-14,M04,CNC,0.86,42.93,4.31,23.8,911.8,idle,32.67,9.5,45.35,0,none,0.0
2036-02-15,M04,CNC,2.73,55.37,10.66,83.5,3082.2,normal,32.88,16.9,45.13,0,none,0.0
2036-02-16,M04,CNC,0.88,43.93,4.97,24.6,878.9,idle,33.28,15.7,44.73,0,none,0.0
2036-02-17,M04,CNC,0.88,61.86,15.97,58.3,3087.7,normal,33.58,16.2,44.43,0,none,0.0
2036-02-18,M04,CNC,2.61,61.97,13.42,70.5,2998.1,normal,33.62,17.4,44.4,0,none,0.0
2036-02-19,M04,CNC,3.97,61.42,23.28,102.8,3844.1,peak,34.12,17.4,43.9,0,none,0.0
2036-02-20,M04,CNC,4.51,63.29,22.51,97.3,3942.0,peak,34.57,17.4,43.45,0,none,0.0
2036-02-21,M04,CNC,2.55,63.29,11.17,54.0,3019.1,normal,34.65,9.8,43.37,0,none,0.0
2036-02-22,M04,CNC,3.12,56.65,10.01,84.9,2836.3,normal,34.95,9.0,43.07,0,none,0.0
2036-02-23,M04,CNC,3.59,58.76,11.96,80.2,3046.9,normal,35.08,18.0,42.93,0,none,0.0
2036-02-24,M04,CNC,4.08,66.57,22.82,108.8,3985.8,peak,35.28,17.3,42.73,0,none,0.0
2036-02-25,M04,CNC,0.9,43.59,4.45,21.6,861.1,idle,35.6,15.8,42.42,0,none,0.0
2036-02-26,M04,CNC,1.06,42.93,4.69,21.6,865.2,idle,35.68,8.7,42.33,0,none,0.0
2036-02-27,M04,CNC,2.23,53.05,10.57,83.8,2979.2,normal,35.83,10.4,42.18,0,none,0.0
2036-02-28,M04,CNC,2.26,57.83,11.61,74.0,2937.5,normal,36.3,15.9,41.72,0,none,0.0
2036-02-29,M04,CNC,2.96,56.7,10.67,80.2,3043.8,normal,36.35,17.2,41.67,0,none,0.0
2036-03-01,M04,CNC,1.18,42.66,5.25,24.4,910.0,idle,36.63,17.1,41.38,0,none,0.0
2036-03-02,M04,CNC,0.95,49.61,4.2,23.8,868.2,idle,37.03,13.9,40.98,0,none,0.0
2036-03-03,M04,CNC,3.55,65.29,12.24,72.0,2813.1,normal,37.52,14.6,40.5,0,none,0.0
2036-03-04,M04,CNC,4.38,66.54,20.47,108.4,2813.1,peak,37.72,13.6,40.3,0,none,0.0
2036-03-05,M04,CNC,3.37,65.88,15.95,82.1,2828.8,normal,38.12,11.9,39.9,0,none,0.0
2036-03-06,M04,CNC,3.71,56.78,16.04,79.0,3009.0,normal,38.43,10.8,39.58,0,none,0.0
2036-03-07,M04,CNC,3.71,56.78,15.37,79.0,2783.7,normal,38.53,10.0,39.48,0,none,0.0
2036-03-08,M04,CNC,3.97,53.43,13.99,78.3,2806.0,normal,38.9,12.4,39.12,0,none,0.0
2036-03-09,M04,CNC,2.39,64.57,12.45,56.1,3000.6,normal,38.97,12.9,39.05,0,none,0.0
2036-03-10,M04,CNC,2.39,61.67,10.95,52.6,2981.6,normal,39.17,14.1,38.85,0,none,0.0
2036-03-11,M04,CNC,3.32,62.68,15.37,68.5,2809.8,normal,39.35,15.9,38.67,0,none,0.0
2036-03-12,M04,CNC,1.27,48.42,15.37,25.6,906.1,idle,39.53,15.0,38.48,0,none,0.0
2036-03-13,M04,CNC,1.14,46.05,5.72,24.1,869.6,idle,39.83,9.9,38.18,0,none,0.0
2036-03-14,M04,CNC,1.14,47.25,5.55,24.1,898.3,idle,39.9,13.9,38.12,0,none,0.0
2036-03-15,M04,CNC,1.26,51.48,5.3,25.1,867.6,idle,40.4,9.7,37.62,0,none,0.0
2036-03-16,M04,CNC,0.97,51.73,4.96,20.8,848.6,idle,40.6,13.3,37.42,0,none,0.0
2036-03-17,M04,CNC,2.69,64.58,14.75,59.8,3020.3,normal,40.65,11.8,37.37,0,none,0.0
2036-03-18,M04,CNC,2.93,65.28,13.25,79.8,2881.5,normal,40.87,8.5,37.15,0,none,0.0
2036-03-19,M04,CNC,1.08,51.95,4.24,25.9,884.8,idle,41.33,12.3,36.68,0,none,0.0
2036-03-20,M04,CNC,1.13,49.91,4.38,23.1,907.8,idle,41.63,9.8,36.38,0,none,0.0
2036-03-21,M04,CNC,1.05,50.92,4.88,23.9,853.7,idle,41.85,8.4,36.17,0,none,0.0
2036-03-22,M04,CNC,1.15,53.54,4.5,23.8,879.2,idle,41.98,17.5,36.03,0,none,0.0
2036-03-23,M04,CNC,1.21,50.05,5.0,20.1,901.2,idle,42.48,11.2,35.53,0,none,0.0
2036-03-24,M04,CNC,1.33,45.76,4.87,24.6,906.3,idle,42.88,10.1,35.13,0,none,0.0
2036-03-25,M04,CNC,1.4,45.76,4.47,25.5,898.9,idle,43.25,8.5,34.77,0,none,0.0
2036-03-26,M04,CNC,1.15,48.16,4.95,23.9,856.1,idle,43.48,14.9,34.53,0,none,0.0
2036-03-27,M04,CNC,1.01,45.68,4.93,21.7,890.7,idle,43.67,10.4,34.35,0,none,0.0
2036-03-28,M04,CNC,6.13,68.17,16.22,86.5,2977.4,normal,44.13,11.3,33.88,0,none,0.0
2036-03-29,M04,CNC,2.82,61.02,10.96,89.5,2856.9,normal,44.25,16.3,33.77,0,none,0.0
2036-03-30,M04,CNC,3.8,66.21,16.41,80.7,2957.2,normal,44.47,12.0,33.55,0,none,0.0
2036-03-31,M04,CNC,1.22,50.6,4.39,25.3,874.6,idle,44.57,10.5,33.45,0,none,0.0
2036-04-01,M04,CNC,1.04,53.87,5.02,25.2,895.8,idle,44.95,17.2,33.07,0,none,0.0
2036-04-02,M04,CNC,1.39,45.4,4.65,25.2,898.4,idle,45.33,16.6,32.68,0,none,0.0
2036-04-03,M04,CNC,1.25,49.3,4.54,25.8,850.8,idle,45.7,17.4,32.32,0,none,0.0
2036-04-04,M04,CNC,1.14,51.63,4.65,25.6,836.5,idle,46.07,10.7,31.95,0,none,0.0
2036-04-05,M04,CNC,1.06,50.19,5.05,21.0,869.5,idle,46.47,16.2,31.55,0,none,0.0
2036-04-06,M04,CNC,1.25,54.11,4.29,25.9,878.2,idle,46.7,17.0,31.32,0,none,0.0
2036-04-07,M04,CNC,1.15,45.83,5.15,21.4,855.5,idle,47.17,10.5,30.85,0,none,0.0
2036-04-08,M04,CNC,1.18,51.87,5.18,20.5,871.0,idle,47.2,12.0,30.82,0,none,0.0
2036-04-09,M04,CNC,1.46,46.3,5.72,23.5,899.8,idle,47.6,9.3,30.42,0,none,0.0
2036-04-10,M04,CNC,3.14,70.52,5.72,73.6,2899.2,normal,48.0,14.4,30.02,0,none,0.0
2036-04-11,M04,CNC,2.86,70.52,14.72,55.5,2753.5,normal,48.08,15.9,29.93,0,none,0.0
2036-04-12,M04,CNC,2.93,64.81,14.51,71.0,2837.4,normal,48.15,11.3,29.87,0,none,0.0
2036-04-13,M04,CNC,4.01,63.54,10.37,62.7,2761.6,normal,48.57,14.8,29.45,0,none,0.0
2036-04-14,M04,CNC,4.87,66.8,17.23,63.5,3003.1,normal,48.97,13.4,29.05,0,none,0.0
2036-04-15,M04,CNC,1.41,50.51,4.68,24.4,895.1,idle,49.15,10.6,28.87,0,none,0.0
2036-04-16,M04,CNC,3.43,58.74,15.17,89.1,2963.3,normal,49.58,16.2,28.43,0,none,0.0
2036-04-17,M04,CNC,3.58,62.57,13.0,84.4,2968.0,normal,50.08,8.9,27.93,0,none,0.0
2036-04-18,M04,CNC,4.3,60.54,16.94,76.8,3025.0,normal,50.57,9.3,27.45,0,none,0.0
2036-04-19,M04,CNC,4.29,68.76,16.06,64.8,3022.9,normal,50.62,9.1,27.4,0,none,0.0
2036-04-20,M04,CNC,3.02,68.01,17.14,64.9,2929.7,normal,50.77,11.9,27.25,0,none,0.0
2036-04-21,M04,CNC,1.44,54.12,5.76,23.6,887.4,idle,50.83,16.1,27.18,0,none,0.0
2036-04-22,M04,CNC,3.71,59.98,13.37,77.8,2793.8,normal,50.98,11.7,27.03,0,none,0.0
2036-04-23,M04,CNC,4.59,62.59,15.98,53.4,2933.6,normal,51.4,14.0,26.62,0,none,0.0
2036-04-24,M04,CNC,1.49,56.11,5.52,53.4,892.9,idle,51.45,13.0,26.57,0,none,0.0
2036-04-25,M04,CNC,1.51,56.11,5.78,24.5,859.9,idle,51.58,15.2,26.43,0,none,0.0
2036-04-26,M04,CNC,4.67,69.77,17.27,88.2,2832.4,normal,51.63,17.5,26.38,0,none,0.0
2036-04-27,M04,CNC,1.4,47.92,4.77,25.3,855.4,idle,51.83,10.5,26.18,0,none,0.0
2036-04-28,M04,CNC,4.5,66.84,15.91,59.0,2825.4,normal,51.95,10.0,26.07,0,none,0.0
2036-04-29,M04,CNC,4.12,62.44,17.37,83.7,2875.5,normal,52.32,11.8,25.7,0,none,0.0
2036-04-30,M04,CNC,5.16,62.24,15.98,60.5,2960.7,normal,52.5,10.3,25.52,0,none,0.0
2036-05-01,M04,CNC,4.18,58.75,12.35,67.3,2952.8,normal,52.87,14.6,25.15,0,none,0.0
2036-05-02,M04,CNC,3.27,67.11,15.51,76.8,2955.3,normal,53.13,12.4,24.88,0,none,0.0
2036-05-03,M04,CNC,3.27,66.18,17.15,75.2,2910.1,normal,53.6,13.3,24.42,0,none,0.0
2036-05-04,M04,CNC,4.94,62.47,15.45,86.8,2733.5,normal,53.92,13.5,24.1,0,none,0.0
2036-05-05,M04,CNC,5.29,60.81,13.71,84.4,2970.7,normal,54.12,14.8,23.9,1,bearing,4179.0
2036-05-06,M04,CNC,5.38,71.73,13.67,76.9,2843.0,normal,54.42,14.2,23.6,1,bearing,3195.0
2036-05-07,M04,CNC,6.18,73.09,28.06,102.5,3939.7,peak,54.83,11.7,23.18,1,bearing,3087.0
2036-05-08,M04,CNC,5.09,58.22,15.03,68.6,2859.5,normal,55.33,10.3,22.68,1,bearing,4061.0
2036-05-09,M04,CNC,5.29,66.13,16.87,79.1,2887.5,normal,55.37,16.1,22.65,1,bearing,4822.0
2036-05-10,M04,CNC,1.67,48.33,4.47,20.5,857.3,idle,55.45,15.6,22.57,1,bearing,2644.0
2036-05-11,M04,CNC,3.84,72.81,14.42,77.2,2806.3,normal,55.78,8.2,22.23,1,bearing,4451.0
2036-05-12,M04,CNC,4.09,63.19,15.57,70.0,2875.0,normal,56.12,10.8,21.9,1,bearing,4084.0
2036-05-13,M04,CNC,6.69,79.31,20.98,106.7,3860.0,peak,56.38,10.4,21.63,1,bearing,4509.0
2036-05-14,M04,CNC,5.03,63.26,13.51,60.8,3007.7,normal,56.73,17.8,21.28,1,bearing,4363.0
2036-05-15,M04,CNC,6.64,83.37,25.48,98.3,3841.1,peak,57.02,9.5,21.0,1,bearing,4697.0
2036-05-16,M04,CNC,3.46,72.16,16.52,79.6,2897.5,normal,57.52,9.4,20.5,1,bearing,3214.0
2036-05-17,M04,CNC,6.83,83.61,23.18,106.7,3859.6,peak,57.75,16.8,20.27,1,bearing,4007.0
2036-05-18,M04,CNC,5.96,71.22,17.87,74.4,2777.5,normal,58.17,16.1,19.85,1,bearing,3089.0
2036-05-19,M04,CNC,4.72,69.48,16.24,52.0,2864.8,normal,58.22,15.1,19.8,1,bearing,4717.0
2036-05-20,M04,CNC,4.72,72.08,11.74,77.3,2793.8,normal,58.7,12.0,19.32,1,bearing,3945.0
2036-05-21,M04,CNC,6.63,82.99,22.85,96.4,3706.1,peak,58.83,12.2,19.18,1,bearing,4211.0
2036-05-22,M04,CNC,1.62,55.51,22.85,24.1,828.4,idle,59.1,12.4,18.92,1,bearing,4091.0
2036-05-23,M04,CNC,5.75,71.42,17.86,87.6,2818.0,normal,59.37,11.3,18.65,1,bearing,4133.0
2036-05-24,M04,CNC,1.57,56.66,4.72,21.9,832.0,idle,59.47,10.1,18.55,1,bearing,3388.0
2036-05-25,M04,CNC,4.72,67.61,12.22,53.0,2922.0,normal,59.87,9.9,18.15,1,bearing,3988.0
2036-05-26,M04,CNC,3.57,74.08,12.32,77.2,2837.8,normal,60.37,16.6,17.65,1,bearing,4172.0
2036-05-27,M04,CNC,3.68,66.63,14.5,77.2,2923.6,normal,60.58,10.1,17.43,1,bearing,3078.0
2036-05-28,M04,CNC,3.75,62.78,13.01,56.4,2842.7,normal,60.87,14.5,17.15,1,bearing,3730.0
2036-05-29,M04,CNC,1.98,54.95,5.78,24.1,879.8,idle,61.37,15.7,16.65,1,bearing,4188.0
2036-05-30,M04,CNC,4.16,71.12,17.22,58.5,2809.1,normal,61.42,11.4,16.6,1,bearing,3141.0
2036-05-31,M04,CNC,6.3,71.64,12.84,73.4,2824.6,normal,61.8,13.2,16.22,1,bearing,3238.0
2036-06-01,M04,CNC,4.98,65.35,12.83,77.6,2932.3,normal,62.07,10.1,15.95,1,bearing,4824.0
2036-06-02,M04,CNC,6.08,62.46,16.86,61.7,2829.3,normal,62.45,17.8,15.57,1,bearing,4807.0
2036-06-03,M04,CNC,6.2,67.09,12.26,58.1,2841.2,normal,62.88,12.0,15.13,1,bearing,3310.0
2036-06-04,M04,CNC,5.83,75.26,16.63,85.3,2920.5,normal,62.98,12.7,15.03,1,bearing,3034.0
2036-06-05,M04,CNC,8.01,69.74,31.1,101.0,3934.7,peak,63.42,11.2,14.6,1,bearing,4673.0
2036-06-06,M04,CNC,3.93,71.3,16.29,89.9,2923.9,normal,63.83,8.4,14.18,1,bearing,2897.0
2036-06-07,M04,CNC,1.68,56.28,5.2,21.2,836.4,idle,64.28,8.2,13.73,1,bearing,2716.0
2036-06-08,M04,CNC,4.38,69.0,17.6,86.7,2715.3,normal,64.48,11.1,13.53,1,bearing,3961.0
2036-06-09,M04,CNC,1.5,53.26,5.01,20.6,845.6,idle,64.62,17.6,13.4,1,bearing,3759.0
2036-06-10,M04,CNC,1.84,56.74,5.52,22.0,866.6,idle,65.08,14.2,12.93,1,bearing,3792.0
2036-06-11,M04,CNC,6.23,66.25,11.54,63.3,2736.4,normal,65.42,12.5,12.6,1,bearing,3886.0
2036-06-12,M04,CNC,1.78,52.75,5.39,21.3,868.1,idle,65.82,11.0,12.2,1,bearing,4801.0
2036-06-13,M04,CNC,3.91,69.54,12.19,52.0,2946.3,normal,65.93,9.5,12.08,1,bearing,4200.0
2036-06-14,M04,CNC,1.91,52.24,5.75,23.7,850.0,idle,66.02,14.2,12.0,1,bearing,3148.0
2036-06-15,M04,CNC,1.77,60.22,5.03,22.4,840.0,idle,66.33,12.7,11.68,1,bearing,3651.0
2036-06-16,M04,CNC,1.77,60.63,6.08,24.8,883.9,idle,66.73,10.5,11.28,1,bearing,2964.0
2036-06-17,M04,CNC,6.0,72.86,18.35,24.8,2874.7,normal,67.12,17.1,10.9,1,bearing,2897.0
2036-06-18,M04,CNC,2.0,60.91,6.16,25.1,880.4,idle,67.55,16.8,10.47,1,bearing,4436.0
2036-06-19,M04,CNC,1.87,51.87,4.65,23.3,845.8,idle,67.78,15.7,10.23,1,bearing,4900.0
2036-06-20,M04,CNC,5.33,67.94,17.93,65.7,2935.3,normal,68.18,11.6,9.83,1,bearing,4306.0
2036-06-21,M04,CNC,2.14,57.03,5.42,24.6,863.5,idle,68.52,12.5,9.5,1,bearing,2581.0
2036-06-22,M04,CNC,5.0,63.66,13.03,57.0,2771.7,normal,68.8,13.7,9.22,1,bearing,3891.0
2036-06-23,M04,CNC,4.8,71.71,18.24,78.1,2953.4,normal,68.87,8.7,9.15,1,bearing,3052.0
2036-06-24,M04,CNC,2.09,59.53,5.37,21.9,872.1,idle,69.22,11.9,8.8,1,bearing,3112.0
2036-06-25,M04,CNC,6.84,69.06,11.12,82.1,2767.4,normal,69.3,15.9,8.72,1,bearing,3307.0
2036-06-26,M04,CNC,1.57,60.44,5.57,24.1,876.3,idle,69.67,15.1,8.35,1,bearing,2840.0
2036-06-27,M04,CNC,1.93,57.49,5.18,21.8,868.1,idle,69.88,16.0,8.13,1,bearing,2565.0
2036-06-28,M04,CNC,5.48,65.02,11.8,70.0,2816.4,normal,70.23,12.2,7.78,1,bearing,3192.0
2036-06-29,M04,CNC,6.13,69.7,12.19,71.3,2942.7,normal,70.45,9.9,7.57,1,bearing,3647.0
2036-06-30,M04,CNC,4.59,73.08,15.63,80.5,2724.5,normal,70.75,8.2,7.27,1,bearing,3804.0
2036-07-01,M04,CNC,2.24,59.09,6.18,21.5,863.0,idle,71.25,14.5,6.77,1,bearing,3755.0
2036-07-02,M04,CNC,2.13,56.91,5.37,23.9,819.6,idle,71.42,12.3,6.6,1,bearing,2665.0
2036-07-03,M04,CNC,2.11,53.42,5.03,24.0,819.8,idle,71.58,15.6,6.43,1,bearing,4376.0
2036-07-04,M04,CNC,7.3,76.14,15.94,83.1,2932.3,normal,71.97,13.5,6.05,1,bearing,3035.0
2036-07-05,M04,CNC,7.93,85.7,23.48,101.2,3792.1,peak,72.45,14.2,5.57,1,bearing,4849.0
2036-07-06,M04,CNC,6.52,63.72,13.41,75.1,2778.6,normal,72.48,10.0,5.53,1,bearing,4425.0
2036-07-07,M04,CNC,6.75,73.11,12.98,57.5,2855.8,normal,72.72,15.0,5.3,1,bearing,3607.0
2036-07-08,M04,CNC,5.7,66.0,13.71,63.5,2705.3,normal,73.12,11.7,4.9,1,bearing,4599.0
2036-07-09,M04,CNC,8.6,66.0,28.06,107.4,3664.0,peak,73.6,12.2,4.42,1,bearing,3901.0
2036-07-10,M04,CNC,8.4,82.01,29.27,105.4,3835.8,peak,73.7,15.2,4.32,1,bearing,4762.0
2036-07-11,M04,CNC,6.42,65.1,16.58,79.5,2956.6,normal,73.83,10.7,4.18,1,bearing,4342.0
2036-07-12,M04,CNC,6.6,74.11,15.22,85.0,2956.4,normal,74.22,14.7,3.8,1,bearing,3805.0
2036-07-13,M04,CNC,6.93,73.15,11.87,79.6,2872.4,normal,74.7,9.1,3.32,1,bearing,3026.0
2036-07-14,M04,CNC,2.24,55.35,5.92,21.8,860.8,idle,75.15,10.4,2.87,1,bearing,3225.0
2036-07-15,M04,CNC,5.17,55.35,13.58,52.3,2848.8,normal,75.37,13.7,2.65,1,bearing,3470.0
2036-07-16,M04,CNC,4.76,74.2,18.48,88.8,2733.9,normal,75.8,8.8,2.22,1,bearing,2555.0
2036-07-17,M04,CNC,2.3,57.98,6.38,24.7,814.0,idle,76.22,16.7,1.8,1,bearing,2788.0
2036-07-18,M04,CNC,5.8,69.53,17.42,67.6,2860.4,normal,76.32,17.7,1.7,1,bearing,4387.0
2036-07-19,M04,CNC,2.16,64.34,6.46,22.6,856.9,idle,76.68,15.9,1.33,1,bearing,2933.0
2036-07-20,M04,CNC,2.16,78.17,11.89,63.5,2754.2,normal,77.03,15.0,0.98,1,bearing,3317.0
2036-07-21,M04,CNC,8.81,75.7,27.5,105.0,3754.1,peak,77.45,9.9,0.57,1,bearing,2875.0
2036-07-22,M04,CNC,6.78,65.83,18.19,87.7,2837.8,normal,77.48,14.9,0.53,1,bearing,3361.0
2036-07-23,M04,CNC,2.39,56.16,6.23,20.7,835.1,idle,77.53,11.9,0.5,1,bearing,4668.0
2036-07-24,M04,CNC,5.6,73.67,13.74,76.2,2765.8,normal,77.67,10.0,0.5,1,bearing,4528.0
2036-07-25,M04,CNC,2.4,61.34,5.18,22.0,863.9,idle,78.02,12.7,0.5,1,bearing,4924.0
2036-07-26,M04,CNC,2.34,58.04,13.72,22.0,2888.2,normal,0.0,17.7,83.28,0,none,0.0
2036-07-27,M04,CNC,2.47,53.22,11.35,54.4,2891.2,normal,0.17,13.4,83.11,0,none,0.0
2036-07-28,M04,CNC,0.8,49.62,4.88,24.7,853.2,idle,0.3,15.0,82.98,0,none,0.0
2036-07-29,M04,CNC,1.95,62.22,13.55,59.3,2921.4,normal,0.37,16.5,82.91,0,none,0.0
2036-07-30,M04,CNC,3.63,72.34,18.6,104.0,4015.1,peak,0.8,9.6,82.48,0,none,0.0
2036-07-31,M04,CNC,0.99,48.07,4.41,24.3,903.4,idle,1.17,11.0,82.11,0,none,0.0
2036-08-01,M04,CNC,0.92,48.2,5.36,20.6,857.3,idle,1.42,10.9,81.86,0,none,0.0
2036-08-02,M04,CNC,0.94,42.52,4.09,22.4,907.4,idle,1.67,11.4,81.61,0,none,0.0
2036-08-03,M04,CNC,0.74,42.52,4.01,20.7,874.6,idle,1.82,14.5,81.46,0,none,0.0
2036-08-04,M04,CNC,0.73,48.46,5.3,24.5,867.0,idle,2.2,15.5,81.08,0,none,0.0
2036-08-05,M04,CNC,0.86,41.84,4.42,23.1,901.5,idle,2.27,12.9,81.01,0,none,0.0
2036-08-06,M04,CNC,0.73,42.97,5.39,22.6,915.7,idle,2.77,14.2,80.51,0,none,0.0
2036-08-07,M04,CNC,1.0,42.97,4.43,24.7,861.1,idle,3.23,14.7,80.04,0,none,0.0
2036-08-08,M04,CNC,0.78,47.85,4.65,21.2,895.6,idle,3.73,8.1,79.54,0,none,0.0
2036-08-09,M04,CNC,0.92,41.25,4.42,21.3,876.6,idle,4.15,11.2,79.13,0,none,0.0
2036-08-10,M04,CNC,2.87,60.71,13.81,52.2,2842.6,normal,4.58,11.6,78.69,0,none,0.0
2036-08-11,M04,CNC,0.77,42.72,4.22,22.5,855.3,idle,4.97,17.6,78.31,0,none,0.0
2036-08-12,M04,CNC,0.93,47.88,4.86,20.5,912.3,idle,5.3,16.4,77.98,0,none,0.0
2036-08-13,M04,CNC,0.99,42.02,5.06,25.1,887.8,idle,5.57,16.1,77.71,0,none,0.0
2036-08-14,M04,CNC,0.8,44.79,4.77,22.4,915.1,idle,5.78,15.6,77.49,0,none,0.0
2036-08-15,M04,CNC,0.92,42.41,4.88,22.4,859.8,idle,5.98,15.4,77.29,0,none,0.0
2036-08-16,M04,CNC,0.81,49.06,4.85,21.3,858.6,idle,6.13,8.4,77.14,0,none,0.0
2036-08-17,M04,CNC,0.86,45.48,4.5,23.8,854.8,idle,6.35,16.8,76.93,0,none,0.0
2036-08-18,M04,CNC,2.0,58.19,9.9,85.5,2842.6,normal,6.55,16.5,76.73,0,none,0.0
2036-08-19,M04,CNC,0.9,43.91,4.6,24.6,885.0,idle,6.78,17.0,76.49,0,none,0.0
2036-08-20,M04,CNC,0.92,45.05,4.89,24.6,892.5,idle,7.05,15.4,76.23,0,none,0.0
2036-08-21,M04,CNC,0.88,47.89,5.42,22.3,890.4,idle,7.28,8.2,75.99,0,none,0.0
2036-08-22,M04,CNC,0.73,43.59,4.62,25.0,885.9,idle,7.38,11.8,75.89,0,none,0.0
2036-08-23,M04,CNC,0.92,40.19,4.7,25.4,865.7,idle,7.87,12.0,75.41,0,none,0.0
2036-08-24,M04,CNC,0.71,44.33,5.06,22.7,882.2,idle,7.9,16.2,75.38,0,none,0.0
2036-08-25,M04,CNC,0.9,42.54,5.13,20.9,877.7,idle,8.4,13.9,74.88,0,none,0.0
2036-08-26,M04,CNC,0.9,48.28,5.19,24.3,875.1,idle,8.52,8.2,74.76,0,none,0.0
2036-08-27,M04,CNC,0.74,42.17,5.3,25.1,916.6,idle,8.8,11.4,74.48,0,none,0.0
2036-08-28,M04,CNC,0.72,42.17,4.97,24.3,895.1,idle,8.83,9.6,74.44,0,none,0.0
2036-08-29,M04,CNC,3.82,64.11,19.79,98.1,3803.6,peak,9.3,13.5,73.98,0,none,0.0
2036-08-30,M04,CNC,2.29,51.38,11.59,75.9,3068.3,normal,9.45,14.1,73.83,0,none,0.0
2036-08-31,M04,CNC,2.98,53.79,10.37,59.3,3091.3,normal,9.73,17.5,73.54,0,none,0.0
2036-09-01,M04,CNC,2.57,52.74,14.96,67.0,3069.8,normal,9.85,14.7,73.43,0,none,0.0
2036-09-02,M04,CNC,3.41,64.68,23.05,108.4,4060.6,peak,10.07,8.7,73.21,0,none,0.0
2036-09-03,M04,CNC,0.87,42.22,4.61,25.9,892.5,idle,10.27,14.1,73.01,0,none,0.0
2036-09-04,M04,CNC,2.89,56.75,12.96,68.3,3010.9,normal,10.37,17.4,72.91,0,none,0.0
2036-09-05,M04,CNC,2.99,57.61,12.63,64.9,2853.1,normal,10.82,12.9,72.46,0,none,0.0
2036-09-06,M04,CNC,3.11,54.74,14.7,79.2,3037.3,normal,11.0,11.4,72.28,0,none,0.0
2036-09-07,M04,CNC,0.98,46.23,5.35,21.0,893.9,idle,11.18,12.3,72.09,0,none,0.0
2036-09-08,M04,CNC,2.88,54.07,14.31,81.6,3049.4,normal,11.27,13.3,72.01,0,none,0.0
2036-09-09,M04,CNC,2.88,46.82,4.46,24.4,882.4,idle,11.47,16.1,71.81,0,none,0.0
2036-09-10,M04,CNC,2.64,56.24,10.55,58.8,2823.3,normal,11.95,13.7,71.33,0,none,0.0
2036-09-11,M04,CNC,2.67,62.73,9.64,54.5,2937.2,normal,12.23,12.5,71.04,0,none,0.0
2036-09-12,M04,CNC,2.83,52.37,11.27,60.8,2919.7,normal,12.48,17.4,70.79,0,none,0.0
2036-09-13,M04,CNC,2.11,55.29,14.24,75.2,2824.3,normal,12.88,16.7,70.39,0,none,0.0
2036-09-14,M04,CNC,2.69,55.29,15.57,63.0,3017.8,normal,13.08,17.0,70.19,0,none,0.0
2036-09-15,M04,CNC,0.92,55.29,5.35,22.9,897.5,idle,13.37,13.5,69.91,0,none,0.0
2036-09-16,M04,CNC,0.74,42.58,4.88,21.9,885.0,idle,13.7,15.0,69.58,0,none,0.0
2036-09-17,M04,CNC,2.32,59.61,12.67,52.2,2994.9,normal,14.2,11.2,69.08,0,none,0.0
2036-09-18,M04,CNC,2.39,55.13,10.11,60.4,2867.1,normal,14.57,17.1,68.71,0,none,0.0
2036-09-19,M04,CNC,3.11,55.13,9.77,57.3,2823.7,normal,14.97,10.4,68.31,0,none,0.0
2036-09-20,M04,CNC,2.62,52.8,12.74,66.1,3041.2,normal,15.43,13.6,67.84,0,none,0.0
2036-09-21,M04,CNC,2.25,56.87,14.19,68.5,3038.0,normal,15.93,13.1,67.34,0,none,0.0
2036-09-22,M04,CNC,2.25,56.16,12.78,88.8,2998.5,normal,16.02,9.5,67.26,0,none,0.0
2036-09-23,M04,CNC,3.07,52.68,12.64,86.5,2896.8,normal,16.22,12.9,67.06,0,none,0.0
2036-09-24,M04,CNC,3.97,59.65,27.03,101.7,3822.1,peak,16.57,17.5,66.71,0,none,0.0
2036-09-25,M04,CNC,3.03,53.78,9.64,57.2,2997.7,normal,16.98,12.5,66.29,0,none,0.0
2036-09-26,M04,CNC,3.17,51.67,12.5,58.9,3023.5,normal,17.42,15.7,65.86,0,none,0.0
2036-09-27,M04,CNC,1.97,53.6,10.78,73.0,3062.0,normal,17.82,16.5,65.46,0,none,0.0
2036-09-28,M04,CNC,2.52,50.87,13.16,82.3,2839.7,normal,17.87,10.2,65.41,0,none,0.0
2036-09-29,M04,CNC,1.9,52.82,14.35,74.5,2962.2,normal,17.9,16.2,65.38,0,none,0.0
2036-09-30,M04,CNC,2.15,54.98,15.78,61.1,3070.5,normal,18.18,15.8,65.09,0,none,0.0
2036-10-01,M04,CNC,2.61,51.85,12.54,88.0,2925.6,normal,18.38,11.1,64.89,0,none,0.0
2036-10-02,M04,CNC,3.01,53.85,13.21,84.1,3076.2,normal,18.88,16.2,64.39,0,none,0.0
2036-10-03,M04,CNC,2.48,59.6,9.52,61.6,2883.6,normal,19.25,17.2,64.03,0,none,0.0
2036-10-04,M04,CNC,1.93,54.2,11.59,88.8,3000.6,normal,19.6,15.3,63.68,0,none,0.0
2036-10-05,M04,CNC,0.83,49.88,4.23,22.9,895.3,idle,20.02,13.2,63.26,0,none,0.0
2036-10-06,M04,CNC,1.88,60.75,10.15,57.3,2847.9,normal,20.32,15.9,62.96,0,none,0.0
2036-10-07,M04,CNC,0.98,46.83,4.98,23.3,870.5,idle,20.57,16.5,62.71,0,none,0.0
2036-10-08,M04,CNC,2.67,56.15,4.98,78.2,2838.9,normal,20.75,9.4,62.53,0,none,0.0
2036-10-09,M04,CNC,2.07,62.27,13.79,76.0,2925.5,normal,20.78,14.4,62.49,0,none,0.0
2036-10-10,M04,CNC,2.35,60.35,14.31,71.4,3090.8,normal,21.03,12.6,62.24,0,none,0.0
2036-10-11,M04,CNC,3.14,56.19,14.83,72.6,2953.5,normal,21.13,11.8,62.14,0,none,0.0
2036-10-12,M04,CNC,1.88,58.61,15.35,81.7,3035.9,normal,21.25,15.6,62.03,0,none,0.0
2036-10-13,M04,CNC,1.88,64.09,20.33,99.7,3973.9,peak,21.33,12.6,61.94,0,none,0.0
2036-10-14,M04,CNC,0.81,45.61,4.66,21.7,856.7,idle,21.47,12.5,61.81,0,none,0.0
2036-10-15,M04,CNC,0.81,45.61,4.66,83.4,3099.0,normal,21.58,11.2,61.69,0,none,0.0
2036-10-16,M04,CNC,2.82,50.23,10.97,88.9,3042.6,normal,21.62,16.7,61.66,0,none,0.0
2036-10-17,M04,CNC,2.59,53.55,9.59,52.8,2983.6,normal,21.93,9.4,61.34,0,none,0.0
2036-10-18,M04,CNC,0.71,49.94,9.59,24.3,860.9,idle,22.4,13.5,60.88,0,none,0.0
2036-10-19,M04,CNC,2.56,51.21,14.48,74.2,2825.8,normal,22.77,11.2,60.51,0,none,0.0
2036-10-20,M04,CNC,2.99,58.21,15.49,86.8,3076.2,normal,22.88,16.4,60.39,0,none,0.0
2036-10-21,M04,CNC,1.91,51.81,15.92,70.5,2871.5,normal,22.93,11.2,60.34,0,none,0.0
2036-10-22,M04,CNC,2.88,51.81,14.23,83.8,3035.3,normal,23.37,16.8,59.91,0,none,0.0
2036-10-23,M04,CNC,0.78,44.02,4.62,22.9,861.7,idle,23.42,15.1,59.86,0,none,0.0
2036-10-24,M04,CNC,2.43,57.66,12.96,83.2,2955.2,normal,23.7,8.7,59.58,0,none,0.0
2036-10-25,M04,CNC,2.12,59.95,14.68,64.1,2993.6,normal,23.8,9.6,59.48,0,none,0.0
2036-10-26,M04,CNC,2.01,55.13,15.41,86.6,2972.6,normal,24.2,15.5,59.08,0,none,0.0
2036-10-27,M04,CNC,2.78,62.81,15.73,70.6,2968.5,normal,24.42,12.1,58.86,0,none,0.0
2036-10-28,M04,CNC,2.38,51.08,12.25,82.0,3041.5,normal,24.85,12.0,58.43,0,none,0.0
2036-10-29,M04,CNC,3.05,50.77,12.93,56.1,2860.2,normal,24.9,14.4,58.38,0,none,0.0
2036-10-30,M04,CNC,0.97,44.97,5.14,20.4,879.2,idle,25.13,13.5,58.14,0,none,0.0
2036-10-31,M04,CNC,0.9,41.33,4.49,20.4,895.6,idle,25.2,12.5,58.08,0,none,0.0
2036-11-01,M04,CNC,0.99,48.27,5.46,25.1,909.9,idle,25.28,16.7,57.99,0,none,0.0
2036-11-02,M04,CNC,0.87,48.27,4.61,24.9,862.7,idle,25.43,14.4,57.84,0,none,0.0
2036-11-03,M04,CNC,0.72,49.48,4.01,25.9,901.0,idle,25.75,14.4,57.53,0,none,0.0
2036-11-04,M04,CNC,0.8,46.98,5.23,21.5,904.0,idle,26.15,8.4,57.13,0,none,0.0
2036-11-05,M04,CNC,0.94,42.49,4.06,21.2,864.0,idle,26.3,17.5,56.98,0,none,0.0
2036-11-06,M04,CNC,0.72,47.26,4.57,25.3,867.6,idle,26.78,11.2,56.49,0,none,0.0
2036-11-07,M04,CNC,0.84,46.39,5.32,23.1,876.1,idle,27.02,14.7,56.26,0,none,0.0
2036-11-08,M04,CNC,0.96,43.1,4.12,22.7,905.0,idle,27.05,10.9,56.23,0,none,0.0
2036-11-09,M04,CNC,0.71,45.86,4.89,25.6,870.0,idle,27.08,15.0,56.19,0,none,0.0
2036-11-10,M05,CNC,0.78,44.4,4.54,24.4,894.9,idle,73.79,15.0,68.0,0,none,0.0
2036-11-11,M05,CNC,2.86,62.3,15.5,68.4,3095.4,normal,74.12,13.1,67.67,0,none,0.0
2036-11-12,M05,CNC,0.76,47.14,4.8,24.9,883.4,idle,74.59,10.1,67.2,0,none,0.0
2036-11-13,M05,CNC,0.94,49.3,5.1,24.7,854.7,idle,74.9,14.3,66.89,0,none,0.0
2036-11-14,M05,CNC,0.76,49.74,5.04,23.4,875.7,idle,75.25,13.6,66.54,0,none,0.0
2036-11-15,M05,CNC,0.71,43.69,4.75,21.3,862.1,idle,75.55,16.3,66.24,0,none,0.0
2036-11-16,M05,CNC,0.85,45.86,4.36,21.3,913.0,idle,75.99,11.3,65.8,0,none,0.0
2036-11-17,M05,CNC,2.46,62.86,4.36,55.5,2828.7,normal,76.19,11.9,65.6,0,none,0.0
2036-11-18,M05,CNC,0.84,45.88,4.64,22.0,894.9,idle,76.55,8.3,65.24,0,none,0.0
2036-11-19,M05,CNC,1.8,64.52,11.01,86.8,2832.7,normal,76.9,14.7,64.89,0,none,0.0
2036-11-20,M05,CNC,0.77,42.35,5.49,20.0,894.8,idle,77.34,9.8,64.45,0,none,0.0
2036-11-21,M05,CNC,0.96,46.72,4.54,25.8,912.5,idle,77.39,9.1,64.4,0,none,0.0
2036-11-22,M05,CNC,0.83,45.73,5.45,25.9,881.5,idle,77.87,15.6,63.92,0,none,0.0
2036-11-23,M05,CNC,0.95,45.73,4.56,21.0,864.6,idle,78.29,16.3,63.5,0,none,0.0
2036-11-24,M05,CNC,0.9,45.11,4.35,22.4,876.1,idle,78.67,13.9,63.12,0,none,0.0
2036-11-25,M05,CNC,1.0,45.11,4.58,25.5,874.0,idle,78.85,8.5,62.94,0,none,0.0
2036-11-26,M05,CNC,0.9,49.67,4.59,24.1,870.7,idle,79.22,16.9,62.57,0,none,0.0
2036-11-27,M05,CNC,0.78,45.74,5.47,22.7,915.6,idle,79.69,13.1,62.1,0,none,0.0
2036-11-28,M05,CNC,3.08,53.81,12.11,76.5,2955.4,normal,79.87,16.3,61.92,0,none,0.0
2036-11-29,M05,CNC,1.93,64.91,14.39,68.6,2985.4,normal,80.35,13.0,61.44,0,none,0.0
2036-11-30,M05,CNC,1.92,57.43,15.55,86.1,2901.2,normal,80.77,11.3,61.02,0,none,0.0
2036-12-01,M05,CNC,2.54,60.46,11.71,54.5,2951.6,normal,81.0,9.7,60.79,0,none,0.0
2036-12-02,M05,CNC,2.64,50.09,10.12,59.9,2904.4,normal,81.29,14.0,60.5,0,none,0.0
2036-12-03,M05,CNC,3.63,63.0,20.76,108.0,3843.5,peak,81.74,16.6,60.05,0,none,0.0
2036-12-04,M05,CNC,3.63,64.29,13.56,79.2,2929.4,normal,81.89,9.1,59.9,0,none,0.0
2036-12-05,M05,CNC,0.71,46.46,4.95,20.7,882.4,idle,81.92,14.2,59.87,0,none,0.0
2036-12-06,M05,CNC,3.08,53.08,12.5,69.5,3043.2,normal,82.4,10.7,59.39,0,none,0.0
2036-12-07,M05,CNC,3.08,61.39,11.88,54.7,2904.8,normal,82.44,11.8,59.35,0,none,0.0
2036-12-08,M05,CNC,3.74,69.95,27.65,101.8,3989.7,peak,82.77,9.0,59.02,0,none,0.0
2036-12-09,M05,CNC,2.55,52.26,12.5,72.7,3085.2,normal,82.99,9.9,58.8,0,none,0.0
2036-12-10,M05,CNC,0.81,49.8,4.81,21.4,863.4,idle,83.24,11.7,58.55,0,none,0.0
2036-12-11,M05,CNC,2.0,56.79,9.64,21.4,3096.5,normal,83.4,8.2,58.39,0,none,0.0
2036-12-12,M05,CNC,2.74,61.4,10.27,70.0,2885.9,normal,83.84,9.2,57.95,0,none,0.0
2036-12-13,M05,CNC,3.05,52.72,12.48,74.3,2954.2,normal,83.94,17.3,57.85,0,none,0.0
2036-12-14,M05,CNC,3.86,61.93,21.77,106.9,3958.4,peak,84.44,17.1,57.35,0,none,0.0
2036-12-15,M05,CNC,3.52,58.5,25.53,109.6,3986.1,peak,84.52,15.4,57.27,0,none,0.0
2036-12-16,M05,CNC,0.96,45.17,4.35,20.1,895.7,idle,84.9,16.8,56.89,0,none,0.0
2036-12-17,M05,CNC,2.49,61.73,4.35,89.5,2953.1,normal,85.19,9.1,56.6,0,none,0.0
2036-12-18,M05,CNC,2.4,54.3,12.6,85.2,2812.7,normal,85.6,16.7,56.19,0,none,0.0
2036-12-19,M05,CNC,0.99,49.93,4.9,22.0,865.6,idle,85.94,10.7,55.85,0,none,0.0
2036-12-20,M05,CNC,0.99,40.5,4.71,20.3,900.3,idle,85.97,12.8,55.82,0,none,0.0
2036-12-21,M05,CNC,0.81,41.99,4.82,25.8,898.7,idle,86.39,10.2,55.4,0,none,0.0
2036-12-22,M05,CNC,0.81,47.77,5.11,25.4,864.3,idle,86.62,8.3,55.17,0,none,0.0
2036-12-23,M05,CNC,3.0,54.52,15.62,62.7,3078.1,normal,86.9,12.7,54.89,0,none,0.0
2036-12-24,M05,CNC,3.97,60.47,27.74,96.3,3865.6,peak,87.02,13.8,54.77,0,none,0.0
2036-12-25,M05,CNC,0.83,49.94,4.73,23.3,898.6,idle,87.07,17.6,54.72,0,none,0.0
2036-12-26,M05,CNC,3.16,61.75,10.96,63.5,2829.3,normal,87.57,10.8,54.22,0,none,0.0
2036-12-27,M05,CNC,2.7,52.71,11.17,85.8,2898.0,normal,87.85,10.7,53.94,0,none,0.0
2036-12-28,M05,CNC,2.59,55.96,9.98,65.8,2922.4,normal,88.24,16.7,53.55,0,none,0.0
2036-12-29,M05,CNC,0.97,43.24,4.57,24.7,903.1,idle,88.39,16.1,53.4,0,none,0.0
2036-12-30,M05,CNC,2.92,64.31,14.67,67.5,3046.4,normal,88.75,13.6,53.04,0,none,0.0
2036-12-31,M05,CNC,2.51,54.17,11.47,60.5,2843.5,normal,89.24,17.5,52.55,0,none,0.0
2037-01-01,M05,CNC,0.76,40.63,11.47,25.6,891.1,idle,89.52,15.2,52.27,0,none,0.0
2037-01-02,M05,CNC,2.98,52.75,11.47,71.2,2820.2,normal,89.94,11.6,51.85,0,none,0.0
2037-01-03,M05,CNC,2.0,54.63,9.78,63.8,2818.0,normal,90.29,16.2,51.5,0,none,0.0
2037-01-04,M05,CNC,2.13,53.99,15.96,61.0,2871.8,normal,90.6,14.6,51.19,0,none,0.0
2037-01-05,M05,CNC,0.91,48.59,4.58,25.2,873.8,idle,90.82,13.4,50.97,0,none,0.0
2037-01-06,M05,CNC,0.76,43.3,4.91,22.2,897.1,idle,91.02,11.5,50.77,0,none,0.0
2037-01-07,M05,CNC,2.13,60.51,11.76,69.3,2967.3,normal,91.14,11.7,50.65,0,none,0.0
2037-01-08,M05,CNC,2.13,42.39,5.25,24.3,866.4,idle,91.35,9.5,50.44,0,none,0.0
2037-01-09,M05,CNC,0.99,46.65,4.68,20.9,887.3,idle,91.74,12.9,50.05,0,none,0.0
2037-01-10,M05,CNC,2.03,56.44,12.16,79.4,2857.7,normal,92.05,17.6,49.74,0,none,0.0
2037-01-11,M05,CNC,2.95,54.89,12.39,81.3,2987.6,normal,92.12,16.8,49.67,0,none,0.0
2037-01-12,M05,CNC,3.45,64.57,21.06,103.9,3899.8,peak,92.32,14.5,49.47,0,none,0.0
2037-01-13,M05,CNC,0.92,45.8,4.22,21.9,865.5,idle,92.59,16.6,49.2,0,none,0.0
2037-01-14,M05,CNC,0.82,45.16,4.76,24.5,863.2,idle,92.7,11.4,49.09,0,none,0.0
2037-01-15,M05,CNC,3.96,63.83,21.0,105.3,863.2,peak,93.19,9.5,48.6,0,none,0.0
2037-01-16,M05,CNC,2.33,61.2,15.24,81.1,2810.3,normal,93.39,16.3,48.4,0,none,0.0
2037-01-17,M05,CNC,0.95,47.74,5.0,24.6,918.6,idle,93.5,13.7,48.29,0,none,0.0
2037-01-18,M05,CNC,0.83,40.67,4.69,24.6,870.6,idle,93.97,16.2,47.82,0,none,0.0
2037-01-19,M05,CNC,2.62,54.64,13.96,83.2,2926.1,normal,94.2,12.2,47.59,0,none,0.0
2037-01-20,M05,CNC,3.92,59.36,26.4,107.4,3896.6,peak,94.29,13.4,47.5,0,none,0.0
2037-01-21,M05,CNC,2.22,54.58,14.77,83.6,2898.9,normal,94.59,8.0,47.2,0,none,0.0
2037-01-22,M05,CNC,0.88,41.39,4.7,26.0,861.1,idle,94.9,9.6,46.89,0,none,0.0
2037-01-23,M05,CNC,0.98,48.24,5.46,21.1,865.0,idle,95.05,15.9,46.74,0,none,0.0
2037-01-24,M05,CNC,1.82,60.87,13.69,58.8,3037.3,normal,95.34,15.3,46.45,0,none,0.0
2037-01-25,M05,CNC,0.79,60.87,4.63,20.6,868.4,idle,95.79,17.4,46.0,0,none,0.0
2037-01-26,M05,CNC,0.81,48.52,5.19,22.7,900.7,idle,96.09,11.9,45.7,0,none,0.0
2037-01-27,M05,CNC,0.87,43.41,5.09,24.1,893.3,idle,96.42,12.1,45.37,0,none,0.0
2037-01-28,M05,CNC,2.67,60.24,12.0,85.0,2848.7,normal,96.85,10.3,44.94,0,none,0.0
2037-01-29,M05,CNC,0.97,43.42,4.19,23.6,876.3,idle,97.22,16.3,44.57,0,none,0.0
2037-01-30,M05,CNC,0.94,44.31,5.0,21.9,864.7,idle,97.72,15.2,44.07,0,none,0.0
2037-01-31,M05,CNC,0.82,46.07,4.99,23.5,919.2,idle,98.22,13.0,43.57,0,none,0.0
2037-02-01,M05,CNC,0.91,49.32,4.18,20.4,871.8,idle,98.3,17.2,43.49,0,none,0.0
2037-02-02,M05,CNC,1.99,57.89,12.87,73.8,3023.6,normal,98.7,10.4,43.09,0,none,0.0
2037-02-03,M05,CNC,1.99,48.78,4.18,22.0,867.9,idle,98.94,10.1,42.85,0,none,0.0
2037-02-04,M05,CNC,1.99,45.45,4.18,21.4,867.9,idle,99.3,16.1,42.49,0,none,0.0
2037-02-05,M05,CNC,0.92,40.21,4.59,25.3,886.4,idle,99.34,11.0,42.45,0,none,0.0
2037-02-06,M05,CNC,0.8,42.54,4.37,20.6,907.2,idle,99.47,15.8,42.32,0,none,0.0
2037-02-07,M05,CNC,0.73,42.92,4.07,24.7,852.8,idle,99.54,12.5,42.25,0,none,0.0
2037-02-08,M05,CNC,0.79,45.73,4.61,21.7,869.3,idle,99.62,11.6,42.17,0,none,0.0
2037-02-09,M05,CNC,0.94,49.74,4.52,20.2,852.6,idle,99.85,14.0,41.94,0,none,0.0
2037-02-10,M05,CNC,0.93,45.52,5.18,24.2,913.5,idle,100.05,10.1,41.74,0,none,0.0
2037-02-11,M05,CNC,0.97,47.88,4.71,21.9,885.5,idle,100.3,17.2,41.49,0,none,0.0
2037-02-12,M05,CNC,0.85,46.1,4.28,23.9,882.0,idle,100.67,8.4,41.12,0,none,0.0
2037-02-13,M05,CNC,2.67,53.59,12.32,60.0,3062.6,normal,100.95,13.0,40.84,0,none,0.0
2037-02-14,M05,CNC,0.85,42.25,4.06,24.1,865.0,idle,101.17,15.0,40.62,0,none,0.0
2037-02-15,M05,CNC,1.0,45.34,4.43,23.9,869.3,idle,101.65,15.5,40.14,0,none,0.0
2037-02-16,M05,CNC,0.95,43.08,5.48,23.6,909.1,idle,102.09,14.9,39.7,0,none,0.0
2037-02-17,M05,CNC,1.9,55.22,14.29,76.9,2858.3,normal,102.44,17.5,39.35,0,none,0.0
2037-02-18,M05,CNC,0.81,42.63,4.92,22.1,2858.3,idle,102.82,8.3,38.97,0,none,0.0
2037-02-19,M05,CNC,2.09,56.14,10.77,88.6,2858.3,normal,102.87,15.6,38.92,0,none,0.0
2037-02-20,M05,CNC,0.97,44.28,4.57,21.4,894.5,idle,102.94,13.4,38.85,0,none,0.0
2037-02-21,M05,CNC,0.91,44.68,4.08,25.5,918.6,idle,103.0,16.3,38.79,0,none,0.0
2037-02-22,M05,CNC,2.4,59.2,12.43,25.5,2823.2,normal,103.37,12.5,38.42,0,none,0.0
2037-02-23,M05,CNC,2.44,59.2,9.61,74.1,3064.2,normal,103.79,14.0,38.0,0,none,0.0
2037-02-24,M05,CNC,2.1,52.75,14.52,61.7,2857.6,normal,104.07,11.1,37.72,0,none,0.0
2037-02-25,M05,CNC,0.81,43.93,5.31,23.7,878.4,idle,104.5,12.5,37.29,0,none,0.0
2037-02-26,M05,CNC,2.55,64.31,10.24,59.9,3088.8,normal,104.85,8.1,36.94,0,none,0.0
2037-02-27,M05,CNC,3.14,52.66,10.44,68.0,2814.9,normal,104.95,14.8,36.84,0,none,0.0
2037-02-28,M05,CNC,3.72,59.32,18.58,102.3,4087.3,peak,104.99,12.4,36.8,0,none,0.0
2037-03-01,M05,CNC,2.4,55.35,15.99,72.2,2912.6,normal,105.29,10.7,36.5,0,none,0.0
2037-03-02,M05,CNC,2.34,52.92,12.83,68.7,2881.2,normal,105.62,17.2,36.17,0,none,0.0
2037-03-03,M05,CNC,0.75,43.11,4.76,20.4,860.8,idle,105.99,10.5,35.8,0,none,0.0
2037-03-04,M05,CNC,0.98,45.43,4.1,24.2,854.3,idle,106.07,12.9,35.72,0,none,0.0
2037-03-05,M05,CNC,2.83,61.25,13.73,79.8,2826.4,normal,106.57,16.5,35.22,0,none,0.0
2037-03-06,M05,CNC,2.82,52.05,11.71,87.8,2950.9,normal,106.62,11.3,35.17,0,none,0.0
2037-03-07,M05,CNC,0.99,40.89,4.72,20.4,894.1,idle,106.7,17.7,35.09,0,none,0.0
2037-03-08,M05,CNC,1.91,52.63,11.18,80.5,2849.2,normal,106.77,12.9,35.02,0,none,0.0
2037-03-09,M05,CNC,2.99,51.98,9.73,67.0,3093.8,normal,106.8,15.4,34.99,0,none,0.0
2037-03-10,M05,CNC,3.29,59.73,25.51,99.7,4015.2,peak,107.17,15.7,34.62,0,none,0.0
2037-03-11,M05,CNC,2.08,56.9,11.22,69.2,3030.7,normal,107.22,10.2,34.57,0,none,0.0
2037-03-12,M05,CNC,0.93,45.16,5.39,21.6,866.8,idle,107.7,16.5,34.09,0,none,0.0
2037-03-13,M05,CNC,0.88,46.21,4.07,23.6,876.2,idle,107.85,16.1,33.94,0,none,0.0
2037-03-14,M05,CNC,0.88,62.12,13.09,52.1,2990.9,normal,107.94,9.4,33.85,0,none,0.0
2037-03-15,M05,CNC,3.8,62.23,22.65,109.5,3889.4,peak,108.35,14.1,33.44,0,none,0.0
2037-03-16,M05,CNC,2.11,53.16,13.13,88.1,2982.6,normal,108.39,11.7,33.4,0,none,0.0
2037-03-17,M05,CNC,2.22,59.58,13.56,74.7,2847.8,normal,108.79,15.1,33.0,0,none,0.0
2037-03-18,M05,CNC,0.89,44.3,4.03,23.2,919.2,idle,109.29,14.3,32.5,0,none,0.0
2037-03-19,M05,CNC,2.29,64.48,10.13,79.8,2834.3,normal,109.37,8.3,32.42,0,none,0.0
2037-03-20,M05,CNC,2.18,58.56,13.35,81.5,2984.6,normal,109.62,12.2,32.17,0,none,0.0
2037-03-21,M05,CNC,2.63,63.69,12.44,60.6,2848.5,normal,109.69,16.8,32.1,0,none,0.0
2037-03-22,M05,CNC,2.36,60.69,9.78,56.9,2831.8,normal,110.07,12.0,31.72,0,none,0.0
2037-03-23,M05,CNC,3.67,62.13,19.66,103.9,4028.4,peak,110.22,16.8,31.57,0,none,0.0
2037-03-24,M05,CNC,2.27,58.67,10.14,87.5,2901.1,normal,110.3,8.9,31.49,0,none,0.0
2037-03-25,M05,CNC,1.0,49.79,5.17,20.1,888.0,idle,110.42,12.5,31.37,0,none,0.0
2037-03-26,M05,CNC,1.92,63.43,14.63,89.0,2982.5,normal,110.74,10.6,31.05,0,none,0.0
2037-03-27,M05,CNC,3.62,66.82,21.86,102.0,3990.6,peak,110.8,14.6,30.99,0,none,0.0
2037-03-28,M05,CNC,3.11,58.94,21.86,84.8,2955.7,normal,111.14,13.6,30.65,0,none,0.0
2037-03-29,M05,CNC,2.29,59.59,12.4,55.1,2913.3,normal,111.29,11.0,30.5,0,none,0.0
2037-03-30,M05,CNC,1.0,40.49,5.05,25.1,895.4,idle,111.7,8.1,30.09,0,none,0.0
2037-03-31,M05,CNC,2.6,60.61,12.29,55.5,3088.7,normal,111.75,8.1,30.04,0,none,0.0
2037-04-01,M05,CNC,0.83,46.65,4.8,20.3,916.7,idle,112.05,13.9,29.74,0,none,0.0
2037-04-02,M05,CNC,2.91,52.24,4.8,80.0,2941.7,normal,112.09,16.1,29.7,0,none,0.0
2037-04-03,M05,CNC,3.69,59.81,23.6,96.1,3963.5,peak,112.29,16.6,29.5,0,none,0.0
2037-04-04,M05,CNC,2.57,63.12,14.21,61.5,3066.5,normal,112.74,14.6,29.05,0,none,0.0
2037-04-05,M05,CNC,2.6,59.1,10.6,84.6,3079.3,normal,113.02,9.0,28.77,0,none,0.0
2037-04-06,M05,CNC,2.88,64.11,11.46,84.7,2946.7,normal,113.25,14.3,28.54,0,none,0.0
2037-04-07,M05,CNC,0.75,46.69,5.03,21.7,851.9,idle,113.74,9.5,28.05,0,none,0.0
2037-04-08,M05,CNC,0.76,44.0,4.25,21.2,877.4,idle,113.84,9.5,27.95,0,none,0.0
2037-04-09,M05,CNC,3.15,61.46,11.58,88.2,2993.7,normal,114.27,13.1,27.52,0,none,0.0
2037-04-10,M05,CNC,2.44,57.02,12.17,60.9,2916.0,normal,114.34,10.5,27.45,0,none,0.0
2037-04-11,M05,CNC,2.54,57.92,14.45,65.6,3015.0,normal,114.77,14.3,27.02,0,none,0.0
2037-04-12,M05,CNC,0.87,49.62,4.58,25.4,907.4,idle,114.92,12.1,26.87,0,none,0.0
2037-04-13,M05,CNC,2.69,59.82,10.05,88.1,2832.1,normal,115.35,16.7,26.44,0,none,0.0
2037-04-14,M05,CNC,2.59,54.95,12.29,75.2,3072.7,normal,115.79,9.9,26.0,0,none,0.0
2037-04-15,M05,CNC,3.57,74.79,23.93,97.4,3857.0,peak,116.2,11.9,25.59,0,none,0.0
2037-04-16,M05,CNC,0.91,40.5,4.72,20.9,880.3,idle,116.55,10.2,25.24,0,none,0.0
2037-04-17,M05,CNC,2.85,56.88,10.56,61.6,2910.3,normal,116.65,17.5,25.14,0,none,0.0
2037-04-18,M05,CNC,0.72,45.84,4.91,20.4,878.2,idle,116.95,14.5,24.84,0,none,0.0
2037-04-19,M05,CNC,2.38,55.01,13.13,65.2,2924.9,normal,117.39,10.4,24.4,0,none,0.0
2037-04-20,M05,CNC,6.55,52.43,13.52,71.2,2891.5,normal,117.69,15.7,24.1,0,none,0.0
2037-04-21,M05,CNC,2.82,52.43,12.6,77.4,3040.7,normal,117.94,12.2,23.85,0,none,0.0
2037-04-22,M05,CNC,3.16,59.44,15.18,52.0,2959.1,normal,118.25,16.9,23.54,0,none,0.0
2037-04-23,M05,CNC,0.76,52.78,4.8,24.5,878.9,idle,118.35,8.4,23.44,0,none,0.0
2037-04-24,M05,CNC,2.74,57.35,12.34,63.0,2914.8,normal,118.52,12.6,23.27,0,none,0.0
2037-04-25,M05,CNC,3.48,68.99,19.16,96.4,3998.0,peak,118.97,11.4,22.82,0,none,0.0
2037-04-26,M05,CNC,2.56,68.99,10.49,67.6,3036.9,normal,119.44,11.3,22.35,0,none,0.0
2037-04-27,M05,CNC,0.97,47.03,4.09,24.0,866.9,idle,119.62,12.7,22.17,0,none,0.0
2037-04-28,M05,CNC,0.79,41.96,5.16,24.0,892.8,idle,119.9,16.7,21.89,0,none,0.0
2037-04-29,M05,CNC,0.9,42.37,4.67,23.8,894.6,idle,120.3,13.6,21.49,0,none,0.0
2037-04-30,M05,CNC,0.94,42.87,5.16,22.6,896.9,idle,120.69,14.6,21.1,0,none,0.0
2037-05-01,M05,CNC,0.84,49.49,4.27,24.1,890.4,idle,121.02,11.4,20.77,0,none,0.0
2037-05-02,M05,CNC,0.75,40.66,5.2,20.9,863.1,idle,121.42,11.4,20.37,0,none,0.0
2037-05-03,M05,CNC,0.99,47.17,4.38,23.6,887.4,idle,121.72,8.6,20.07,0,none,0.0
2037-05-04,M05,CNC,0.99,47.29,4.38,21.3,894.8,idle,122.09,10.7,19.7,0,none,0.0
2037-05-05,M05,CNC,0.71,40.69,5.07,20.1,890.6,idle,122.27,10.3,19.52,0,none,0.0
2037-05-06,M05,CNC,0.95,43.8,4.07,24.3,915.1,idle,122.77,10.4,19.02,0,none,0.0
2037-05-07,M05,CNC,0.92,45.78,4.35,20.1,898.6,idle,122.9,11.1,18.89,0,none,0.0
2037-05-08,M05,CNC,0.77,48.58,4.7,23.2,902.8,idle,123.37,14.8,18.42,0,none,0.0
2037-05-09,M05,CNC,0.93,46.43,5.41,25.9,916.3,idle,123.54,12.2,18.25,0,none,0.0
2037-05-10,M05,CNC,0.95,47.06,4.99,20.6,869.0,idle,123.92,14.1,17.87,0,none,0.0
2037-05-11,M05,CNC,0.7,41.37,4.66,20.9,913.1,idle,124.37,15.7,17.42,0,none,0.0
2037-05-12,M05,CNC,0.94,40.72,4.37,24.9,906.2,idle,124.55,14.9,17.24,0,none,0.0
2037-05-13,M05,CNC,0.98,49.98,5.46,22.5,867.5,idle,124.95,11.2,16.84,0,none,0.0
2037-05-14,M05,CNC,0.93,42.99,5.21,23.2,905.6,idle,125.4,13.2,16.39,0,none,0.0
2037-05-15,M05,CNC,0.78,45.08,4.85,25.7,868.7,idle,125.49,16.8,16.3,0,none,0.0
2037-05-16,M05,CNC,0.98,48.05,5.1,24.7,892.4,idle,125.85,14.0,15.94,0,none,0.0
2037-05-17,M05,CNC,0.77,41.89,5.3,24.4,864.9,idle,126.22,9.8,15.57,0,none,0.0
2037-05-18,M05,CNC,0.88,44.48,4.24,23.2,869.7,idle,126.59,11.7,15.2,0,none,0.0
2037-05-19,M05,CNC,0.73,44.67,4.89,20.3,878.1,idle,126.82,10.7,14.97,0,none,0.0
2037-05-20,M05,CNC,0.78,40.31,4.19,20.8,862.8,idle,127.15,11.4,14.64,0,none,0.0
2037-05-21,M05,CNC,0.94,44.39,4.22,20.6,870.9,idle,127.32,10.5,14.47,0,none,0.0
2037-05-22,M05,CNC,0.94,43.64,4.24,22.4,888.9,idle,127.55,17.8,14.24,0,none,0.0
2037-05-23,M05,CNC,0.71,46.28,4.59,20.1,897.2,idle,127.59,16.1,14.2,0,none,0.0
2037-05-24,M05,CNC,2.8,59.43,11.72,72.1,2916.2,normal,127.75,12.5,14.04,0,none,0.0
2037-05-25,M05,CNC,2.78,58.75,10.03,76.4,3006.2,normal,128.07,10.8,13.72,0,none,0.0
2037-05-26,M05,CNC,2.32,63.14,14.98,58.7,3071.3,normal,128.4,10.7,13.39,0,none,0.0
2037-05-27,M05,CNC,2.42,60.86,14.79,71.2,2919.7,normal,128.65,12.9,13.14,0,none,0.0
2037-05-28,M05,CNC,3.08,53.46,11.17,65.7,3057.8,normal,128.74,11.9,13.05,0,none,0.0
2037-05-29,M05,CNC,3.11,53.3,15.12,65.7,3091.2,normal,128.82,9.2,12.97,0,none,0.0
2037-05-30,M05,CNC,0.88,40.31,4.06,20.9,862.2,idle,129.25,8.5,47.67,0,none,0.0
2037-05-31,M05,CNC,2.88,53.94,15.91,76.2,3000.1,normal,129.74,9.1,47.18,0,none,0.0
2037-06-01,M05,CNC,2.11,64.22,13.97,84.8,3076.0,normal,130.05,15.8,46.87,0,none,0.0
2037-06-02,M05,CNC,0.75,42.1,5.28,25.2,886.5,idle,130.47,10.0,46.45,0,none,0.0
2037-06-03,M05,CNC,0.82,48.03,4.54,21.4,878.5,idle,130.97,8.6,45.95,0,none,0.0
2037-06-04,M05,CNC,2.13,58.82,16.0,83.9,3061.9,normal,131.05,14.2,45.87,0,none,0.0
2037-06-05,M05,CNC,2.97,57.0,15.06,87.1,3061.9,normal,131.22,10.4,45.7,0,none,0.0
2037-06-06,M05,CNC,2.97,54.96,9.96,57.6,3066.0,normal,131.37,13.7,45.55,0,none,0.0
2037-06-07,M05,CNC,3.63,74.44,23.14,104.9,3776.1,peak,131.54,11.5,45.38,0,none,0.0
2037-06-08,M05,CNC,2.19,58.56,13.91,58.5,3003.2,normal,131.69,13.5,45.23,0,none,0.0
2037-06-09,M05,CNC,0.83,50.33,4.25,24.1,862.5,idle,131.89,9.7,45.03,0,none,0.0
2037-06-10,M05,CNC,2.97,58.53,14.22,87.5,2776.1,normal,132.35,13.4,44.57,0,none,0.0
2037-06-11,M05,CNC,3.28,73.62,25.17,99.4,3905.5,peak,132.39,8.9,44.53,0,none,0.0
2037-06-12,M05,CNC,1.91,55.72,12.66,83.7,2908.2,normal,132.8,17.7,44.12,0,none,0.0
2037-06-13,M05,CNC,2.69,66.27,11.93,78.6,3017.1,normal,133.25,9.0,43.67,0,none,0.0
2037-06-14,M05,CNC,2.14,58.86,16.51,89.4,2823.8,normal,133.74,10.4,43.18,0,none,0.0
2037-06-15,M05,CNC,1.95,57.83,12.61,68.8,2937.4,normal,134.09,9.7,42.83,0,none,0.0
2037-06-16,M05,CNC,3.16,58.84,15.69,55.5,2765.8,normal,134.24,8.0,42.68,0,none,0.0
2037-06-17,M05,CNC,2.6,55.05,12.62,86.1,2821.3,normal,134.62,13.8,42.3,0,none,0.0
2037-06-18,M05,CNC,0.94,47.43,4.28,23.3,891.3,idle,134.97,12.5,41.95,0,none,0.0
2037-06-19,M05,CNC,2.46,63.78,16.14,82.0,891.3,normal,135.12,8.8,41.8,0,none,0.0
2037-06-20,M05,CNC,2.46,62.34,15.14,70.8,2779.8,normal,135.52,9.5,41.4,0,none,0.0
2037-06-21,M05,CNC,2.72,62.34,15.14,85.4,3000.4,normal,136.02,14.2,40.9,0,none,0.0
2037-06-22,M05,CNC,2.54,62.19,13.64,85.4,3000.4,normal,136.25,15.7,40.67,0,none,0.0
2037-06-23,M05,CNC,0.93,48.21,5.1,23.8,873.9,idle,136.39,12.9,40.53,0,none,0.0
2037-06-24,M05,CNC,0.92,47.55,4.32,22.0,858.2,idle,136.84,11.4,40.08,0,none,0.0
2037-06-25,M05,CNC,1.98,68.02,12.52,86.7,2775.6,normal,136.87,14.2,40.05,0,none,0.0
2037-06-26,M05,CNC,1.98,63.37,11.48,87.6,2729.4,normal,137.34,10.1,39.58,0,none,0.0
2037-06-27,M05,CNC,0.86,55.48,4.91,20.6,848.0,idle,137.44,14.0,39.48,0,none,0.0
2037-06-28,M05,CNC,0.9,48.35,5.05,25.0,885.7,idle,137.84,9.7,39.08,0,none,0.0
2037-06-29,M05,CNC,1.98,59.08,12.15,74.6,2825.1,normal,138.07,11.1,38.85,0,none,0.0
2037-06-30,M05,CNC,3.15,67.59,12.15,75.7,2750.8,normal,138.3,15.1,38.62,0,none,0.0
2037-07-01,M05,CNC,2.29,59.88,11.49,75.4,2877.4,normal,138.8,14.0,38.12,0,none,0.0
2037-07-02,M05,CNC,3.55,82.24,24.1,96.5,3714.3,peak,139.09,14.9,37.83,0,none,0.0
2037-07-03,M05,CNC,2.79,72.35,14.38,88.1,2837.0,normal,139.42,15.0,37.5,0,none,0.0
2037-07-04,M05,CNC,0.89,52.85,5.5,22.2,879.8,idle,139.69,8.2,37.23,0,none,0.0
2037-07-05,M05,CNC,1.97,64.69,14.01,75.1,2782.8,normal,140.02,11.8,36.9,0,none,0.0
2037-07-06,M05,CNC,2.57,65.57,15.28,81.4,2913.9,normal,140.3,12.5,36.62,0,none,0.0
2037-07-07,M05,CNC,2.45,73.47,16.48,61.9,2754.6,normal,140.55,10.5,36.37,0,none,0.0
2037-07-08,M05,CNC,2.4,65.38,16.51,81.6,2942.9,normal,140.7,17.1,36.22,0,none,0.0
2037-07-09,M05,CNC,2.34,67.61,12.47,56.1,2893.0,normal,140.87,9.7,36.05,0,none,0.0
2037-07-10,M05,CNC,2.16,69.09,15.13,82.8,2731.4,normal,141.35,13.2,35.57,0,none,0.0
2037-07-11,M05,CNC,1.01,59.28,5.84,24.5,860.7,idle,141.65,16.5,35.27,0,none,0.0
2037-07-12,M05,CNC,2.58,70.42,15.75,76.0,2915.7,normal,141.89,15.6,35.03,0,none,0.0
2037-07-13,M05,CNC,0.9,50.71,5.37,21.6,841.2,idle,141.95,9.6,34.97,0,none,0.0
2037-07-14,M05,CNC,0.77,53.59,5.37,23.3,815.1,idle,142.3,8.5,34.62,0,none,0.0
2037-07-15,M05,CNC,2.67,64.18,14.01,67.4,2950.1,normal,142.37,10.6,34.55,0,none,0.0
2037-07-16,M05,CNC,2.02,70.13,16.73,88.5,2732.5,normal,142.47,16.6,34.45,0,none,0.0
2037-07-17,M05,CNC,0.93,50.44,5.29,20.8,869.7,idle,142.64,9.9,34.28,0,none,0.0
2037-07-18,M05,CNC,2.13,67.88,14.39,88.9,2865.7,normal,142.89,13.2,34.03,0,none,0.0
2037-07-19,M05,CNC,0.86,52.7,4.68,24.5,858.7,idle,143.04,14.2,33.88,0,none,0.0
2037-07-20,M05,CNC,0.96,50.95,4.68,23.9,876.0,idle,143.37,15.8,33.55,0,none,0.0
2037-07-21,M05,CNC,2.86,65.45,13.47,58.7,2876.1,normal,143.85,9.8,33.07,0,none,0.0
2037-07-22,M05,CNC,1.0,53.13,4.78,20.5,870.3,idle,144.17,12.2,32.75,0,none,0.0
2037-07-23,M05,CNC,0.84,54.65,4.99,22.5,870.3,idle,144.29,16.1,32.63,0,none,0.0
2037-07-24,M05,CNC,1.05,53.13,5.68,22.1,874.1,idle,144.42,8.8,32.5,0,none,0.0
2037-07-25,M05,CNC,0.87,51.69,5.4,20.9,810.6,idle,144.85,16.2,32.07,0,none,0.0
2037-07-26,M05,CNC,1.0,59.02,5.32,24.1,843.2,idle,144.97,15.8,31.95,0,none,0.0
2037-07-27,M05,CNC,0.98,57.9,5.68,21.2,824.4,idle,145.29,15.2,31.63,0,none,0.0
2037-07-28,M05,CNC,0.92,56.47,5.87,22.2,817.1,idle,145.39,9.9,31.53,0,none,0.0
2037-07-29,M05,CNC,0.86,54.49,5.82,22.8,852.0,idle,145.84,16.6,31.08,0,none,0.0
2037-07-30,M05,CNC,0.91,61.55,6.27,24.0,861.1,idle,146.27,16.1,30.65,0,none,0.0
2037-07-31,M05,CNC,0.94,62.22,6.02,25.9,844.3,idle,146.57,8.6,30.35,0,none,0.0
2037-08-01,M05,CNC,1.03,58.37,5.04,22.1,862.0,idle,146.67,12.7,30.25,0,none,0.0
2037-08-02,M05,CNC,0.8,59.21,5.25,22.3,860.0,idle,147.15,16.6,29.77,0,none,0.0
2037-08-03,M05,CNC,1.07,59.63,5.1,22.9,827.2,idle,147.62,15.8,29.3,0,none,0.0
2037-08-04,M05,CNC,0.91,54.86,5.57,21.8,843.1,idle,147.89,9.8,29.03,0,none,0.0
2037-08-05,M05,CNC,0.9,58.2,4.73,26.0,832.8,idle,147.97,9.6,28.95,0,none,0.0
2037-08-06,M05,CNC,0.8,59.56,6.17,24.6,844.6,idle,148.32,8.7,28.6,0,none,0.0
2037-08-07,M05,CNC,0.83,60.9,6.17,23.4,856.5,idle,148.55,10.9,28.37,0,none,0.0
2037-08-08,M05,CNC,0.88,56.96,6.18,23.8,797.1,idle,148.85,14.8,28.07,0,none,0.0
2037-08-09,M05,CNC,0.91,63.29,4.72,20.0,814.9,idle,149.09,15.3,27.83,0,none,0.0
2037-08-10,M05,CNC,1.1,64.08,5.6,23.3,816.8,idle,149.59,17.6,27.33,0,none,0.0
2037-08-11,M05,CNC,2.15,63.44,4.89,22.9,835.8,idle,149.89,14.1,27.03,0,none,0.0
2037-08-12,M05,CNC,0.83,60.78,5.74,24.4,808.6,idle,150.29,12.1,26.63,0,none,0.0
2037-08-13,M05,CNC,0.9,61.4,6.45,21.3,808.6,idle,150.45,12.1,26.47,0,none,0.0
2037-08-14,M05,CNC,3.18,78.31,11.91,63.4,2625.1,normal,150.75,9.3,26.17,0,none,0.0
2037-08-15,M05,CNC,0.92,65.77,11.91,63.4,792.3,idle,150.8,14.0,26.12,0,none,0.0
2037-08-16,M05,CNC,1.04,58.08,4.96,22.0,841.5,idle,151.02,9.2,25.9,0,none,0.0
2037-08-17,M05,CNC,0.83,58.78,4.77,25.8,828.5,idle,151.52,11.8,25.4,0,none,0.0
2037-08-18,M05,CNC,1.05,63.15,5.02,23.6,797.9,idle,151.74,12.9,25.18,0,none,0.0
2037-08-19,M05,CNC,2.7,75.48,15.67,56.5,2606.1,normal,152.17,12.4,24.75,0,none,0.0
2037-08-20,M05,CNC,1.08,64.48,4.93,20.8,845.1,idle,152.54,12.5,24.38,0,none,0.0
2037-08-21,M05,CNC,1.07,67.42,5.25,22.9,801.7,idle,152.87,15.5,24.05,0,none,0.0
2037-08-22,M05,CNC,1.03,58.88,5.04,20.4,830.3,idle,153.24,12.0,23.68,1,motor_overheat,4165.0
2037-08-23,M05,CNC,4.15,86.26,32.23,106.1,3638.8,peak,153.27,17.0,23.65,1,motor_overheat,5071.0
2037-08-24,M05,CNC,3.67,74.8,32.23,89.7,2590.8,normal,153.55,15.1,23.37,1,motor_overheat,6043.0
2037-08-25,M05,CNC,2.97,72.97,15.44,73.2,2646.5,normal,154.05,9.3,22.87,1,motor_overheat,3420.0
2037-08-26,M05,CNC,4.23,72.97,25.03,100.8,2646.5,peak,154.2,17.0,22.72,1,motor_overheat,3829.0
2037-08-27,M05,CNC,3.42,79.44,18.38,58.5,2597.5,normal,154.39,11.5,22.53,1,motor_overheat,6166.0
2037-08-28,M05,CNC,0.86,60.54,5.84,25.8,804.0,idle,154.89,12.3,22.03,1,motor_overheat,7900.0
2037-08-29,M05,CNC,3.65,69.64,18.9,58.9,2822.6,normal,155.07,13.1,21.85,1,motor_overheat,6908.0
2037-08-30,M05,CNC,3.77,93.22,24.38,99.5,3624.1,peak,155.12,16.7,21.8,1,motor_overheat,6927.0
2037-08-31,M05,CNC,2.71,79.16,19.31,75.0,2768.8,normal,155.19,9.9,21.73,1,motor_overheat,7151.0
2037-09-01,M05,CNC,2.24,78.66,15.19,85.7,2676.0,normal,155.3,9.0,21.62,1,motor_overheat,7600.0
2037-09-02,M05,CNC,3.21,72.78,13.67,66.3,2651.3,normal,155.47,13.1,21.45,1,motor_overheat,7268.0
2037-09-03,M05,CNC,2.52,70.27,18.27,54.4,2809.7,normal,155.69,12.0,21.23,1,motor_overheat,6770.0
2037-09-04,M05,CNC,2.31,70.66,16.12,71.1,2698.8,normal,155.9,10.8,21.02,1,motor_overheat,3417.0
2037-09-05,M05,CNC,3.05,74.31,16.97,71.1,2651.8,normal,156.35,9.2,20.57,1,motor_overheat,6591.0
2037-09-06,M05,CNC,3.48,81.24,14.86,84.2,2808.2,normal,156.79,15.6,20.13,1,motor_overheat,3296.0
2037-09-07,M05,CNC,1.01,62.75,6.63,21.1,778.1,idle,157.17,15.3,19.75,1,motor_overheat,7639.0
2037-09-08,M05,CNC,2.66,81.72,19.19,76.2,2810.3,normal,157.47,17.7,19.45,1,motor_overheat,6095.0
2037-09-09,M05,CNC,0.86,61.57,6.09,25.8,805.7,idle,157.67,12.4,19.25,1,motor_overheat,5188.0
2037-09-10,M05,CNC,2.21,74.36,13.76,64.8,2559.5,normal,157.77,17.1,19.15,1,motor_overheat,3763.0
2037-09-11,M05,CNC,3.63,79.02,17.23,54.5,2559.2,normal,158.12,11.9,18.8,1,motor_overheat,3343.0
2037-09-12,M05,CNC,3.1,84.64,16.09,85.4,2765.1,normal,158.17,17.5,18.75,1,motor_overheat,4593.0
2037-09-13,M05,CNC,2.26,74.54,17.17,68.8,2621.0,normal,158.42,12.2,18.5,1,motor_overheat,4242.0
2037-09-14,M05,CNC,2.83,78.37,19.24,55.9,2615.8,normal,158.67,10.6,18.25,1,motor_overheat,4725.0
2037-09-15,M05,CNC,4.31,91.59,30.34,109.1,3662.8,peak,158.7,9.6,18.22,1,motor_overheat,3306.0
2037-09-16,M05,CNC,1.03,63.99,5.85,24.2,823.6,idle,158.87,15.9,18.05,1,motor_overheat,4794.0
2037-09-17,M05,CNC,4.72,90.32,29.13,95.3,3460.8,peak,159.14,9.7,17.78,1,motor_overheat,7042.0
2037-09-18,M05,CNC,2.4,72.91,15.17,64.8,2708.0,normal,159.22,12.6,17.7,1,motor_overheat,5807.0
2037-09-19,M05,CNC,1.02,68.31,5.91,21.7,828.9,idle,159.57,11.7,17.35,1,motor_overheat,6841.0
2037-09-20,M05,CNC,2.29,86.55,14.48,71.5,2559.9,normal,159.74,13.5,17.18,1,motor_overheat,5708.0
2037-09-21,M05,CNC,0.86,67.04,6.44,21.6,802.7,idle,160.1,13.3,16.82,1,motor_overheat,7831.0
2037-09-22,M05,CNC,0.93,66.85,6.77,25.1,798.9,idle,160.4,16.1,16.52,1,motor_overheat,5009.0
2037-09-23,M05,CNC,0.92,65.0,6.86,21.2,817.0,idle,160.55,12.3,16.37,1,motor_overheat,5229.0
2037-09-24,M05,CNC,4.2,95.0,27.43,100.3,3594.2,peak,160.75,11.0,16.17,1,motor_overheat,6315.0
2037-09-25,M05,CNC,4.76,95.0,31.73,106.3,3573.6,peak,160.8,11.0,16.12,1,motor_overheat,5110.0
2037-09-26,M05,CNC,1.12,71.91,5.99,23.7,798.9,idle,160.89,13.6,16.03,1,motor_overheat,4793.0
2037-09-27,M05,CNC,4.39,95.0,27.39,98.1,3537.4,peak,161.39,12.6,15.53,1,motor_overheat,4255.0
2037-09-28,M05,CNC,0.91,68.71,6.81,23.7,817.3,idle,161.47,13.1,15.45,1,motor_overheat,6380.0
2037-09-29,M05,CNC,2.45,87.55,17.09,53.2,2681.9,normal,161.89,13.7,15.03,1,motor_overheat,5450.0
2037-09-30,M05,CNC,3.78,75.28,16.95,86.8,2513.6,normal,161.95,14.2,14.97,1,motor_overheat,3543.0
2037-10-01,M05,CNC,3.24,81.52,15.04,75.8,2521.3,normal,162.39,16.9,14.53,1,motor_overheat,6568.0
2037-10-02,M05,CNC,1.13,64.61,5.71,23.0,784.1,idle,162.62,9.5,14.3,1,motor_overheat,6876.0
2037-10-03,M05,CNC,1.13,87.06,19.96,85.2,2645.0,normal,162.65,11.7,14.27,1,motor_overheat,5523.0
2037-10-04,M05,CNC,3.68,88.52,15.59,62.8,2529.9,normal,162.8,18.0,14.12,1,motor_overheat,6246.0
2037-10-05,M05,CNC,3.0,89.14,16.9,77.4,2530.8,normal,163.14,12.3,13.78,1,motor_overheat,4926.0
2037-10-06,M05,CNC,2.43,82.05,20.17,65.7,2733.9,normal,163.32,16.0,13.6,1,motor_overheat,5753.0
2037-10-07,M05,CNC,2.39,84.43,17.25,84.7,2498.9,normal,163.44,13.9,13.48,1,motor_overheat,3678.0
2037-10-08,M05,CNC,2.52,78.53,20.19,57.8,2507.1,normal,163.52,16.0,13.4,1,motor_overheat,3069.0
2037-10-09,M05,CNC,3.1,83.23,19.32,88.1,2640.4,normal,163.62,12.9,13.3,1,motor_overheat,3756.0
2037-10-10,M05,CNC,1.2,72.88,5.69,25.6,798.2,idle,164.07,14.5,12.85,1,motor_overheat,3420.0
2037-10-11,M05,CNC,2.9,85.85,15.66,56.3,2684.1,normal,164.1,8.3,12.82,1,motor_overheat,5387.0
2037-10-12,M05,CNC,3.61,86.93,14.25,88.3,2494.8,normal,164.57,14.9,12.35,1,motor_overheat,5926.0
2037-10-13,M05,CNC,2.78,80.17,12.76,67.4,2650.6,normal,164.95,8.4,11.97,1,motor_overheat,5537.0
2037-10-14,M05,CNC,3.73,91.27,19.2,69.8,2675.5,normal,165.15,18.0,11.77,1,motor_overheat,3674.0
2037-10-15,M05,CNC,3.66,83.44,19.01,70.3,2585.3,normal,165.2,16.2,11.72,1,motor_overheat,4574.0
2037-10-16,M05,CNC,3.12,86.93,18.57,65.6,2630.3,normal,165.65,11.9,11.27,1,motor_overheat,7017.0
2037-10-17,M05,CNC,3.78,91.49,14.35,59.3,2657.5,normal,165.74,10.9,11.18,1,motor_overheat,7309.0
2037-10-18,M05,CNC,1.01,67.13,5.91,24.8,801.4,idle,165.8,10.8,11.12,1,motor_overheat,3532.0
2037-10-19,M05,CNC,3.07,84.18,17.38,60.3,2614.4,normal,166.07,10.6,10.85,1,motor_overheat,7217.0
2037-10-20,M05,CNC,2.24,84.28,15.3,77.7,2643.4,normal,166.15,10.2,10.77,1,motor_overheat,5324.0
2037-10-21,M05,CNC,2.87,77.3,14.6,76.1,2492.9,normal,166.2,11.4,10.72,1,motor_overheat,4333.0
2037-10-22,M05,CNC,2.41,87.19,18.94,64.2,2599.9,normal,166.6,12.5,10.32,1,motor_overheat,7168.0
2037-10-23,M05,CNC,3.86,91.79,15.13,64.2,2625.8,normal,166.79,15.1,10.13,1,motor_overheat,6285.0
2037-10-24,M05,CNC,1.23,72.57,6.8,64.2,779.4,idle,167.04,10.4,9.88,1,motor_overheat,5533.0
2037-10-25,M05,CNC,3.61,81.99,13.59,68.2,2712.2,normal,167.42,10.4,9.5,1,motor_overheat,4218.0
2037-10-26,M05,CNC,1.06,74.71,6.54,20.8,770.7,idle,167.82,8.8,9.1,1,motor_overheat,7814.0
2037-10-27,M05,CNC,1.13,78.45,5.65,22.5,751.2,idle,168.32,9.1,8.6,1,motor_overheat,6677.0
2037-10-28,M05,CNC,0.96,72.57,6.39,21.4,759.0,idle,168.42,8.7,8.5,1,motor_overheat,5725.0
2037-10-29,M05,CNC,1.16,78.72,5.98,24.1,759.8,idle,168.82,10.4,8.1,1,motor_overheat,6945.0
2037-10-30,M05,CNC,1.23,76.01,6.94,20.3,780.0,idle,169.07,17.3,7.85,1,motor_overheat,7522.0
2037-10-31,M05,CNC,1.08,72.51,5.87,23.5,785.4,idle,169.49,17.4,7.43,1,motor_overheat,4718.0
2037-11-01,M05,CNC,0.89,75.61,5.72,20.8,778.9,idle,169.99,8.3,6.93,1,motor_overheat,4282.0
2037-11-02,M05,CNC,0.99,74.52,6.1,23.9,769.0,idle,170.22,8.7,6.7,1,motor_overheat,3257.0
2037-11-03,M05,CNC,3.97,85.75,19.29,61.8,2567.2,normal,170.69,10.5,6.23,1,motor_overheat,4528.0
2037-11-04,M05,CNC,1.1,74.09,6.37,21.7,738.2,idle,171.15,14.6,5.77,1,motor_overheat,6256.0
2037-11-05,M05,CNC,0.96,74.09,7.0,21.7,761.4,idle,171.6,11.2,5.32,1,motor_overheat,4088.0
2037-11-06,M05,CNC,0.9,73.83,7.03,23.6,747.8,idle,172.07,17.7,4.85,1,motor_overheat,6459.0
2037-11-07,M05,CNC,0.99,79.91,5.87,22.0,774.5,idle,172.45,17.2,4.47,1,motor_overheat,7641.0
2037-11-08,M05,CNC,1.11,76.71,7.31,21.3,777.8,idle,172.94,8.1,3.98,1,motor_overheat,4344.0
2037-11-09,M05,CNC,0.96,78.38,7.27,22.8,776.3,idle,173.1,12.9,3.82,1,motor_overheat,5740.0
2037-11-10,M05,CNC,1.21,73.65,6.93,25.5,767.1,idle,173.2,9.4,3.72,1,motor_overheat,7200.0
2037-11-11,M05,CNC,0.97,73.82,6.02,20.6,762.4,idle,173.55,10.8,3.37,1,motor_overheat,4656.0
2037-11-12,M05,CNC,0.92,75.08,6.41,22.8,764.3,idle,173.97,8.4,2.95,1,motor_overheat,3075.0
2037-11-13,M05,CNC,1.17,73.59,5.68,20.4,754.8,idle,174.34,11.4,2.58,1,motor_overheat,6055.0
2037-11-14,M05,CNC,0.91,80.72,5.98,25.6,758.0,idle,174.54,12.8,2.38,1,motor_overheat,7104.0
2037-11-15,M05,CNC,1.07,81.17,7.0,23.6,784.6,idle,174.67,11.3,2.25,1,motor_overheat,7136.0
2037-11-16,M05,CNC,1.07,81.57,6.32,25.0,743.6,idle,174.84,16.9,2.08,1,motor_overheat,7837.0
2037-11-17,M05,CNC,2.84,81.57,15.07,60.7,2473.5,normal,175.19,10.0,1.73,1,motor_overheat,3322.0
2037-11-18,M05,CNC,3.55,81.57,19.26,83.5,2532.2,normal,175.45,13.9,1.47,1,motor_overheat,5377.0
2037-11-19,M05,CNC,2.46,85.67,18.21,64.5,2446.5,normal,175.77,12.6,1.15,1,motor_overheat,5330.0
2037-11-20,M05,CNC,3.17,94.31,16.71,82.5,2577.3,normal,175.97,13.9,0.95,1,motor_overheat,3514.0
2037-11-21,M05,CNC,1.19,84.36,6.19,23.9,775.3,idle,176.25,12.2,0.67,1,motor_overheat,6797.0
2037-11-22,M05,CNC,3.39,95.0,17.05,74.4,2395.7,normal,176.75,10.3,0.5,1,motor_overheat,5581.0
2037-11-23,M05,CNC,1.0,48.0,5.3,24.2,863.0,idle,0.0,8.4,83.48,0,none,0.0
2037-11-24,M05,CNC,0.71,48.65,4.59,21.6,889.3,idle,0.15,13.8,83.33,0,none,0.0
2037-11-25,M05,CNC,2.39,59.77,12.64,78.5,3056.0,normal,0.38,13.3,83.09,0,none,0.0
2037-11-26,M05,CNC,2.07,54.94,12.34,88.6,2909.6,normal,0.43,16.2,83.04,0,none,0.0
2037-11-27,M05,CNC,2.33,59.8,12.22,88.2,3068.3,normal,0.58,12.3,82.89,0,none,0.0
2037-11-28,M05,CNC,0.85,46.45,4.09,24.2,899.5,idle,0.65,10.7,82.83,0,none,0.0
2037-11-29,M05,CNC,0.81,42.2,5.37,22.6,895.8,idle,1.12,17.4,82.36,0,none,0.0
2037-11-30,M05,CNC,1.85,56.21,14.81,22.6,2980.9,normal,1.15,17.5,82.33,0,none,0.0
2037-12-01,M05,CNC,0.76,44.17,5.39,23.4,913.1,idle,1.6,15.9,81.88,0,none,0.0
2037-12-02,M05,CNC,3.06,64.16,15.32,52.1,3080.2,normal,2.03,8.5,81.44,0,none,0.0
2037-12-03,M05,CNC,1.99,50.6,9.86,65.3,2986.2,normal,2.37,14.6,81.11,0,none,0.0
2037-12-04,M05,CNC,0.82,50.6,4.71,22.6,903.0,idle,2.55,16.6,80.93,0,none,0.0
2037-12-05,M05,CNC,2.19,53.26,11.16,63.5,2979.8,normal,2.78,11.3,80.69,0,none,0.0
2037-12-06,M05,CNC,0.84,43.37,4.56,22.2,918.1,idle,3.1,8.1,80.38,0,none,0.0
2037-12-07,M05,CNC,2.13,62.27,14.1,52.2,3097.9,normal,3.35,14.5,80.13,0,none,0.0
2037-12-08,M05,CNC,2.13,60.24,12.13,73.1,2876.0,normal,3.63,9.3,79.84,0,none,0.0
2037-12-09,M05,CNC,0.71,48.36,5.34,21.0,905.1,idle,4.05,9.7,79.43,0,none,0.0
2037-12-10,M05,CNC,0.92,41.78,4.63,22.5,903.2,idle,4.23,12.2,79.24,0,none,0.0
2037-12-11,M05,CNC,2.97,51.42,13.16,81.0,3035.9,normal,4.73,15.3,78.74,0,none,0.0
2037-12-12,M05,CNC,2.01,57.88,15.07,64.1,2927.5,normal,4.95,17.3,78.53,0,none,0.0
2037-12-13,M05,CNC,3.84,59.52,26.59,99.7,3800.4,peak,5.13,14.9,78.34,0,none,0.0
2037-12-14,M05,CNC,2.13,51.34,10.1,78.3,2864.2,normal,5.5,17.8,77.98,0,none,0.0
2037-12-15,M05,CNC,3.11,57.75,12.49,68.5,2864.2,normal,5.98,17.4,77.49,0,none,0.0
2037-12-16,M05,CNC,2.43,51.93,15.22,68.3,2822.2,normal,6.13,15.7,77.34,0,none,0.0
2037-12-17,M05,CNC,3.62,69.0,20.76,107.0,4000.9,peak,6.57,17.7,76.91,0,none,0.0
2037-12-18,M05,CNC,0.9,44.21,5.44,21.6,890.4,idle,6.65,11.4,76.83,0,none,0.0
2037-12-19,M05,CNC,0.79,47.45,4.07,20.3,906.8,idle,6.95,15.8,76.53,0,none,0.0
2037-12-20,M05,CNC,2.41,55.12,13.45,78.7,2860.4,normal,7.22,12.8,76.26,0,none,0.0
2037-12-21,M05,CNC,2.06,64.37,13.33,66.8,3040.4,normal,7.57,8.8,75.91,0,none,0.0
2037-12-22,M05,CNC,2.54,53.62,10.84,67.1,3058.0,normal,8.02,9.8,75.46,0,none,0.0
2037-12-23,M05,CNC,0.72,42.19,5.34,20.7,894.1,idle,8.47,17.4,75.01,0,none,0.0
2037-12-24,M05,CNC,0.76,46.06,4.57,20.6,890.8,idle,8.88,17.1,74.59,0,none,0.0
2037-12-25,M05,CNC,2.76,60.2,13.64,20.6,2955.8,normal,9.33,15.7,74.14,0,none,0.0
2037-12-26,M05,CNC,0.89,46.9,13.64,23.5,860.9,idle,9.4,11.4,74.08,0,none,0.0
2037-12-27,M05,CNC,0.76,42.6,5.38,24.6,888.7,idle,9.7,13.3,73.78,0,none,0.0
2037-12-28,M05,CNC,2.15,51.66,15.34,85.9,2833.2,normal,9.98,15.6,73.49,0,none,0.0
2037-12-29,M05,CNC,0.94,51.66,4.49,24.4,893.0,idle,10.2,16.5,73.28,0,none,0.0
2037-12-30,M05,CNC,0.93,40.74,4.48,21.9,873.1,idle,10.65,9.0,72.83,0,none,0.0
2037-12-31,M05,CNC,0.85,42.83,4.67,22.2,901.5,idle,10.95,12.0,72.53,0,none,0.0
2038-01-01,M05,CNC,0.88,46.54,4.32,21.9,851.5,idle,11.07,14.4,72.41,0,none,0.0
2038-01-02,M05,CNC,0.73,42.65,4.1,23.6,919.9,idle,11.5,15.0,71.98,0,none,0.0
2038-01-03,M05,CNC,0.73,48.21,4.18,24.0,895.0,idle,11.92,14.6,71.56,0,none,0.0
2038-01-04,M05,CNC,0.97,41.14,4.47,20.5,878.5,idle,12.35,15.7,71.13,0,none,0.0
2038-01-05,M05,CNC,0.97,47.82,5.08,23.2,911.8,idle,12.58,11.7,70.89,0,none,0.0
2038-01-06,M05,CNC,0.83,41.5,5.26,21.7,853.8,idle,13.08,12.5,70.39,0,none,0.0
2038-01-07,M05,CNC,0.74,46.09,4.91,21.6,900.9,idle,13.12,8.2,70.36,0,none,0.0
2038-01-08,M05,CNC,2.88,63.81,13.3,81.6,3025.9,normal,13.5,14.5,69.98,0,none,0.0
2038-01-09,M05,CNC,0.78,43.1,4.72,20.1,3025.9,idle,13.75,8.1,69.73,0,none,0.0
2038-01-10,M05,CNC,2.46,51.62,10.32,69.6,3019.3,normal,13.95,8.9,69.53,0,none,0.0
2038-01-11,M05,CNC,0.95,45.46,4.71,69.6,863.5,idle,14.42,13.2,69.06,0,none,0.0
2038-01-12,M05,CNC,0.74,47.92,4.7,24.7,899.3,idle,14.85,9.4,68.63,0,none,0.0
2038-01-13,M05,CNC,0.76,45.1,4.67,22.5,888.0,idle,15.13,13.5,68.34,0,none,0.0
2038-01-14,M05,CNC,0.99,48.13,5.36,20.2,859.8,idle,15.57,14.2,67.91,0,none,0.0
2038-01-15,M05,CNC,0.73,42.63,4.66,23.9,885.1,idle,15.62,14.4,67.86,0,none,0.0
2038-01-16,M05,CNC,0.97,49.4,4.25,25.1,883.7,idle,15.77,16.2,67.71,0,none,0.0
2038-01-17,M05,CNC,0.84,47.85,4.14,25.3,897.0,idle,15.95,9.1,67.53,0,none,0.0
2038-01-18,M05,CNC,0.84,47.85,4.78,20.6,861.7,idle,16.13,18.0,67.34,0,none,0.0
2038-01-19,M05,CNC,2.25,51.55,14.8,63.3,3092.8,normal,16.53,11.8,66.94,0,none,0.0
2038-01-20,M05,CNC,2.25,51.55,12.59,69.7,2947.8,normal,16.63,16.5,66.84,0,none,0.0
2038-01-21,M05,CNC,3.63,58.53,24.86,102.3,4037.3,peak,16.7,11.6,66.78,0,none,0.0
2038-01-22,M05,CNC,2.94,53.46,9.81,78.7,3093.3,normal,16.98,11.0,66.49,0,none,0.0
2038-01-23,M05,CNC,2.43,53.89,10.52,62.9,2898.4,normal,17.02,10.9,66.46,0,none,0.0
2038-01-24,M05,CNC,0.83,46.55,4.41,20.3,876.1,idle,17.13,16.7,66.34,0,none,0.0
2038-01-25,M05,CNC,3.0,57.48,15.77,71.1,2882.8,normal,17.43,16.5,66.04,0,none,0.0
2038-01-26,M05,CNC,2.07,60.42,12.99,75.0,3026.5,normal,17.65,17.7,65.83,0,none,0.0
2038-01-27,M05,CNC,2.82,50.65,14.72,72.2,2917.5,normal,18.08,16.9,65.39,0,none,0.0
2038-01-28,M05,CNC,2.82,59.19,10.47,67.9,2900.7,normal,18.2,13.8,65.28,0,none,0.0
2038-01-29,M05,CNC,2.29,51.37,10.54,58.1,2912.0,normal,18.27,10.8,65.21,0,none,0.0
2038-01-30,M05,CNC,0.97,42.06,4.62,21.9,905.1,idle,18.73,15.5,64.74,0,none,0.0
2038-01-31,M05,CNC,1.87,52.95,10.87,89.7,2971.2,normal,19.22,15.1,64.26,0,none,0.0
2038-02-01,M05,CNC,0.74,42.72,4.25,20.8,905.8,idle,19.55,13.5,63.93,0,none,0.0
2038-02-02,M05,CNC,0.85,46.31,4.5,23.3,868.0,idle,19.87,9.0,63.61,0,none,0.0
2038-02-03,M05,CNC,0.79,46.31,4.23,23.7,909.7,idle,20.1,8.4,63.38,0,none,0.0
2038-02-04,M05,CNC,1.97,63.46,10.02,65.3,2983.2,normal,20.6,14.6,62.88,0,none,0.0
2038-02-05,M05,CNC,0.87,40.96,5.2,25.8,862.7,idle,20.77,9.4,62.71,0,none,0.0
2038-02-06,M05,CNC,3.92,67.47,27.36,97.6,4037.6,peak,20.85,13.9,62.63,0,none,0.0
2038-02-07,M05,CNC,0.72,48.83,5.01,22.2,863.3,idle,20.93,8.4,62.54,0,none,0.0
2038-02-08,M05,CNC,2.94,59.05,11.84,68.9,3048.0,normal,21.38,13.4,62.09,0,none,0.0
2038-02-09,M05,CNC,2.27,51.34,15.42,66.7,2904.5,normal,21.55,17.4,61.93,0,none,0.0
2038-02-10,M05,CNC,2.27,51.34,15.42,66.7,911.6,idle,22.05,8.8,61.43,0,none,0.0
2038-02-11,M05,CNC,1.85,62.43,12.17,77.0,2911.7,normal,22.17,17.2,61.31,0,none,0.0
2038-02-12,M05,CNC,0.91,42.54,4.03,25.7,851.1,idle,22.57,14.3,60.91,0,none,0.0
2038-02-13,M05,CNC,2.95,52.54,12.05,25.7,2861.8,normal,22.6,15.3,60.88,0,none,0.0
2038-02-14,M05,CNC,3.01,57.47,11.88,77.2,2902.4,normal,22.7,17.6,60.78,0,none,0.0
2038-02-15,M05,CNC,0.8,47.34,4.46,21.2,906.5,idle,23.18,10.4,60.29,0,none,0.0
2038-02-16,M05,CNC,2.93,57.46,12.92,78.5,2952.8,normal,23.43,13.2,60.04,0,none,0.0
2038-02-17,M05,CNC,2.38,64.92,10.46,74.5,3065.8,normal,23.6,15.3,59.88,0,none,0.0
2038-02-18,M05,CNC,2.76,63.21,11.69,62.3,3055.4,normal,24.07,13.5,59.41,0,none,0.0
2038-02-19,M05,CNC,2.35,60.65,10.46,80.7,2964.7,normal,24.12,14.1,59.36,0,none,0.0
2038-02-20,M05,CNC,2.18,57.42,14.03,52.5,2991.2,normal,24.35,13.3,59.13,0,none,0.0
2038-02-21,M05,CNC,2.56,53.3,14.39,63.5,2883.1,normal,24.57,17.7,58.91,0,none,0.0
2038-02-22,M05,CNC,3.58,69.49,27.29,97.1,3918.9,peak,24.82,10.9,58.66,0,none,0.0
2038-02-23,M05,CNC,1.89,61.38,12.41,78.9,2896.7,normal,24.97,16.9,58.51,0,none,0.0
2038-02-24,M05,CNC,2.98,58.02,15.63,55.0,2954.3,normal,25.37,14.5,58.11,0,none,0.0
2038-02-25,M05,CNC,2.87,59.0,9.65,89.0,2889.5,normal,25.65,9.1,57.83,0,none,0.0
2038-02-26,M05,CNC,2.15,57.28,13.02,81.1,2918.0,normal,25.98,10.5,57.49,0,none,0.0
2038-02-27,M05,CNC,2.42,58.02,12.06,86.8,3055.4,normal,26.08,16.1,57.39,0,none,0.0
2038-02-28,M05,CNC,2.44,50.0,15.36,56.7,2873.3,normal,26.42,14.7,57.06,0,none,0.0
2038-03-01,M05,CNC,0.75,41.8,5.2,23.5,916.9,idle,26.52,10.3,56.96,0,none,0.0
2038-03-02,M05,CNC,0.77,44.86,5.47,25.0,901.0,idle,26.67,15.3,56.81,0,none,0.0
2038-03-03,M05,CNC,2.06,61.54,11.76,72.2,2982.8,normal,27.05,17.7,56.43,0,none,0.0
2038-03-04,M05,CNC,3.69,70.35,24.62,96.0,3937.2,peak,27.22,13.7,56.26,0,none,0.0
2038-03-05,M05,CNC,2.73,54.44,11.53,56.7,2925.6,normal,27.58,9.1,55.89,0,none,0.0
2038-03-06,M05,CNC,3.18,69.22,12.95,80.2,2804.1,normal,27.98,9.1,55.49,0,none,0.0
2038-03-07,M05,CNC,3.06,55.8,12.95,53.5,2843.7,normal,28.12,9.5,55.36,0,none,0.0
2038-03-08,M05,CNC,0.8,43.45,5.27,20.1,894.9,idle,28.48,16.7,54.99,0,none,0.0
2038-03-09,M05,CNC,3.31,71.99,25.79,102.5,3863.8,peak,28.68,11.8,54.79,0,none,0.0
2038-03-10,M05,CNC,0.89,41.56,4.29,23.8,919.4,idle,28.98,12.4,54.49,0,none,0.0
2038-03-11,M05,CNC,0.97,45.93,4.81,26.0,888.3,idle,29.12,9.5,54.36,0,none,0.0
2038-03-12,M05,CNC,2.39,63.64,11.02,26.0,2990.2,normal,29.35,16.7,54.13,0,none,0.0
2038-03-13,M05,CNC,3.28,64.34,22.24,103.2,4097.5,peak,29.83,10.4,53.64,0,none,0.0
2038-03-14,M05,CNC,3.38,64.39,19.32,104.1,4018.3,peak,30.12,12.4,53.36,0,none,0.0
2038-03-15,M05,CNC,2.47,53.69,13.54,72.5,2851.4,normal,30.28,12.6,53.19,0,none,0.0
2038-03-16,M05,CNC,0.82,53.69,5.47,25.1,901.4,idle,30.33,16.3,53.14,0,none,0.0
2038-03-17,M05,CNC,3.04,61.03,15.37,54.1,2936.8,normal,30.75,10.9,52.73,0,none,0.0
2038-03-18,M05,CNC,2.85,58.75,10.64,64.9,2895.3,normal,31.0,10.9,52.48,0,none,0.0
2038-03-19,M05,CNC,2.17,55.15,12.85,84.5,3022.6,normal,31.18,12.3,52.29,0,none,0.0
2038-03-20,M05,CNC,2.97,63.25,12.2,65.2,2817.3,normal,31.22,15.6,52.26,0,none,0.0
2038-03-21,M05,CNC,3.1,50.99,14.32,66.4,3084.6,normal,31.28,11.5,52.19,0,none,0.0
2038-03-22,M05,CNC,2.39,62.25,11.34,63.4,2978.7,normal,31.65,10.0,51.83,0,none,0.0
2038-03-23,M05,CNC,3.2,62.25,15.59,81.9,3038.8,normal,32.13,12.8,51.34,0,none,0.0
2038-03-24,M05,CNC,0.83,43.87,4.29,25.8,917.2,idle,32.37,12.8,51.11,0,none,0.0
2038-03-25,M05,CNC,2.85,54.44,11.09,89.6,2820.0,normal,32.63,8.2,50.84,0,none,0.0
2038-03-26,M05,CNC,0.95,43.55,4.63,25.0,856.3,idle,32.78,11.8,50.69,0,none,0.0
2038-03-27,M05,CNC,0.81,49.52,5.05,24.5,903.0,idle,33.1,17.3,50.38,0,none,0.0
2038-03-28,M05,CNC,0.72,42.03,4.74,22.2,878.8,idle,33.18,11.7,50.29,0,none,0.0
2038-03-29,M05,CNC,0.93,40.15,4.99,20.0,854.4,idle,33.35,10.7,50.13,0,none,0.0
2038-03-30,M05,CNC,0.82,48.41,4.22,23.3,897.5,idle,33.73,11.1,49.74,0,none,0.0
2038-03-31,M05,CNC,0.77,45.12,5.37,23.1,861.0,idle,33.97,13.7,49.51,0,none,0.0
2038-04-01,M05,CNC,0.89,45.92,4.04,20.5,861.0,idle,34.47,17.0,49.01,0,none,0.0
2038-04-02,M05,CNC,0.74,42.59,4.68,22.2,912.4,idle,34.63,15.6,48.84,0,none,0.0
2038-04-03,M05,CNC,2.66,63.14,12.93,55.4,2939.0,normal,35.02,16.6,48.46,0,none,0.0
2038-04-04,M05,CNC,0.95,41.94,4.14,22.0,877.2,idle,35.35,13.3,48.13,0,none,0.0
2038-04-05,M05,CNC,0.79,41.35,4.38,24.1,877.0,idle,35.47,17.8,48.01,0,none,0.0
2038-04-06,M05,CNC,0.89,45.36,4.82,21.5,886.5,idle,35.5,8.2,47.98,0,none,0.0
2038-04-07,M05,CNC,0.89,44.32,4.86,21.1,868.0,idle,35.93,13.5,47.54,0,none,0.0
2038-04-08,M05,CNC,0.77,44.32,4.52,25.9,874.8,idle,36.27,12.8,47.21,0,none,0.0
2038-04-09,M05,CNC,0.84,46.53,4.97,25.7,910.0,idle,36.38,11.1,47.09,0,none,0.0
2038-04-10,M05,CNC,0.94,49.52,4.97,23.7,912.1,idle,36.82,15.0,46.66,0,none,0.0
2038-04-11,M05,CNC,0.89,49.77,4.15,22.6,918.4,idle,36.98,14.3,46.49,0,none,0.0
2038-04-12,M05,CNC,0.81,47.4,4.05,24.2,915.4,idle,37.37,14.0,46.11,0,none,0.0
2038-04-13,M05,CNC,0.81,40.21,4.04,25.4,900.6,idle,37.7,11.8,45.78,0,none,0.0
2038-04-14,M05,CNC,0.73,40.55,5.21,24.9,858.4,idle,38.05,10.4,45.43,0,none,0.0
2038-04-15,M05,CNC,2.22,61.7,12.92,88.3,2944.3,normal,38.1,11.6,45.38,0,none,0.0
2038-04-16,M05,CNC,0.9,45.1,5.41,22.4,866.1,idle,38.53,11.3,44.94,0,none,0.0
2038-04-17,M05,CNC,0.8,48.53,4.75,22.1,888.1,idle,38.68,13.6,44.79,0,none,0.0
2038-04-18,M05,CNC,0.74,40.05,4.42,23.6,899.8,idle,39.08,13.7,44.39,0,none,0.0
2038-04-19,M05,CNC,0.95,49.27,4.62,24.4,855.2,idle,39.18,16.7,44.29,0,none,0.0
2038-04-20,M05,CNC,0.72,41.25,4.67,21.3,870.1,idle,39.32,13.3,44.16,0,none,0.0
2038-04-21,M05,CNC,0.89,43.59,4.84,22.5,861.8,idle,39.73,14.8,43.74,0,none,0.0
2038-04-22,M05,CNC,0.72,42.36,4.09,23.7,905.7,idle,40.05,9.4,43.43,0,none,0.0
2038-04-23,M05,CNC,2.28,55.81,14.81,60.5,2835.8,normal,40.47,11.7,43.01,0,none,0.0
2038-04-24,M05,CNC,2.5,59.69,13.4,79.1,2817.0,normal,40.52,17.2,42.96,0,none,0.0
2038-04-25,M05,CNC,2.4,53.58,14.43,85.2,2884.4,normal,40.77,10.8,42.71,0,none,0.0
2038-04-26,M05,CNC,0.73,42.53,4.16,21.9,887.7,idle,41.1,16.9,42.38,0,none,0.0
2038-04-27,M05,CNC,3.16,55.99,10.93,58.3,2851.9,normal,41.17,10.4,42.31,0,none,0.0
2038-04-28,M05,CNC,2.07,61.43,9.9,89.9,2956.8,normal,41.25,10.5,42.23,0,none,0.0
2038-04-29,M05,CNC,2.56,55.36,13.99,69.9,2898.7,normal,41.6,14.3,41.88,0,none,0.0
2038-04-30,M05,CNC,2.17,63.88,11.39,68.6,2905.1,normal,42.03,12.8,41.44,0,none,0.0
2038-05-01,M05,CNC,1.92,52.79,10.73,78.4,2922.0,normal,42.2,14.6,41.28,0,none,0.0
2038-05-02,M05,CNC,0.93,47.09,4.29,23.4,902.0,idle,42.6,17.3,40.88,0,none,0.0
2038-05-03,M05,CNC,0.89,46.0,5.11,20.3,901.2,idle,42.88,10.2,40.59,0,none,0.0
2038-05-04,M05,CNC,0.78,45.72,4.36,25.0,883.6,idle,43.13,9.0,40.34,0,none,0.0
2038-05-05,M05,CNC,2.7,61.91,15.32,79.8,2844.6,normal,43.43,17.2,40.04,0,none,0.0
2038-05-06,M05,CNC,3.0,59.28,13.46,87.0,2874.7,normal,43.6,15.0,39.88,0,none,0.0
2038-05-07,M05,CNC,0.77,45.13,5.13,22.7,894.4,idle,43.82,13.6,39.66,0,none,0.0
2038-05-08,M05,CNC,2.43,59.16,14.84,58.9,3008.6,normal,43.93,9.0,39.54,0,none,0.0
2038-05-09,M05,CNC,2.9,56.71,11.6,52.5,3039.1,normal,44.3,14.7,39.18,0,none,0.0
2038-05-10,M05,CNC,2.26,55.36,11.68,71.0,3010.8,normal,44.43,9.6,39.04,0,none,0.0
2038-05-11,M05,CNC,2.88,55.89,13.81,79.4,2889.1,normal,44.85,9.8,38.63,0,none,0.0
2038-05-12,M05,CNC,1.94,63.42,13.9,76.6,2817.7,normal,45.32,9.3,38.16,0,none,0.0
2038-05-13,M05,CNC,2.95,58.49,15.01,89.0,3087.1,normal,45.58,12.5,37.89,0,none,0.0
2038-05-14,M05,CNC,3.0,50.16,15.26,54.9,3055.4,normal,45.93,9.2,37.54,0,none,0.0
2038-05-15,M05,CNC,2.19,59.15,9.75,81.3,2833.5,normal,46.35,14.3,37.13,0,none,0.0
2038-05-16,M05,CNC,0.82,48.17,5.04,20.0,878.2,idle,46.85,16.3,36.63,0,none,0.0
2038-05-17,M05,CNC,1.86,60.1,15.8,76.9,2867.3,normal,47.1,8.6,36.38,0,none,0.0
2038-05-18,M05,CNC,2.3,64.65,10.96,73.3,2867.3,normal,47.6,11.8,35.88,0,none,0.0
2038-05-19,M05,CNC,2.88,63.01,11.72,77.1,2964.7,normal,47.72,13.3,35.76,0,none,0.0
2038-05-20,M05,CNC,0.78,42.72,4.81,20.9,906.8,idle,48.1,12.2,35.38,0,none,0.0
2038-05-21,M05,CNC,0.72,40.95,4.51,20.7,883.3,idle,48.17,10.1,35.31,0,none,0.0
2038-05-22,M05,CNC,2.36,60.83,15.69,80.6,2853.8,normal,48.27,12.3,35.21,0,none,0.0
2038-05-23,M05,CNC,0.98,43.92,4.71,22.5,869.6,idle,48.67,10.7,34.81,0,none,0.0
2038-05-24,M05,CNC,0.97,43.32,4.87,21.4,905.8,idle,48.97,16.8,34.51,0,none,0.0
2038-05-25,M05,CNC,3.82,63.04,24.82,105.6,3968.8,peak,49.27,17.3,34.21,0,none,0.0
2038-05-26,M05,CNC,3.68,67.77,18.82,105.0,3940.9,peak,49.77,13.9,33.71,0,none,0.0
2038-05-27,M05,CNC,0.83,48.6,4.03,21.5,858.5,idle,49.97,9.6,33.51,0,none,0.0
2038-05-28,M05,CNC,1.85,54.14,15.93,62.3,2999.1,normal,50.32,13.7,33.16,0,none,0.0
2038-05-29,M05,CNC,1.97,59.03,15.9,63.1,3054.4,normal,50.58,14.1,32.89,0,none,0.0
2038-05-30,M05,CNC,3.2,58.83,11.51,77.6,3053.4,normal,51.03,11.2,32.44,0,none,0.0
2038-05-31,M05,CNC,2.04,56.79,11.57,62.8,3058.2,normal,51.38,15.3,32.09,0,none,0.0
2038-06-01,M05,CNC,0.83,43.39,4.91,21.3,866.1,idle,51.82,10.0,31.66,0,none,0.0
2038-06-02,M05,CNC,2.53,56.14,11.42,54.0,2956.2,normal,52.0,13.4,31.48,0,none,0.0
2038-06-03,M05,CNC,0.94,48.51,4.35,23.6,909.9,idle,52.07,9.2,31.41,0,none,0.0
2038-06-04,M05,CNC,2.37,63.98,15.37,59.9,2877.7,normal,52.47,8.5,31.01,0,none,0.0
2038-06-05,M05,CNC,0.75,41.96,5.36,25.6,853.6,idle,52.88,17.5,30.59,0,none,0.0
2038-06-06,M05,CNC,2.63,58.46,12.04,76.0,3084.2,normal,52.97,11.9,30.51,0,none,0.0
2038-06-07,M05,CNC,2.04,51.81,9.72,65.8,2901.3,normal,53.33,15.4,30.14,0,none,0.0
2038-06-08,M05,CNC,2.4,57.55,14.43,66.9,2899.2,normal,53.43,9.8,30.04,0,none,0.0
2038-06-09,M05,CNC,2.96,62.75,11.01,64.0,3047.5,normal,53.93,9.3,29.54,0,none,0.0
2038-06-10,M05,CNC,1.91,54.89,12.41,59.1,2854.0,normal,53.98,14.1,29.49,0,none,0.0
2038-06-11,M05,CNC,2.39,61.32,14.96,89.2,2822.2,normal,54.48,13.4,28.99,0,none,0.0
2038-06-12,M05,CNC,2.1,61.35,13.01,64.5,2861.7,normal,54.55,13.4,28.93,0,none,0.0
2038-06-13,M05,CNC,2.19,56.44,10.65,88.6,2832.3,normal,54.72,13.5,28.76,0,none,0.0
2038-06-14,M05,CNC,3.18,62.63,12.25,80.1,2832.3,normal,55.18,12.3,28.29,0,none,0.0
2038-06-15,M05,CNC,0.76,43.39,4.77,23.8,888.0,idle,55.67,9.4,27.81,0,none,0.0
2038-06-16,M05,CNC,2.46,56.65,12.74,68.5,2962.4,normal,56.12,14.4,27.36,0,none,0.0
2038-06-17,M05,CNC,0.97,46.33,5.08,23.6,895.0,idle,56.42,12.4,27.06,0,none,0.0
2038-06-18,M05,CNC,0.87,40.27,5.5,20.2,877.7,idle,56.67,13.5,26.81,0,none,0.0
2038-06-19,M05,CNC,0.73,40.97,5.19,22.6,906.1,idle,57.08,12.6,26.39,0,none,0.0
2038-06-20,M05,CNC,0.78,42.56,4.38,23.7,907.0,idle,57.47,16.5,26.01,0,none,0.0
2038-06-21,M05,CNC,0.84,43.79,5.46,20.7,884.1,idle,57.5,8.1,25.98,0,none,0.0
2038-06-22,M05,CNC,0.82,40.98,4.4,20.2,911.4,idle,57.53,14.9,25.94,0,none,0.0
2038-06-23,M05,CNC,0.88,48.15,4.78,23.6,899.1,idle,58.02,8.3,25.46,0,none,0.0
2038-06-24,M05,CNC,0.97,40.92,4.5,24.2,917.1,idle,58.22,15.4,25.26,0,none,0.0
2038-06-25,M05,CNC,0.99,46.38,4.29,20.7,916.2,idle,58.58,8.8,24.89,0,none,0.0
2038-06-26,M05,CNC,0.83,41.95,4.29,20.6,901.1,idle,58.72,16.1,24.76,0,none,0.0
2038-06-27,M05,CNC,0.89,40.88,4.51,20.9,892.3,idle,58.98,13.4,24.49,0,none,0.0
2038-06-28,M05,CNC,0.84,40.04,5.46,22.1,868.1,idle,59.2,14.3,24.28,0,none,0.0
2038-06-29,M05,CNC,0.77,41.59,5.5,21.8,878.4,idle,59.55,9.5,23.93,0,none,0.0
2038-06-30,M05,CNC,0.96,46.42,5.5,25.4,902.5,idle,59.77,14.7,23.71,0,none,0.0
2038-07-01,M05,CNC,2.12,59.66,15.5,70.9,3020.1,normal,60.22,14.5,23.26,0,none,0.0
2038-07-02,M05,CNC,0.99,46.9,4.15,21.5,891.7,idle,60.65,9.6,22.83,0,none,0.0
2038-07-03,M05,CNC,0.78,49.58,4.61,22.7,899.1,idle,60.97,14.0,22.51,0,none,0.0
2038-07-04,M05,CNC,0.86,43.82,4.11,23.6,910.7,idle,61.3,10.9,22.18,0,none,0.0
2038-07-05,M05,CNC,2.76,55.72,10.33,83.0,3082.5,normal,61.6,8.8,21.88,0,none,0.0
2038-07-06,M05,CNC,0.82,47.29,4.62,23.0,908.5,idle,61.72,10.9,21.76,0,none,0.0
2038-07-07,M05,CNC,0.73,45.3,4.32,22.0,895.1,idle,62.07,11.1,21.41,0,none,0.0
2038-07-08,M05,CNC,0.71,45.94,4.43,24.0,859.9,idle,62.35,12.3,21.13,0,none,0.0
2038-07-09,M05,CNC,0.92,46.46,5.46,25.5,869.8,idle,62.38,8.5,21.09,0,none,0.0
2038-07-10,M05,CNC,0.71,46.55,4.9,20.2,858.6,idle,62.77,10.5,20.71,0,none,0.0
2038-07-11,M05,CNC,0.88,49.12,5.36,20.9,876.9,idle,62.98,8.9,20.49,0,none,0.0
2038-07-12,M05,CNC,0.71,44.69,5.13,24.7,884.9,idle,63.4,13.3,20.08,0,none,0.0
2038-07-13,M05,CNC,0.73,43.81,5.4,24.7,872.4,idle,63.63,9.2,19.84,0,none,0.0
2038-07-14,M05,CNC,0.92,47.34,5.37,22.3,886.0,idle,63.88,10.7,19.59,0,none,0.0
2038-07-15,M05,CNC,2.45,63.92,14.5,83.6,2839.9,normal,64.03,11.7,19.44,0,none,0.0
2038-07-16,M05,CNC,0.94,44.33,4.04,20.4,897.5,idle,64.08,16.2,19.39,0,none,0.0
2038-07-17,M05,CNC,0.94,63.02,14.27,52.8,3006.1,normal,64.53,15.3,18.94,0,none,0.0
2038-07-18,M05,CNC,0.76,44.23,4.94,52.8,881.9,idle,64.85,14.3,18.63,0,none,0.0
2038-07-19,M05,CNC,2.93,61.74,12.19,71.0,3010.2,normal,64.9,10.4,18.58,0,none,0.0
2038-07-20,M05,CNC,0.71,48.91,5.15,21.5,918.7,idle,65.25,13.6,18.23,0,none,0.0
2038-07-21,M05,CNC,2.05,63.71,11.61,81.0,2936.9,normal,65.6,18.0,17.88,0,none,0.0
2038-07-22,M05,CNC,2.83,52.34,11.25,55.8,3059.5,normal,66.03,14.4,17.44,0,none,0.0
2038-07-23,M05,CNC,3.44,69.81,11.25,108.5,3831.9,peak,66.52,9.8,16.96,0,none,0.0
2038-07-24,M05,CNC,3.05,52.96,14.29,79.7,2802.6,normal,66.58,16.0,16.89,0,none,0.0
2038-07-25,M05,CNC,0.77,44.92,4.63,25.5,875.2,idle,66.67,10.5,16.81,0,none,0.0
2038-07-26,M05,CNC,3.11,56.89,15.77,80.0,3048.8,normal,66.97,13.6,16.51,0,none,0.0
2038-07-27,M05,CNC,0.73,45.86,4.21,21.8,893.6,idle,67.27,10.6,16.21,0,none,0.0
2038-07-28,M05,CNC,2.82,50.59,12.95,73.5,2823.7,normal,67.68,16.6,15.79,0,none,0.0
2038-07-29,M05,CNC,2.5,60.71,9.85,80.9,2972.9,normal,67.8,12.7,15.68,0,none,0.0
2038-07-30,M05,CNC,3.87,61.71,26.33,96.4,3921.2,peak,68.3,13.2,15.18,0,none,0.0
2038-07-31,M05,CNC,0.76,48.76,5.06,20.1,850.7,idle,68.53,9.9,14.94,0,none,0.0
2038-08-01,M05,CNC,2.21,52.15,13.6,77.2,3082.6,normal,68.9,10.7,14.58,0,none,0.0
2038-08-02,M05,CNC,0.99,46.59,4.01,22.1,885.9,idle,69.0,9.4,14.48,0,none,0.0
2038-08-03,M05,CNC,2.5,59.05,15.74,85.6,2832.7,normal,69.23,11.0,14.24,0,none,0.0
2038-08-04,M05,CNC,2.17,62.5,14.86,62.5,3019.2,normal,69.35,14.5,14.13,0,none,0.0
2038-08-05,M05,CNC,0.9,44.74,4.3,25.3,897.5,idle,69.73,12.1,13.74,0,none,0.0
2038-08-06,M05,CNC,2.04,60.57,14.32,85.7,2866.8,normal,69.85,16.8,13.63,0,none,0.0
2038-08-07,M05,CNC,1.0,41.53,4.9,23.9,879.3,idle,70.28,11.7,13.19,0,none,0.0
2038-08-08,M05,CNC,0.84,48.91,4.97,23.0,859.0,idle,70.7,12.3,12.78,0,none,0.0
2038-08-09,M05,CNC,0.84,51.87,15.72,81.0,3090.1,normal,70.78,15.8,12.69,0,none,0.0
2038-08-10,M05,CNC,1.85,60.2,9.79,81.7,2914.3,normal,70.85,8.4,12.63,0,none,0.0
2038-08-11,M05,CNC,1.93,58.52,11.32,77.1,2997.4,normal,71.08,17.8,12.39,0,none,0.0
2038-08-12,M05,CNC,2.79,64.89,12.01,69.7,3041.4,normal,71.32,17.5,12.16,0,none,0.0
2038-08-13,M05,CNC,0.87,40.37,5.26,20.3,862.0,idle,71.53,16.7,11.94,0,none,0.0
2038-08-14,M05,CNC,1.94,51.17,9.67,54.1,2932.7,normal,71.58,15.9,11.89,0,none,0.0
2038-08-15,M05,CNC,0.78,41.27,4.99,21.4,851.3,idle,72.0,11.4,11.48,0,none,0.0
2038-08-16,M05,CNC,2.39,54.66,11.57,68.9,3000.7,normal,72.38,9.9,11.09,0,none,0.0
2038-08-17,M05,CNC,3.69,73.93,23.18,102.1,3864.0,peak,72.87,8.2,10.61,0,none,0.0
2038-08-18,M05,CNC,2.86,52.11,12.69,68.0,2997.5,normal,72.93,11.1,10.54,0,none,0.0
2038-08-19,M05,CNC,3.08,64.2,10.59,62.0,3043.5,normal,73.38,10.9,10.09,0,none,0.0
2038-08-20,M05,CNC,3.61,65.7,25.11,104.0,4091.2,peak,73.72,13.3,9.76,0,none,0.0
2038-08-21,M05,CNC,0.88,44.66,4.81,24.9,892.9,idle,73.75,15.3,9.73,0,none,0.0
2038-08-22,M05,CNC,2.71,64.57,13.52,66.5,3007.4,normal,73.97,15.0,9.51,0,none,0.0
2038-08-23,M05,CNC,2.72,50.21,12.54,80.2,2949.7,normal,74.27,17.8,9.21,0,none,0.0
2038-08-24,M05,CNC,0.93,44.51,5.47,21.8,2949.7,idle,74.47,9.3,9.01,0,none,0.0
2038-08-25,M05,CNC,0.83,45.42,4.52,21.4,897.0,idle,74.82,8.6,8.66,0,none,0.0
2038-08-26,M05,CNC,2.33,59.47,14.56,80.9,2912.6,normal,75.22,10.9,8.26,0,none,0.0
2038-08-27,M05,CNC,2.33,56.74,15.16,80.9,2912.6,normal,75.58,16.5,7.89,0,none,0.0
2038-08-28,M05,CNC,1.93,52.51,11.89,80.9,2997.0,normal,75.73,10.2,7.74,0,none,0.0
2038-08-29,M05,CNC,0.8,46.67,5.41,23.9,861.1,idle,76.17,9.9,7.31,0,none,0.0
2038-08-30,M05,CNC,2.61,58.13,15.16,65.3,2926.9,normal,76.47,11.2,7.01,0,none,0.0
2038-08-31,M05,CNC,2.64,57.87,14.17,53.5,2969.1,normal,76.87,15.3,6.61,0,none,0.0
2038-09-01,M05,CNC,1.97,54.73,13.8,58.0,2892.7,normal,77.32,9.0,6.16,0,none,0.0
2038-09-02,M05,CNC,0.91,46.51,13.8,23.5,860.3,idle,77.4,12.5,6.08,0,none,0.0
2038-09-03,M05,CNC,0.78,44.59,4.16,26.0,861.6,idle,77.67,15.9,5.81,0,none,0.0
2038-09-04,M05,CNC,2.89,62.45,15.96,68.3,3062.2,normal,77.98,17.8,5.49,0,none,0.0
2038-09-05,M05,CNC,3.14,52.59,12.62,54.3,2986.2,normal,78.13,14.3,5.34,0,none,0.0
2038-09-06,M05,CNC,2.61,53.06,14.69,53.4,3041.9,normal,78.27,9.3,5.21,0,none,0.0
2038-09-07,M05,CNC,1.84,59.85,10.01,61.5,3016.6,normal,78.63,10.3,4.84,0,none,0.0
2038-09-08,M05,CNC,2.19,57.67,15.45,53.9,3043.3,normal,79.13,8.3,4.34,0,none,0.0
2038-09-09,M05,CNC,3.25,60.16,19.19,109.9,3854.1,peak,79.2,17.2,4.28,0,none,0.0
2038-09-10,M05,CNC,0.97,49.91,4.58,23.8,904.5,idle,79.55,13.0,3.93,0,none,0.0
2038-09-11,M05,CNC,3.51,60.75,22.34,106.6,4034.2,peak,79.75,9.0,3.73,0,none,0.0
2038-09-12,M05,CNC,0.77,41.75,5.38,20.3,901.4,idle,80.05,15.8,3.43,0,none,0.0
2038-09-13,M05,CNC,1.86,62.57,15.39,63.3,2822.2,normal,80.47,16.9,3.01,0,none,0.0
2038-09-14,M05,CNC,2.47,62.57,12.21,77.3,2862.9,normal,80.5,10.1,2.98,0,none,0.0
2038-09-15,M05,CNC,2.3,61.74,13.68,64.4,2999.3,normal,80.53,8.3,2.94,0,none,0.0
2038-09-16,M05,CNC,0.93,45.92,13.68,20.0,906.2,idle,80.62,12.2,2.86,0,none,0.0
2038-09-17,M05,CNC,0.95,46.98,4.11,23.5,907.5,idle,80.93,14.0,2.54,0,none,0.0
2038-09-18,M05,CNC,0.82,41.98,4.88,25.0,907.5,idle,80.97,11.8,2.51,0,none,0.0
2038-09-19,M05,CNC,0.88,46.43,4.9,23.9,894.2,idle,81.25,13.0,2.23,0,none,0.0
2038-09-20,M05,CNC,0.88,42.35,4.93,20.1,894.4,idle,81.67,17.8,1.81,0,none,0.0
2038-09-21,M05,CNC,2.73,53.59,13.39,72.3,2878.2,normal,81.75,17.1,1.73,0,none,0.0
2038-09-22,M05,CNC,2.45,63.64,12.27,75.9,2810.6,normal,81.78,14.8,1.69,0,none,0.0
2038-09-23,M05,CNC,0.72,40.81,5.17,22.1,865.9,idle,82.02,15.9,1.46,0,none,0.0
2038-09-24,M05,CNC,2.85,52.55,11.1,68.4,2899.4,normal,82.12,8.8,1.36,0,none,0.0
2038-09-25,M05,CNC,0.88,43.38,4.59,25.2,911.9,idle,82.47,9.2,1.01,0,none,0.0
2038-09-26,M05,CNC,0.95,48.65,4.85,23.9,889.0,idle,82.77,13.8,0.71,0,none,0.0
2038-09-27,M05,CNC,0.94,45.51,4.17,24.9,903.2,idle,82.85,10.3,0.63,0,none,0.0
2038-09-28,M05,CNC,0.95,41.9,4.41,21.8,885.6,idle,83.08,11.4,0.5,0,none,0.0
2038-09-29,M05,CNC,0.74,43.85,4.27,21.6,899.5,idle,83.12,15.6,0.5,0,none,0.0
2038-09-30,M05,CNC,0.96,40.23,4.85,20.2,856.0,idle,83.37,16.1,0.5,0,none,0.0
2038-10-01,M05,CNC,2.79,61.03,14.79,70.0,3057.9,normal,83.48,14.1,0.5,0,none,0.0
2038-10-02,M05,CNC,0.75,42.5,4.2,24.8,866.0,idle,83.78,10.4,0.5,0,none,0.0
2038-10-03,M05,CNC,0.75,46.23,4.12,20.3,857.5,idle,83.95,12.2,0.5,0,none,0.0
2038-10-04,M05,CNC,0.7,46.97,4.84,21.3,866.3,idle,84.02,8.4,0.5,0,none,0.0
2038-10-05,M05,CNC,2.94,57.53,14.04,69.2,2871.3,normal,84.43,10.9,0.5,0,none,0.0
2038-10-06,M05,CNC,0.99,45.66,4.2,22.4,873.0,idle,84.73,17.4,0.5,0,none,0.0
2038-10-07,M05,CNC,0.76,49.33,4.2,21.2,874.6,idle,84.78,14.3,0.5,0,none,0.0
2038-10-08,M05,CNC,0.93,42.09,4.89,24.2,895.8,idle,85.22,10.4,0.5,0,none,0.0
2038-10-09,M05,CNC,0.91,47.07,5.45,22.1,911.5,idle,85.45,17.7,0.5,0,none,0.0
2038-10-10,M05,CNC,0.71,42.88,4.07,23.9,857.1,idle,85.87,14.9,0.5,0,none,0.0
2038-10-11,M05,CNC,0.95,46.47,4.04,24.3,910.3,idle,85.95,12.3,0.5,0,none,0.0
2038-10-12,M05,CNC,0.9,40.31,5.29,24.4,876.5,idle,86.43,8.4,0.5,0,none,0.0
2038-10-13,M05,CNC,2.26,57.2,15.14,61.6,2830.3,normal,86.57,8.6,0.5,0,none,0.0
2038-10-14,M05,CNC,0.96,40.26,5.37,21.8,885.6,idle,87.07,11.9,0.5,0,none,0.0
2038-10-15,M05,CNC,0.74,49.02,5.12,25.5,897.8,idle,87.57,16.2,0.5,0,none,0.0
2038-10-16,M05,CNC,0.76,43.08,4.73,23.6,914.9,idle,88.0,9.5,0.5,0,none,0.0
2038-10-17,M05,CNC,2.34,60.55,15.75,57.8,3058.8,normal,88.27,17.4,0.5,0,none,0.0
2038-10-18,M05,CNC,2.39,60.99,11.41,64.7,2808.1,normal,88.4,9.8,0.5,0,none,0.0
2038-10-19,M05,CNC,3.16,60.99,10.11,90.0,2981.5,normal,88.53,11.4,0.5,0,none,0.0
2038-10-20,M05,CNC,0.96,40.67,4.58,24.0,857.5,idle,88.58,13.1,0.5,0,none,0.0
2038-10-21,M05,CNC,2.48,56.64,10.9,63.4,3090.1,normal,88.7,9.1,0.5,0,none,0.0
2038-10-22,M05,CNC,0.79,42.13,4.8,24.0,900.8,idle,89.07,12.2,0.5,0,none,0.0
2038-10-23,M05,CNC,2.86,50.55,12.06,81.4,3071.5,normal,89.38,9.4,0.5,0,none,0.0
2038-10-24,M05,CNC,3.68,58.89,21.97,96.1,4024.6,peak,89.52,16.3,0.5,0,none,0.0
2038-10-25,M05,CNC,0.72,41.86,4.63,22.8,878.5,idle,89.7,8.4,0.5,0,none,0.0
2038-10-26,M05,CNC,2.45,60.7,11.9,72.8,2891.0,normal,89.85,13.5,0.5,0,none,0.0
2038-10-27,M05,CNC,2.3,59.21,12.69,79.5,2968.2,normal,90.3,12.5,0.5,0,none,0.0
2038-10-28,M05,CNC,2.93,56.65,12.69,77.5,2866.4,normal,90.43,10.4,0.5,0,none,0.0
2038-10-29,M05,CNC,0.82,46.25,4.04,22.6,891.9,idle,90.92,13.5,0.5,0,none,0.0
2038-10-30,M05,CNC,3.15,63.16,4.04,71.3,2816.9,normal,91.42,12.1,0.5,0,none,0.0
2038-10-31,M05,CNC,2.14,61.62,10.3,61.8,3083.2,normal,91.55,11.7,0.5,0,none,0.0
2038-11-01,M05,CNC,2.95,61.73,15.12,80.5,2836.2,normal,91.97,9.0,0.5,0,none,0.0
2038-11-02,M05,CNC,2.52,56.66,11.52,83.7,2939.2,normal,92.18,14.9,0.5,0,none,0.0
2038-11-03,M05,CNC,0.72,42.75,4.34,25.3,895.3,idle,92.53,13.1,0.5,0,none,0.0
2038-11-04,M05,CNC,2.58,57.6,13.73,80.7,2966.3,normal,92.87,8.6,0.5,0,none,0.0
2038-11-05,M05,CNC,3.11,64.65,15.97,77.4,3079.8,normal,93.05,9.8,0.5,0,none,0.0
2038-11-06,M05,CNC,0.82,48.6,5.36,77.4,3079.8,idle,93.08,12.5,0.5,0,none,0.0
2038-11-07,M05,CNC,2.37,52.38,11.67,81.2,2869.9,normal,93.25,9.7,0.5,0,none,0.0
2038-11-08,M05,CNC,2.47,58.48,13.43,87.6,2998.4,normal,93.68,13.7,0.5,0,none,0.0
2038-11-09,M05,CNC,2.9,58.73,14.92,62.0,2863.0,normal,94.05,14.2,0.5,0,none,0.0
2038-11-10,M05,CNC,3.1,60.4,13.86,69.8,2913.0,normal,94.5,15.8,0.5,0,none,0.0
2038-11-11,M05,CNC,0.87,41.21,4.68,22.7,887.7,idle,94.68,14.4,0.5,0,none,0.0
2038-11-12,M05,CNC,2.69,64.36,13.74,85.6,2966.9,normal,95.12,15.3,0.5,0,none,0.0
2038-11-13,M05,CNC,0.89,40.7,4.2,23.5,877.7,idle,95.5,16.5,0.5,0,none,0.0
2038-11-14,M05,CNC,0.94,45.43,5.32,25.8,860.3,idle,95.57,11.0,0.5,0,none,0.0
2038-11-15,M05,CNC,0.82,46.65,4.46,21.6,907.0,idle,95.88,13.8,0.5,0,none,0.0
2038-11-16,M05,CNC,3.98,71.15,23.24,101.6,3961.9,peak,96.25,10.5,0.5,0,none,0.0
2038-11-17,M05,CNC,2.45,57.54,10.82,86.3,3026.4,normal,96.45,10.9,0.5,0,none,0.0
2038-11-18,M05,CNC,2.75,64.25,11.35,55.1,3047.8,normal,96.88,11.1,0.5,0,none,0.0
2038-11-19,M05,CNC,1.0,45.78,11.35,24.7,855.2,idle,97.23,16.6,0.5,0,none,0.0
2038-11-20,M05,CNC,1.0,45.78,5.37,22.7,912.9,idle,97.35,9.1,0.5,0,none,0.0
2038-11-21,M05,CNC,0.79,43.87,5.42,21.2,890.5,idle,97.82,16.2,0.5,0,none,0.0
2038-11-22,M05,CNC,0.82,47.74,4.19,22.6,898.9,idle,98.0,15.8,0.5,0,none,0.0
2038-11-23,M05,CNC,2.37,50.88,14.08,71.1,2803.4,normal,98.25,13.6,0.5,0,none,0.0
2038-11-24,M05,CNC,2.66,63.8,10.22,74.5,3018.6,normal,98.3,15.0,0.5,0,none,0.0
2038-11-25,M05,CNC,1.9,50.34,12.52,82.1,2848.2,normal,98.62,12.0,0.5,0,none,0.0
2038-11-26,M05,CNC,2.97,59.85,11.66,71.6,3089.7,normal,98.7,12.2,0.5,0,none,0.0
2038-11-27,M05,CNC,2.1,57.49,13.56,57.2,2813.1,normal,99.2,12.4,0.5,0,none,0.0
2038-11-28,M05,CNC,1.82,54.87,9.98,57.2,3099.2,normal,99.62,13.6,0.5,0,none,0.0
2038-11-29,M05,CNC,1.89,56.49,9.67,57.1,2896.9,normal,100.03,14.1,0.5,0,none,0.0
2038-11-30,M05,CNC,0.82,49.4,4.59,23.0,867.2,idle,100.23,14.0,0.5,0,none,0.0
2038-12-01,M05,CNC,0.7,48.99,4.12,25.8,859.2,idle,100.45,17.0,0.5,0,none,0.0
2038-12-02,M05,CNC,2.65,64.99,10.4,68.1,3034.1,normal,100.75,17.0,0.5,0,none,0.0
2038-12-03,M05,CNC,1.85,60.35,10.02,61.0,2848.0,normal,101.18,16.2,0.5,0,none,0.0
2038-12-04,M05,CNC,0.97,41.8,4.06,23.5,874.2,idle,101.37,17.0,0.5,0,none,0.0
2038-12-05,M05,CNC,0.97,41.19,5.12,23.5,875.5,idle,101.62,9.2,0.5,0,none,0.0
2038-12-06,M05,CNC,3.34,68.09,25.79,99.7,3807.8,peak,101.72,13.7,0.5,0,none,0.0
2038-12-07,M05,CNC,2.1,60.24,15.93,52.5,2891.8,normal,101.97,13.5,0.5,0,none,0.0
2038-12-08,M05,CNC,1.51,43.16,4.61,52.5,855.6,idle,102.45,12.1,0.5,0,none,0.0
2038-12-09,M05,CNC,2.89,55.93,14.77,71.5,2811.8,normal,102.88,14.8,0.5,0,none,0.0
2038-12-10,M05,CNC,0.98,40.83,4.9,25.3,855.6,idle,103.13,8.9,0.5,0,none,0.0
2038-12-11,M05,CNC,2.58,62.36,15.91,79.5,2883.5,normal,103.45,11.8,0.5,0,none,0.0
2038-12-12,M05,CNC,2.78,60.59,14.05,84.5,2826.2,normal,103.7,17.2,0.5,0,none,0.0
2038-12-13,M05,CNC,2.78,59.61,15.7,69.7,3088.2,normal,103.83,12.8,0.5,0,none,0.0
2038-12-14,M05,CNC,3.11,63.54,15.41,86.1,3046.0,normal,104.08,16.3,0.5,0,none,0.0
2038-12-15,M05,CNC,0.91,40.24,4.2,20.8,851.6,idle,104.58,9.9,0.5,0,none,0.0
2038-12-16,M05,CNC,0.74,49.2,5.0,21.9,905.5,idle,104.88,11.4,0.5,0,none,0.0
2038-12-17,M05,CNC,0.85,41.42,5.33,22.0,905.5,idle,105.32,16.4,0.5,0,none,0.0
2038-12-18,M05,CNC,0.79,45.0,5.22,20.9,918.4,idle,105.75,13.4,0.5,0,none,0.0
2038-12-19,M05,CNC,0.72,45.34,5.37,25.7,866.2,idle,105.9,15.7,0.5,0,none,0.0
2038-12-20,M05,CNC,0.74,47.24,4.06,22.9,905.7,idle,106.38,14.3,0.5,0,none,0.0
2038-12-21,M05,CNC,2.58,52.82,12.67,22.9,2985.2,normal,106.43,16.3,0.5,0,none,0.0
2038-12-22,M05,CNC,0.92,43.36,4.28,21.5,887.3,idle,106.55,10.2,0.5,0,none,0.0
2038-12-23,M05,CNC,0.78,45.42,5.06,24.4,861.5,idle,106.58,13.1,0.5,0,none,0.0
2038-12-24,M05,CNC,0.93,45.42,4.02,20.4,895.2,idle,106.93,16.9,0.5,0,none,0.0
2038-12-25,M05,CNC,2.34,52.19,9.79,58.1,3087.2,normal,107.0,9.2,0.5,0,none,0.0
2038-12-26,M05,CNC,0.92,45.28,5.41,23.7,900.8,idle,107.43,10.0,0.5,0,none,0.0
2038-12-27,M05,CNC,0.78,45.89,4.22,22.4,852.3,idle,107.5,16.1,0.5,0,none,0.0
2038-12-28,M05,CNC,0.76,40.75,4.58,25.1,876.5,idle,107.7,16.2,0.5,0,none,0.0
2038-12-29,M05,CNC,0.95,46.56,4.76,21.4,914.5,idle,107.73,8.7,0.5,0,none,0.0
2038-12-30,M05,CNC,0.72,46.89,4.93,22.6,866.8,idle,108.03,14.5,0.5,0,none,0.0
2038-12-31,M05,CNC,0.83,48.73,5.26,25.6,871.5,idle,108.1,14.1,0.5,0,none,0.0
2039-01-01,M05,CNC,0.82,40.19,5.41,22.0,878.3,idle,108.58,8.5,0.5,0,none,0.0
2039-01-02,M05,CNC,0.97,45.27,4.85,21.1,884.9,idle,108.83,16.6,0.5,0,none,0.0
2039-01-03,M05,CNC,0.98,45.59,4.38,20.2,873.5,idle,109.13,13.8,0.5,0,none,0.0
2039-01-04,M05,CNC,0.87,40.43,4.91,23.1,904.8,idle,109.4,14.3,0.5,0,none,0.0
2039-01-05,M05,CNC,0.71,47.81,4.78,22.2,917.6,idle,109.45,10.2,0.5,0,none,0.0
2039-01-06,M05,CNC,0.75,45.41,4.48,23.2,888.7,idle,109.62,17.0,0.5,0,none,0.0
2039-01-07,M05,CNC,0.73,46.61,4.95,24.6,888.7,idle,109.88,10.8,0.5,0,none,0.0
2039-01-08,M05,CNC,0.79,46.5,4.21,24.1,854.1,idle,110.0,17.4,0.5,0,none,0.0
2039-01-09,M05,CNC,0.8,48.47,5.16,23.9,910.9,idle,110.5,12.0,0.5,0,none,0.0
2039-01-10,M05,CNC,0.91,45.19,5.47,24.2,892.1,idle,110.98,9.3,0.5,0,none,0.0
2039-01-11,M05,CNC,0.82,66.79,4.44,20.1,863.8,idle,111.08,13.6,0.5,0,none,0.0
2039-01-12,M05,CNC,0.73,43.19,5.24,23.9,861.8,idle,111.15,12.9,0.5,0,none,0.0
2039-01-13,M05,CNC,0.94,45.04,4.77,22.2,910.5,idle,111.52,17.2,0.5,0,none,0.0
2039-01-14,M05,CNC,2.25,51.41,11.47,79.2,2997.3,normal,111.57,13.7,0.5,0,none,0.0
2039-01-15,M05,CNC,0.76,41.12,4.99,24.1,875.6,idle,111.92,15.8,0.5,0,none,0.0
2039-01-16,M05,CNC,0.95,49.78,4.31,23.5,850.4,idle,111.95,13.2,0.5,0,none,0.0
2039-01-17,M05,CNC,2.8,49.78,10.76,80.6,3043.2,normal,112.27,17.7,0.5,0,none,0.0
2039-01-18,M05,CNC,1.96,50.61,11.67,75.8,3038.0,normal,112.4,10.3,0.5,0,none,0.0
2039-01-19,M05,CNC,3.64,67.87,26.0,102.9,3983.3,peak,112.5,11.1,0.5,0,none,0.0
2039-01-20,M05,CNC,3.61,72.97,20.36,99.0,3838.4,peak,112.9,10.0,0.5,0,none,0.0
2039-01-21,M05,CNC,2.95,56.18,11.76,89.3,3838.4,normal,113.13,13.4,0.5,0,none,0.0
2039-01-22,M05,CNC,3.16,56.18,15.29,64.5,2803.8,normal,113.2,10.0,0.5,0,none,0.0
2039-01-23,M05,CNC,3.51,66.66,19.08,103.1,4045.8,peak,113.7,14.8,0.5,0,none,0.0
2039-01-24,M05,CNC,2.33,55.29,11.7,87.1,2814.6,normal,113.77,8.0,0.5,0,none,0.0
2039-01-25,M05,CNC,2.42,53.97,15.31,55.6,2923.4,normal,113.85,12.2,0.5,0,none,0.0
2039-01-26,M05,CNC,2.37,63.33,10.9,76.5,2840.3,normal,114.32,14.7,0.5,0,none,0.0
2039-01-27,M05,CNC,3.14,58.9,13.57,68.5,2902.7,normal,114.42,13.5,0.5,0,none,0.0
2039-01-28,M05,CNC,2.1,59.06,15.7,65.7,3064.9,normal,114.63,9.9,0.5,0,none,0.0
2039-01-29,M05,CNC,2.01,64.04,11.78,66.4,2938.8,normal,114.9,14.7,0.5,0,none,0.0
2039-01-30,M05,CNC,2.81,60.79,12.62,71.9,2809.0,normal,115.08,13.9,0.5,0,none,0.0
2039-01-31,M05,CNC,3.44,63.88,23.59,103.4,4013.0,peak,115.5,16.6,0.5,0,none,0.0
2039-02-01,M05,CNC,2.8,53.53,14.51,52.7,3014.8,normal,115.7,16.6,0.5,0,none,0.0
2039-02-02,M05,CNC,1.94,60.94,12.93,68.6,3007.2,normal,115.88,17.7,0.5,0,none,0.0
2039-02-03,M05,CNC,1.85,53.35,13.51,84.2,2914.3,normal,115.97,10.8,0.5,0,none,0.0
2039-02-04,M05,CNC,2.16,57.78,13.55,68.0,3063.0,normal,116.02,10.0,0.5,0,none,0.0
2039-02-05,M05,CNC,0.86,40.36,4.33,22.7,898.8,idle,116.18,12.0,0.5,0,none,0.0
2039-02-06,M05,CNC,2.11,64.64,11.57,72.2,2805.7,normal,116.5,9.4,0.5,0,none,0.0
2039-02-07,M05,CNC,0.97,47.89,4.29,25.6,872.1,idle,116.77,13.0,0.5,0,none,0.0
2039-02-08,M05,CNC,2.77,62.28,14.32,86.9,3059.3,normal,117.07,9.9,0.5,0,none,0.0
2039-02-09,M05,CNC,1.0,41.83,4.46,23.8,901.3,idle,117.1,14.4,0.5,0,none,0.0
2039-02-10,M05,CNC,2.55,51.11,14.97,88.5,2921.7,normal,117.6,16.2,0.5,0,none,0.0
2039-02-11,M05,CNC,0.77,40.19,4.36,24.2,913.8,idle,117.92,9.0,0.5,0,none,0.0
2039-02-12,M05,CNC,1.93,40.19,14.02,62.5,2971.0,normal,118.05,17.3,0.5,0,none,0.0
2039-02-13,M05,CNC,2.8,62.57,12.44,80.4,2890.5,normal,118.3,13.5,0.5,0,none,0.0
2039-02-14,M05,CNC,0.76,41.87,4.54,20.2,869.8,idle,118.72,15.8,0.5,0,none,0.0
2039-02-15,M05,CNC,2.71,59.72,9.98,62.9,2970.9,normal,119.1,10.3,0.5,0,none,0.0
2039-02-16,M05,CNC,0.8,44.18,5.07,20.1,869.4,idle,119.35,10.3,0.5,0,none,0.0
2039-02-17,M05,CNC,2.0,51.91,15.73,66.3,2958.1,normal,119.82,16.8,0.5,0,none,0.0
2039-02-18,M05,CNC,2.83,50.71,11.07,83.6,3058.6,normal,120.3,13.4,0.5,0,none,0.0
2039-02-19,M05,CNC,2.32,55.62,14.42,63.2,2835.1,normal,120.5,11.4,0.5,0,none,0.0
2039-02-20,M05,CNC,0.78,43.87,4.08,22.9,901.8,idle,120.83,17.6,0.5,0,none,0.0
2039-02-21,M05,CNC,2.52,51.08,12.36,78.9,2817.4,normal,120.87,15.0,0.5,0,none,0.0
2039-02-22,M05,CNC,0.72,43.71,4.29,25.6,890.7,idle,121.18,12.3,0.5,0,none,0.0
2039-02-23,M05,CNC,3.43,69.98,21.75,97.0,3871.2,peak,121.57,9.2,0.5,0,none,0.0
2039-02-24,M05,CNC,0.89,40.52,4.41,21.2,864.1,idle,121.85,12.0,0.5,0,none,0.0
2039-02-25,M05,CNC,2.76,62.39,14.15,76.5,3074.9,normal,122.13,12.1,0.5,0,none,0.0
2039-02-26,M05,CNC,0.72,41.67,4.62,22.2,879.3,idle,122.57,16.6,0.5,0,none,0.0
2039-02-27,M05,CNC,2.09,52.24,12.81,87.3,2917.6,normal,122.6,8.0,0.5,0,none,0.0
2039-02-28,M05,CNC,1.86,60.59,11.39,61.3,2897.3,normal,122.92,14.6,0.5,0,none,0.0
2039-03-01,M05,CNC,2.81,62.28,13.32,64.2,2893.1,normal,123.03,14.3,0.5,0,none,0.0
2039-03-02,M05,CNC,0.74,49.33,4.96,20.2,896.4,idle,123.23,8.9,0.5,0,none,0.0
2039-03-03,M05,CNC,0.83,49.73,5.23,21.0,900.4,idle,123.47,14.6,0.5,0,none,0.0
2039-03-04,M05,CNC,0.85,41.87,5.05,23.3,852.1,idle,123.5,13.4,0.5,0,none,0.0
2039-03-05,M05,CNC,3.72,68.79,19.44,100.2,3975.8,peak,123.77,14.9,0.5,0,none,0.0
2039-03-06,M05,CNC,1.99,62.79,9.68,55.9,2834.8,normal,124.0,15.3,0.5,0,none,0.0
2039-03-07,M05,CNC,0.86,46.2,9.68,21.7,906.6,idle,124.3,17.4,0.5,0,none,0.0
2039-03-08,M05,CNC,3.25,62.76,18.39,95.2,3906.0,peak,124.37,9.4,0.5,0,none,0.0
2039-03-09,M05,CNC,2.07,54.03,14.84,58.2,3034.1,normal,124.7,12.6,0.5,0,none,0.0
2039-03-10,M05,CNC,3.74,54.03,23.47,101.7,3838.5,peak,125.05,13.6,0.5,0,none,0.0
2039-03-11,M05,CNC,0.97,45.7,5.32,24.9,855.6,idle,125.37,10.7,0.5,0,none,0.0
2039-03-12,M05,CNC,2.09,52.18,14.9,84.8,2958.4,normal,125.62,13.4,0.5,0,none,0.0
2039-03-13,M05,CNC,1.95,52.03,14.79,87.3,2859.8,normal,126.07,8.2,0.5,0,none,0.0
2039-03-14,M05,CNC,1.82,54.96,9.7,83.5,2947.4,normal,126.18,17.2,0.5,0,none,0.0
2039-03-15,M05,CNC,2.7,56.17,11.75,60.4,3031.2,normal,126.67,8.3,0.5,0,none,0.0
2039-03-16,M05,CNC,0.91,43.61,4.48,20.0,854.5,idle,127.02,10.3,0.5,0,none,0.0
2039-03-17,M05,CNC,2.67,57.72,12.33,83.5,2951.2,normal,127.48,17.8,0.5,0,none,0.0
2039-03-18,M05,CNC,0.82,41.61,5.23,23.5,856.5,idle,127.83,10.5,0.5,0,none,0.0
2039-03-19,M05,CNC,2.71,56.38,14.77,86.9,2980.1,normal,128.02,11.0,0.5,0,none,0.0
2039-03-20,M05,CNC,0.92,40.57,4.84,24.5,884.8,idle,128.37,15.4,0.5,0,none,0.0
2039-03-21,M05,CNC,0.88,48.99,4.3,20.6,898.4,idle,128.67,8.7,0.5,0,none,0.0
2039-03-22,M05,CNC,0.95,48.5,4.96,25.0,899.0,idle,128.73,12.5,0.5,0,none,0.0
2039-03-23,M05,CNC,0.73,47.62,4.27,21.4,877.6,idle,129.05,17.6,0.5,0,none,0.0
2039-03-24,M05,CNC,2.24,54.82,10.6,63.2,2805.9,normal,129.48,15.0,0.5,0,none,0.0
2039-03-25,M05,CNC,0.84,47.69,5.29,24.9,879.1,idle,129.75,17.2,0.5,0,none,0.0
2039-03-26,M05,CNC,2.82,54.32,9.86,77.7,2994.6,normal,129.9,12.0,0.5,0,none,0.0
2039-03-27,M05,CNC,2.82,46.16,4.24,25.1,893.9,idle,130.13,13.4,0.5,0,none,0.0
2039-03-28,M05,CNC,0.94,47.74,4.24,20.4,862.4,idle,130.52,17.3,0.5,0,none,0.0
2039-03-29,M05,CNC,0.73,42.43,4.69,25.4,911.0,idle,130.78,15.8,0.5,0,none,0.0
2039-03-30,M05,CNC,0.92,40.24,4.51,24.1,859.0,idle,131.13,14.3,0.5,0,none,0.0
2039-03-31,M05,CNC,0.94,49.15,4.53,24.2,860.4,idle,131.4,13.3,0.5,0,none,0.0
2039-04-01,M05,CNC,0.91,49.15,4.23,24.3,899.8,idle,131.63,16.6,0.5,0,none,0.0
2039-04-02,M05,CNC,2.7,57.16,13.89,81.4,3089.9,normal,131.97,13.1,0.5,0,none,0.0
2039-04-03,M05,CNC,0.97,47.95,5.04,23.4,858.4,idle,132.37,16.4,0.5,0,none,0.0
2039-04-04,M05,CNC,0.75,48.2,5.2,23.7,880.7,idle,132.47,13.8,0.5,0,none,0.0
2039-04-05,M05,CNC,1.84,54.91,5.2,70.5,3078.8,normal,132.75,8.4,0.5,0,none,0.0
2039-04-06,M05,CNC,0.73,45.19,4.55,70.5,910.3,idle,133.12,14.8,0.5,0,none,0.0
2039-04-07,M05,CNC,0.83,50.0,4.77,21.0,888.9,idle,133.15,9.9,0.5,0,none,0.0
2039-04-08,M05,CNC,0.77,46.36,5.41,24.7,869.1,idle,133.52,11.7,0.5,0,none,0.0
2039-04-09,M05,CNC,0.79,40.69,4.43,20.6,885.0,idle,133.92,8.3,0.5,0,none,0.0
2039-04-10,M05,CNC,2.79,61.27,9.89,64.9,2886.4,normal,134.42,15.6,0.5,0,none,0.0
2039-04-11,M05,CNC,0.73,43.62,4.45,23.8,911.8,idle,134.65,14.2,0.5,0,none,0.0
2039-04-12,M05,CNC,0.84,47.47,4.22,25.4,860.7,idle,135.03,8.4,0.5,0,none,0.0
2039-04-13,M05,CNC,0.76,41.06,4.46,23.3,919.2,idle,135.42,10.8,0.5,0,none,0.0
2039-04-14,M05,CNC,0.94,43.8,4.86,23.7,907.6,idle,135.73,15.5,0.5,0,none,0.0
2039-04-15,M05,CNC,2.83,58.54,13.85,80.3,2839.9,normal,136.22,10.5,0.5,0,none,0.0
2039-04-16,M05,CNC,2.08,60.33,15.03,67.5,3094.0,normal,136.52,13.9,0.5,0,none,0.0
2039-04-17,M05,CNC,2.1,56.25,11.96,87.3,2885.6,normal,136.65,16.3,0.5,0,none,0.0
2039-04-18,M05,CNC,2.46,52.81,12.89,84.6,2891.2,normal,137.0,14.4,0.5,0,none,0.0
2039-04-19,M05,CNC,3.85,73.49,18.73,106.3,3876.6,peak,137.37,14.8,0.5,0,none,0.0
2039-04-20,M05,CNC,2.05,59.02,14.09,67.0,2811.8,normal,137.78,10.7,0.5,0,none,0.0
2039-04-21,M05,CNC,0.97,47.31,4.41,23.0,852.0,idle,138.02,10.2,0.5,0,none,0.0
2039-04-22,M05,CNC,2.27,57.84,12.86,59.9,3033.0,normal,138.15,17.0,0.5,0,none,0.0
2039-04-23,M05,CNC,3.44,57.84,20.72,101.4,3862.2,peak,138.48,11.4,0.5,0,none,0.0
2039-04-24,M05,CNC,2.69,56.38,9.6,53.1,2941.3,normal,138.6,14.8,0.5,0,none,0.0
2039-04-25,M05,CNC,2.06,58.78,12.15,76.9,3085.7,normal,138.8,15.6,0.5,0,none,0.0
2039-04-26,M05,CNC,3.62,71.39,25.53,108.8,3864.2,peak,139.22,12.8,0.5,0,none,0.0
2039-04-27,M05,CNC,2.96,63.58,12.05,63.9,3864.2,normal,139.42,17.7,0.5,0,none,0.0
2039-04-28,M05,CNC,2.68,55.71,14.65,63.6,2852.9,normal,139.53,13.9,0.5,0,none,0.0
2039-04-29,M05,CNC,0.86,45.66,5.24,22.7,907.0,idle,140.02,11.4,0.5,0,none,0.0
2039-04-30,M05,CNC,0.79,45.75,4.31,22.3,910.0,idle,140.37,11.7,0.5,0,none,0.0
2039-05-01,M05,CNC,0.76,48.1,4.42,20.2,857.7,idle,140.52,17.4,0.5,0,none,0.0
2039-05-02,M05,CNC,2.84,53.93,13.75,78.6,2903.5,normal,140.6,11.9,0.5,0,none,0.0
2039-05-03,M05,CNC,2.46,56.06,15.66,64.2,2855.0,normal,140.82,14.5,0.5,0,none,0.0
2039-05-04,M05,CNC,2.31,60.04,14.03,87.1,3064.5,normal,141.12,11.9,0.5,0,none,0.0
2039-05-05,M05,CNC,2.2,56.83,14.36,86.8,2901.2,normal,141.6,8.2,0.5,0,none,0.0
2039-05-06,M05,CNC,0.83,56.83,4.54,22.9,913.3,idle,141.8,15.7,0.5,0,none,0.0
2039-05-07,M05,CNC,0.94,42.43,4.49,22.1,913.9,idle,141.98,10.2,0.5,0,none,0.0
2039-05-08,M05,CNC,3.2,61.61,12.65,52.4,3009.2,normal,142.12,14.2,0.5,0,none,0.0
2039-05-09,M05,CNC,0.82,46.33,4.91,22.9,916.1,idle,142.62,13.1,0.5,0,none,0.0
2039-05-10,M05,CNC,1.83,60.68,12.16,79.1,3002.6,normal,142.95,16.3,0.5,0,none,0.0
2039-05-11,M05,CNC,1.81,54.28,10.73,58.4,3018.5,normal,143.23,9.6,0.5,0,none,0.0
2039-05-12,M05,CNC,2.14,57.12,11.11,74.0,3016.2,normal,143.37,15.0,0.5,0,none,0.0
2039-05-13,M05,CNC,2.26,59.05,14.86,55.6,3013.2,normal,143.7,15.9,0.5,0,none,0.0
2039-05-14,M05,CNC,0.8,41.23,4.82,21.4,907.5,idle,143.77,10.1,0.5,0,none,0.0
2039-05-15,M05,CNC,1.86,51.48,12.89,74.4,3019.0,normal,143.95,10.9,0.5,0,none,0.0
2039-05-16,M05,CNC,2.16,62.63,15.7,71.0,3028.2,normal,144.03,11.3,0.5,0,none,0.0
2039-05-17,M05,CNC,2.53,51.04,11.62,71.0,3096.7,normal,144.12,9.7,0.5,0,none,0.0
2039-05-18,M05,CNC,0.77,46.36,4.43,23.9,864.7,idle,144.47,16.2,0.5,0,none,0.0
2039-05-19,M05,CNC,0.94,41.11,4.43,25.0,897.5,idle,144.75,17.5,0.5,0,none,0.0
2039-05-20,M05,CNC,0.94,53.13,15.09,56.6,2846.8,normal,144.83,12.3,0.5,0,none,0.0
2039-05-21,M05,CNC,2.56,54.11,10.94,73.9,2911.8,normal,145.32,8.2,0.5,0,none,0.0
2039-05-22,M05,CNC,2.0,58.02,12.02,79.9,2830.8,normal,145.67,16.5,0.5,0,none,0.0
2039-05-23,M05,CNC,0.89,44.36,4.61,21.4,852.1,idle,146.07,16.0,0.5,0,none,0.0
2039-05-24,M05,CNC,3.88,63.55,24.81,109.2,3969.5,peak,146.25,15.9,0.5,0,none,0.0
2039-05-25,M05,CNC,0.82,42.68,5.4,24.1,896.6,idle,146.3,9.8,0.5,0,none,0.0
2039-05-26,M05,CNC,2.4,62.68,14.14,62.8,2979.9,normal,146.53,17.5,0.5,0,none,0.0
2039-05-27,M05,CNC,0.83,40.07,5.21,20.7,2979.9,idle,146.62,13.2,0.5,0,none,0.0
2039-05-28,M05,CNC,2.27,55.13,12.6,89.9,2922.5,normal,146.93,15.3,0.5,0,none,0.0
2039-05-29,M05,CNC,0.75,46.14,4.35,20.6,853.5,idle,147.03,8.1,0.5,0,none,0.0
2039-05-30,M05,CNC,1.83,56.47,12.27,59.0,3035.2,normal,147.25,16.4,0.5,0,none,0.0
2039-05-31,M05,CNC,1.98,63.73,13.32,53.0,3088.9,normal,147.55,15.7,0.5,0,none,0.0
2039-06-01,M05,CNC,2.23,56.75,11.35,79.7,2945.7,normal,147.78,9.4,0.5,0,none,0.0
2039-06-02,M05,CNC,1.99,51.56,14.21,61.0,2841.3,normal,147.98,17.1,0.5,0,none,0.0
2039-06-03,M05,CNC,2.5,62.04,11.31,62.5,3050.2,normal,148.42,8.6,0.5,0,none,0.0
2039-06-04,M05,CNC,0.74,46.17,5.43,25.1,854.3,idle,148.62,13.8,0.5,0,none,0.0
2039-06-05,M05,CNC,0.8,41.42,5.42,25.9,866.5,idle,148.87,12.5,0.5,0,none,0.0
2039-06-06,M05,CNC,2.74,62.62,11.02,59.1,2803.4,normal,149.13,16.6,0.5,0,none,0.0
2039-06-07,M05,CNC,2.38,63.49,15.37,56.9,2861.3,normal,149.23,11.4,0.5,0,none,0.0
2039-06-08,M05,CNC,3.53,71.27,24.12,102.7,3977.6,peak,149.43,16.9,0.5,0,none,0.0
2039-06-09,M05,CNC,1.93,57.16,15.95,55.4,2955.8,normal,149.6,11.4,0.5,0,none,0.0
2039-06-10,M05,CNC,2.21,58.1,13.23,73.9,3055.7,normal,149.93,11.6,0.5,0,none,0.0
2039-06-11,M05,CNC,2.35,57.75,9.57,82.0,2877.8,normal,150.42,15.1,0.5,0,none,0.0
2039-06-12,M05,CNC,2.94,53.98,9.57,57.9,3095.7,normal,150.77,13.0,0.5,0,none,0.0
2039-06-13,M05,CNC,3.46,59.85,19.19,99.7,3811.3,peak,150.95,17.1,0.5,0,none,0.0
2039-06-14,M05,CNC,0.85,42.14,4.78,20.8,880.1,idle,151.02,12.3,0.5,0,none,0.0
2039-06-15,M05,CNC,2.64,50.93,12.09,63.5,2872.1,normal,151.22,17.3,0.5,0,none,0.0
2039-06-16,M05,CNC,0.88,45.89,4.95,20.9,870.0,idle,151.25,8.4,0.5,0,none,0.0
2039-06-17,M05,CNC,2.09,58.11,12.5,64.5,3035.8,normal,151.7,14.4,0.5,0,none,0.0
2039-06-18,M05,CNC,1.93,64.62,10.26,81.4,2910.5,normal,152.03,10.3,0.5,0,none,0.0
2039-06-19,M05,CNC,0.96,40.74,4.56,22.0,919.5,idle,152.18,16.8,0.5,0,none,0.0
2039-06-20,M05,CNC,3.18,52.85,13.59,72.3,2846.3,normal,152.68,9.2,0.5,0,none,0.0
2039-06-21,M05,CNC,2.03,64.84,12.44,56.8,2864.4,normal,152.88,8.7,0.5,0,none,0.0
2039-06-22,M05,CNC,2.03,45.11,4.5,22.7,861.6,idle,152.92,12.8,0.5,0,none,0.0
2039-06-23,M05,CNC,0.8,40.7,5.33,21.2,903.0,idle,153.22,14.3,0.5,0,none,0.0
2039-06-24,M05,CNC,0.8,44.74,4.44,24.2,909.1,idle,153.53,14.8,0.5,0,none,0.0
2039-06-25,M05,CNC,0.79,42.42,5.02,21.2,894.8,idle,153.72,16.5,0.5,0,none,0.0
2039-06-26,M05,CNC,0.73,46.2,4.77,20.7,895.4,idle,154.02,11.9,0.5,0,none,0.0
2039-06-27,M05,CNC,2.43,53.26,11.8,70.7,2827.5,normal,154.37,12.9,0.5,0,none,0.0
2039-06-28,M05,CNC,3.14,59.98,10.17,83.3,2896.8,normal,154.65,14.9,0.5,0,none,0.0
2039-06-29,M05,CNC,0.88,59.98,5.1,24.3,2896.8,idle,154.8,17.0,0.5,0,none,0.0
2039-06-30,M05,CNC,0.77,42.54,4.57,20.9,873.6,idle,155.25,17.5,0.5,0,none,0.0
2039-07-01,M05,CNC,0.91,48.31,4.5,21.4,908.3,idle,155.62,15.5,0.5,0,none,0.0
2039-07-02,M05,CNC,0.97,44.1,4.04,24.2,904.9,idle,155.72,13.2,0.5,0,none,0.0
2039-07-03,M05,CNC,0.71,45.95,4.88,22.3,902.5,idle,156.13,17.2,0.5,0,none,0.0
2039-07-04,M05,CNC,0.83,46.77,4.78,21.5,892.5,idle,156.32,17.6,0.5,0,none,0.0
2039-07-05,M05,CNC,0.92,49.74,4.57,20.4,919.2,idle,156.62,16.1,0.5,0,none,0.0
2039-07-06,M05,CNC,0.89,49.46,4.16,22.1,859.4,idle,157.02,16.2,0.5,0,none,0.0
2039-07-07,M05,CNC,0.95,48.8,4.75,22.1,859.4,idle,157.43,16.4,0.5,0,none,0.0
2039-07-08,M05,CNC,0.88,45.06,5.04,21.8,878.2,idle,157.53,9.4,0.5,0,none,0.0
2039-07-09,M05,CNC,0.71,46.1,4.63,25.5,894.9,idle,158.0,14.3,0.5,0,none,0.0
2039-07-10,M05,CNC,0.82,42.64,5.36,20.1,872.9,idle,158.35,11.8,0.5,0,none,0.0
2039-07-11,M05,CNC,3.12,59.81,12.96,59.7,3050.0,normal,158.38,13.2,0.5,0,none,0.0
2039-07-12,M05,CNC,0.76,42.48,12.96,20.9,916.7,idle,158.63,9.6,0.5,0,none,0.0
2039-07-13,M05,CNC,0.88,46.38,5.43,21.4,850.4,idle,159.03,11.5,0.5,0,none,0.0
2039-07-14,M05,CNC,0.88,45.08,4.72,20.4,881.8,idle,159.35,12.7,0.5,0,none,0.0
2039-07-15,M05,CNC,0.79,42.75,4.33,22.0,874.7,idle,159.65,14.7,0.5,0,none,0.0
2039-07-16,M05,CNC,0.79,49.79,5.4,23.4,918.7,idle,159.77,17.0,0.5,0,none,0.0
2039-07-17,M05,CNC,1.0,43.56,4.67,23.4,892.6,idle,160.05,10.6,0.5,0,none,0.0
2039-07-18,M05,CNC,2.1,60.34,10.84,64.9,2868.3,normal,160.27,10.7,0.5,0,none,0.0
2039-07-19,M05,CNC,2.14,50.07,15.22,63.2,2825.9,normal,160.37,16.6,0.5,0,none,0.0
2039-07-20,M05,CNC,1.92,58.34,15.95,57.5,2829.9,normal,160.42,14.2,0.5,0,none,0.0
2039-07-21,M05,CNC,0.83,45.63,4.44,21.8,879.7,idle,160.72,16.5,0.5,0,none,0.0
2039-07-22,M05,CNC,2.24,63.73,9.77,60.9,3042.6,normal,161.13,17.0,0.5,0,none,0.0
2039-07-23,M05,CNC,2.97,51.67,15.83,78.3,2881.8,normal,161.45,9.0,0.5,0,none,0.0
2039-07-24,M05,CNC,2.44,54.46,10.48,63.1,2974.0,normal,161.5,9.8,0.5,0,none,0.0
2039-07-25,M05,CNC,3.86,64.18,21.48,102.0,3993.4,peak,161.77,14.5,0.5,0,none,0.0
2039-07-26,M05,CNC,2.85,54.9,13.31,66.8,3014.9,normal,161.88,14.9,0.5,0,none,0.0
2039-07-27,M05,CNC,2.03,53.85,12.27,85.8,2972.0,normal,162.02,15.2,0.5,0,none,0.0
2039-07-28,M05,CNC,3.97,59.76,22.6,101.3,3980.1,peak,162.15,14.6,0.5,0,none,0.0
2039-07-29,M05,CNC,3.85,72.3,24.7,104.6,4084.7,peak,162.27,17.3,0.5,0,none,0.0
2039-07-30,M05,CNC,2.34,62.49,15.49,70.7,3018.7,normal,162.47,9.6,0.5,0,none,0.0
2039-07-31,M05,CNC,3.5,60.7,23.87,98.0,3937.3,peak,162.8,10.1,0.5,0,none,0.0
2039-08-01,M05,CNC,0.96,40.86,4.05,23.6,873.2,idle,163.05,17.6,0.5,0,none,0.0
2039-08-02,M05,CNC,2.39,56.09,10.06,52.1,3069.5,normal,163.47,11.3,0.5,0,none,0.0
2039-08-03,M05,CNC,2.1,56.09,15.82,83.4,2832.4,normal,163.95,14.4,0.5,0,none,0.0
2039-08-04,M05,CNC,2.51,60.95,14.04,80.9,2937.2,normal,164.1,9.4,0.5,0,none,0.0
2039-08-05,M05,CNC,2.05,56.97,13.71,75.1,2821.2,normal,164.6,14.5,0.5,0,none,0.0
2039-08-06,M05,CNC,3.25,74.41,19.52,99.4,4030.3,peak,165.0,15.9,0.5,0,none,0.0
2039-08-07,M05,CNC,2.22,41.81,4.7,23.4,881.7,idle,165.48,10.0,0.5,0,none,0.0
2039-08-08,M05,CNC,3.94,62.84,24.61,96.7,3917.7,peak,165.8,10.7,0.5,0,none,0.0
2039-08-09,M05,CNC,2.84,53.37,13.33,57.8,2830.8,normal,165.88,14.4,0.5,0,none,0.0
2039-08-10,M05,CNC,0.86,46.75,4.17,25.5,865.8,idle,166.3,12.9,0.5,0,none,0.0
2039-08-11,M05,CNC,0.74,42.03,4.25,20.5,905.9,idle,166.42,10.9,0.5,0,none,0.0
2039-08-12,M05,CNC,2.49,55.83,15.68,66.1,2850.1,normal,166.45,10.6,0.5,0,none,0.0
2039-08-13,M05,CNC,2.18,53.58,12.74,66.1,2954.8,normal,166.62,17.5,0.5,0,none,0.0
2039-08-14,M05,CNC,2.18,61.66,12.74,59.8,2834.8,normal,166.9,15.3,0.5,0,none,0.0
2039-08-15,M05,CNC,0.86,41.99,4.13,23.2,872.9,idle,167.02,14.0,0.5,0,none,0.0
2039-08-16,M05,CNC,0.93,43.14,5.47,24.6,854.0,idle,167.5,12.4,0.5,0,none,0.0
2039-08-17,M05,CNC,2.51,58.44,14.02,70.9,2945.0,normal,167.62,12.4,0.5,0,none,0.0
2039-08-18,M05,CNC,2.32,54.07,15.65,64.1,2819.0,normal,167.73,10.5,0.5,0,none,0.0
2039-08-19,M05,CNC,2.03,62.86,13.31,81.6,3042.6,normal,168.23,15.6,0.5,0,none,0.0
2039-08-20,M05,CNC,0.95,62.86,4.27,20.9,3042.6,idle,168.52,10.1,0.5,0,none,0.0
2039-08-21,M05,CNC,0.81,45.58,4.75,23.6,852.2,idle,168.92,11.3,0.5,0,none,0.0
2039-08-22,M05,CNC,3.23,70.27,19.93,104.8,3964.0,peak,169.25,17.5,0.5,0,none,0.0
2039-08-23,M05,CNC,3.23,62.53,12.19,75.4,2835.2,normal,169.55,9.5,0.5,0,none,0.0
2039-08-24,M05,CNC,0.82,47.34,4.93,22.9,862.4,idle,170.0,17.7,0.5,0,none,0.0
2039-08-25,M05,CNC,0.94,42.73,5.23,23.7,876.1,idle,170.1,12.0,0.5,0,none,0.0
2039-08-26,M05,CNC,0.71,42.32,5.33,24.9,890.2,idle,170.55,8.5,0.5,0,none,0.0
2039-08-27,M05,CNC,2.45,59.71,12.53,76.5,2892.2,normal,170.68,16.8,0.5,0,none,0.0
2039-08-28,M05,CNC,2.45,59.71,4.49,76.5,2892.2,idle,170.85,12.9,0.5,0,none,0.0
2039-08-29,M05,CNC,3.34,59.32,25.0,108.0,4042.2,peak,171.3,16.8,0.5,0,none,0.0
2039-08-30,M05,CNC,2.72,52.12,10.11,65.1,3056.5,normal,171.6,16.6,0.5,0,none,0.0
2039-08-31,M05,CNC,3.15,53.62,14.45,73.8,2809.5,normal,171.87,10.1,0.5,0,none,0.0
2039-09-01,M05,CNC,0.86,48.06,4.41,25.4,866.5,idle,172.28,16.8,0.5,0,none,0.0
2039-09-02,M05,CNC,1.91,52.4,14.94,67.9,3039.1,normal,172.67,9.8,0.5,0,none,0.0
2039-09-03,M05,CNC,2.54,57.21,14.74,68.1,3040.6,normal,173.03,17.2,0.5,0,none,0.0
2039-09-04,M05,CNC,0.73,46.36,5.05,25.4,865.7,idle,173.48,15.5,0.5,0,none,0.0
2039-09-05,M05,CNC,0.88,44.33,4.57,25.4,859.4,idle,173.95,10.0,0.5,0,none,0.0
2039-09-06,M05,CNC,3.87,70.75,21.82,107.4,3824.2,peak,174.12,10.4,0.5,0,none,0.0
2039-09-07,M05,CNC,2.67,63.02,14.95,66.2,3023.6,normal,174.35,16.1,0.5,0,none,0.0
2039-09-08,M05,CNC,0.83,48.4,4.8,24.6,855.5,idle,174.83,11.2,0.5,0,none,0.0
2039-09-09,M05,CNC,2.63,58.25,13.46,78.4,3075.4,normal,175.1,16.4,0.5,0,none,0.0
2039-09-10,M05,CNC,3.83,61.73,26.26,96.8,3986.7,peak,175.22,16.7,0.5,0,none,0.0
2039-09-11,M05,CNC,0.96,41.01,5.27,24.8,885.3,idle,175.55,16.7,0.5,0,none,0.0
2039-09-12,M05,CNC,0.96,44.05,5.45,21.2,890.6,idle,175.58,14.4,0.5,0,none,0.0
2039-09-13,M05,CNC,0.72,44.05,5.14,21.8,919.0,idle,175.7,15.3,0.5,0,none,0.0
2039-09-14,M05,CNC,0.85,45.17,4.05,25.7,862.2,idle,176.03,14.6,0.5,0,none,0.0
2039-09-15,M05,CNC,2.55,55.94,12.2,76.5,2998.6,normal,176.1,12.8,0.5,0,none,0.0
2039-09-16,M05,CNC,2.02,57.49,14.64,68.8,2849.7,normal,176.47,13.1,0.5,0,none,0.0
2039-09-17,M05,CNC,0.79,42.12,4.19,22.3,887.9,idle,176.52,10.0,0.5,0,none,0.0
2039-09-18,M05,CNC,0.79,46.04,5.49,25.8,908.0,idle,176.55,17.9,0.5,0,none,0.0
2039-09-19,M05,CNC,0.78,40.22,5.25,20.3,864.4,idle,176.62,13.9,0.5,0,none,0.0
2039-09-20,M05,CNC,0.86,41.78,5.25,20.3,902.9,idle,176.68,9.2,0.5,0,none,0.0
2039-09-21,M05,CNC,0.94,42.2,5.09,22.1,896.7,idle,176.92,9.5,0.5,0,none,0.0
2039-09-22,M05,CNC,0.74,47.06,5.46,20.3,856.6,idle,177.02,9.6,0.5,0,none,0.0
2039-09-23,M05,CNC,0.74,44.31,4.44,24.8,883.2,idle,177.5,15.0,0.5,0,none,0.0
2039-09-24,M05,CNC,0.85,47.17,4.54,22.1,903.0,idle,177.77,15.5,0.5,0,none,0.0
2039-09-25,M05,CNC,0.93,40.14,4.22,22.1,874.6,idle,177.87,14.1,0.5,0,none,0.0
2039-09-26,M05,CNC,0.79,46.69,5.24,21.1,889.4,idle,178.28,9.2,0.5,0,none,0.0
2039-09-27,M05,CNC,0.81,45.06,4.93,25.4,863.5,idle,178.52,9.3,0.5,0,none,0.0
2039-09-28,M05,CNC,0.73,46.27,4.59,21.0,858.2,idle,178.63,14.2,0.5,0,none,0.0
2039-09-29,M05,CNC,0.87,43.0,5.5,22.4,864.9,idle,178.68,15.2,0.5,0,none,0.0
2039-09-30,M05,CNC,0.89,42.44,4.74,22.9,881.8,idle,179.07,13.3,0.5,0,none,0.0
2039-10-01,M05,CNC,2.91,53.25,15.38,82.1,2899.9,normal,179.33,10.0,0.5,0,none,0.0
2039-10-02,M05,CNC,0.75,42.8,4.5,23.3,853.2,idle,179.68,10.1,0.5,0,none,0.0
2039-10-03,M05,CNC,0.97,40.99,4.42,23.3,868.0,idle,179.87,12.3,0.5,0,none,0.0
2039-10-04,M05,CNC,0.95,46.15,4.34,25.2,906.0,idle,180.07,8.1,0.5,0,none,0.0
2039-10-05,M05,CNC,0.93,48.48,4.93,23.0,876.2,idle,180.18,16.8,0.5,0,none,0.0
2039-10-06,M05,CNC,0.77,45.57,4.93,23.6,914.4,idle,180.63,13.2,0.5,0,none,0.0
2039-10-07,M05,CNC,0.81,46.95,4.97,24.0,895.1,idle,180.73,10.8,0.5,0,none,0.0
2039-10-08,M05,CNC,0.77,46.95,5.47,20.3,882.7,idle,180.82,8.2,0.5,0,none,0.0
2039-10-09,M05,CNC,0.83,43.6,5.17,24.5,913.4,idle,181.13,14.3,0.5,0,none,0.0
2039-10-10,M05,CNC,2.35,58.46,15.3,89.8,3090.8,normal,181.23,16.6,0.5,0,none,0.0
2039-10-11,M05,CNC,0.92,41.43,4.03,24.9,908.9,idle,181.57,17.8,0.5,0,none,0.0
2039-10-12,M05,CNC,0.92,42.8,4.96,21.9,881.5,idle,181.67,11.8,0.5,0,none,0.0
2039-10-13,M05,CNC,0.81,49.14,4.35,23.5,875.3,idle,181.7,13.9,0.5,0,none,0.0
2039-10-14,M05,CNC,0.9,49.14,5.39,20.6,865.4,idle,182.1,17.9,0.5,0,none,0.0
2039-10-15,M05,CNC,0.93,43.69,4.25,23.0,895.6,idle,182.32,16.4,0.5,0,none,0.0
2039-10-16,M05,CNC,0.71,42.92,5.21,23.1,852.5,idle,182.38,15.4,0.5,0,none,0.0
2039-10-17,M05,CNC,0.78,46.39,4.3,25.0,897.4,idle,182.42,10.1,0.5,0,none,0.0
2039-10-18,M05,CNC,0.84,49.16,4.59,21.4,896.3,idle,182.8,11.5,0.5,0,none,0.0
2039-10-19,M05,CNC,0.84,43.35,4.52,22.4,870.4,idle,183.23,13.0,0.5,0,none,0.0
2039-10-20,M05,CNC,0.91,46.51,4.66,22.4,875.5,idle,183.27,10.3,0.5,0,none,0.0
2039-10-21,M05,CNC,0.79,40.86,4.4,22.4,888.3,idle,183.53,10.8,0.5,0,none,0.0
2039-10-22,M05,CNC,2.88,55.94,15.64,83.4,3095.4,normal,183.78,13.5,0.5,0,none,0.0
2039-10-23,M05,CNC,0.96,46.17,4.9,20.8,900.6,idle,184.1,11.1,0.5,0,none,0.0
2039-10-24,M05,CNC,2.64,57.6,14.01,68.9,2957.2,normal,184.2,8.3,0.5,0,none,0.0
2039-10-25,M05,CNC,0.82,47.17,5.31,25.1,905.0,idle,184.27,15.8,0.5,0,none,0.0
2039-10-26,M05,CNC,1.82,63.68,11.29,85.7,2859.1,normal,184.3,12.8,0.5,0,none,0.0
2039-10-27,M05,CNC,2.42,61.24,13.66,67.8,3003.6,normal,184.35,11.6,0.5,0,none,0.0
2039-10-28,M05,CNC,2.42,54.14,13.7,59.8,3008.2,normal,184.47,13.6,0.5,0,none,0.0
2039-10-29,M05,CNC,1.8,58.23,12.11,63.5,2954.7,normal,184.63,14.0,0.5,0,none,0.0
2039-10-30,M05,CNC,2.7,64.48,14.91,63.5,2943.7,normal,184.68,15.2,0.5,0,none,0.0
2039-10-31,M05,CNC,2.35,50.49,11.83,84.2,2915.2,normal,184.75,16.6,0.5,0,none,0.0
2039-11-01,M05,CNC,2.45,54.08,11.28,54.4,2984.1,normal,184.78,9.3,0.5,0,none,0.0
2039-11-02,M05,CNC,2.43,59.09,13.05,82.4,3025.3,normal,185.27,14.5,0.5,0,none,0.0
2039-11-03,M05,CNC,2.88,57.49,11.8,87.5,2816.3,normal,185.77,11.2,0.5,0,none,0.0
2039-11-04,M05,CNC,2.01,56.29,13.49,52.3,3015.8,normal,186.25,16.8,0.5,0,none,0.0
2039-11-05,M05,CNC,2.58,57.27,12.25,52.3,2848.5,normal,186.62,10.2,0.5,0,none,0.0
2039-11-06,M05,CNC,0.73,42.9,5.06,23.5,883.6,idle,187.02,8.3,0.5,0,none,0.0
2039-11-07,M05,CNC,2.6,58.39,11.5,55.7,3069.0,normal,187.07,14.2,0.5,0,none,0.0
2039-11-08,M05,CNC,2.64,60.47,12.52,80.8,2975.3,normal,187.57,13.0,0.5,0,none,0.0
2039-11-09,M05,CNC,1.88,63.35,11.49,57.2,2826.4,normal,188.0,11.7,0.5,0,none,0.0
2039-11-10,M05,CNC,0.92,47.04,5.05,25.5,874.4,idle,188.5,14.2,0.5,0,none,0.0
2039-11-11,M05,CNC,2.59,59.29,15.87,63.9,3086.9,normal,188.72,14.8,0.5,0,none,0.0
2039-11-12,M05,CNC,2.01,61.46,13.61,83.0,2808.6,normal,188.93,12.3,0.5,0,none,0.0
2039-11-13,M05,CNC,3.26,59.18,23.93,104.0,4071.8,peak,189.05,10.5,0.5,0,none,0.0
2039-11-14,M05,CNC,2.45,51.02,10.86,52.3,3033.0,normal,189.52,16.4,0.5,0,none,0.0
2039-11-15,M05,CNC,2.94,64.97,12.18,52.7,2870.4,normal,189.68,8.0,0.5,0,none,0.0
2039-11-16,M05,CNC,2.62,64.43,10.17,56.6,3010.5,normal,189.73,15.7,0.5,0,none,0.0
2039-11-17,M05,CNC,0.9,42.51,5.22,20.8,914.8,idle,190.18,9.2,0.5,0,none,0.0
2039-11-18,M05,CNC,2.08,51.22,11.71,59.1,2958.1,normal,190.32,17.1,0.5,0,none,0.0
2039-11-19,M05,CNC,2.76,57.36,13.79,65.9,2808.4,normal,190.77,10.3,0.5,0,none,0.0
2039-11-20,M05,CNC,3.16,62.29,9.98,69.1,2990.5,normal,191.03,15.6,0.5,0,none,0.0
2039-11-21,M05,CNC,2.07,58.67,12.97,59.9,2842.4,normal,191.1,12.2,0.5,0,none,0.0
2039-11-22,M05,CNC,2.86,54.84,11.09,80.0,3020.8,normal,191.15,13.2,0.5,0,none,0.0
2039-11-23,M05,CNC,0.78,48.73,5.03,22.1,879.9,idle,191.6,11.7,0.5,0,none,0.0
2039-11-24,M05,CNC,2.82,53.17,12.55,76.8,2961.8,normal,191.68,8.3,0.5,0,none,0.0
2039-11-25,M05,CNC,2.65,58.19,10.79,67.6,2959.6,normal,192.1,11.4,0.5,0,none,0.0
2039-11-26,M05,CNC,2.89,59.81,12.27,89.0,2832.3,normal,192.15,10.0,0.5,0,none,0.0
2039-11-27,M05,CNC,2.09,55.12,10.99,75.8,2811.9,normal,192.2,9.0,0.5,0,none,0.0
2039-11-28,M05,CNC,2.05,54.4,13.94,85.3,3039.6,normal,192.25,10.3,0.5,0,none,0.0
2039-11-29,M05,CNC,3.35,67.61,18.3,99.7,4041.8,peak,192.32,16.1,0.5,0,none,0.0
2039-11-30,M05,CNC,2.44,52.25,12.35,59.5,2918.0,normal,192.5,13.3,0.5,0,none,0.0
2039-12-01,M05,CNC,2.48,55.24,12.35,73.4,3052.9,normal,192.67,10.0,0.5,0,none,0.0
2039-12-02,M05,CNC,2.87,59.92,12.73,52.1,2984.0,normal,192.9,15.0,0.5,0,none,0.0
2039-12-03,M05,CNC,2.3,51.77,12.39,80.0,3088.5,normal,192.93,12.4,0.5,0,none,0.0
2039-12-04,M05,CNC,2.32,58.14,15.03,64.7,2842.7,normal,193.15,13.3,0.5,0,none,0.0
2039-12-05,M05,CNC,2.19,63.49,10.54,64.5,2939.4,normal,193.37,15.0,0.5,0,none,0.0
2039-12-06,M05,CNC,2.99,64.07,12.27,87.4,2848.4,normal,193.72,8.3,0.5,0,none,0.0
2039-12-07,M05,CNC,2.02,64.07,12.81,59.1,2946.4,normal,193.8,11.3,0.5,0,none,0.0
2039-12-08,M05,CNC,0.93,48.27,5.3,23.4,910.7,idle,194.18,15.8,0.5,0,none,0.0
2039-12-09,M05,CNC,2.51,59.11,14.43,68.2,2822.1,normal,194.53,16.2,0.5,0,none,0.0
2039-12-10,M05,CNC,3.48,68.61,19.92,97.2,3887.9,peak,194.8,16.4,0.5,0,none,0.0
2039-12-11,M05,CNC,1.84,61.15,11.18,56.7,3009.7,normal,195.3,16.2,0.5,0,none,0.0
2039-12-12,M05,CNC,2.98,50.3,11.02,87.9,2915.6,normal,195.37,8.6,0.5,0,none,0.0
2039-12-13,M05,CNC,0.98,42.74,4.33,21.3,856.0,idle,195.52,15.0,0.5,0,none,0.0
2039-12-14,M05,CNC,3.06,64.7,15.7,84.4,3054.1,normal,195.8,8.6,0.5,0,none,0.0
2039-12-15,M05,CNC,2.73,62.39,10.85,66.7,2992.2,normal,195.97,12.3,0.5,0,none,0.0
2039-12-16,M05,CNC,2.73,69.23,10.85,66.7,4015.2,peak,196.15,14.3,0.5,0,none,0.0
2039-12-17,M05,CNC,0.99,41.53,5.39,23.1,895.0,idle,196.18,16.0,0.5,0,none,0.0
2039-12-18,M05,CNC,3.03,56.14,12.22,72.0,2805.7,normal,196.23,12.9,0.5,0,none,0.0
2039-12-19,M05,CNC,2.5,54.37,15.53,55.3,2937.8,normal,196.5,10.5,0.5,0,none,0.0
2039-12-20,M05,CNC,0.98,54.37,5.05,23.5,869.6,idle,196.53,10.6,0.5,0,none,0.0
2039-12-21,M05,CNC,2.31,51.35,14.61,64.3,3000.3,normal,196.68,17.4,0.5,0,none,0.0
2039-12-22,M05,CNC,0.81,44.64,4.83,24.8,864.8,idle,196.75,13.6,0.5,0,none,0.0
2039-12-23,M05,CNC,0.82,41.3,4.11,23.6,863.2,idle,197.15,14.3,0.5,0,none,0.0
2039-12-24,M05,CNC,1.88,63.46,12.97,57.1,2816.0,normal,197.32,11.2,0.5,0,none,0.0
2039-12-25,M05,CNC,3.3,66.01,24.68,104.6,3843.3,peak,197.7,8.7,0.5,0,none,0.0
2039-12-26,M05,CNC,2.69,56.07,12.52,82.5,2899.8,normal,198.15,10.6,0.5,0,none,0.0
2039-12-27,M05,CNC,2.01,63.1,10.88,63.2,3012.0,normal,198.5,16.1,0.5,0,none,0.0
2039-12-28,M05,CNC,2.76,62.01,10.7,65.4,2837.8,normal,198.68,14.0,0.5,0,none,0.0
2039-12-29,M05,CNC,3.63,62.97,24.89,95.0,3817.9,peak,198.97,12.0,0.5,0,none,0.0
2039-12-30,M05,CNC,2.41,64.37,15.29,89.8,2925.1,normal,199.32,12.9,0.5,0,none,0.0
2039-12-31,M05,CNC,1.87,54.59,13.89,57.1,2890.0,normal,199.47,10.0,0.5,0,none,0.0
2040-01-01,M05,CNC,1.88,57.12,10.86,55.5,2923.4,normal,199.8,9.2,0.5,0,none,0.0
2040-01-02,M05,CNC,2.29,58.06,14.37,56.3,3037.3,normal,200.05,13.6,0.5,0,none,0.0
2040-01-03,M05,CNC,0.71,44.43,4.88,25.7,890.2,idle,200.23,17.1,0.5,0,none,0.0
2040-01-04,M05,CNC,0.75,45.18,4.59,22.9,863.8,idle,200.32,12.8,0.5,0,none,0.0
2040-01-05,M05,CNC,0.85,53.11,5.12,23.6,855.5,idle,200.37,13.7,0.5,0,none,0.0
2040-01-06,M05,CNC,0.97,46.16,4.47,20.3,894.3,idle,200.52,9.7,0.5,0,none,0.0
2040-01-07,M05,CNC,0.97,49.08,4.05,20.2,916.5,idle,200.72,10.1,0.5,0,none,0.0
2040-01-08,M05,CNC,3.15,50.42,14.15,60.4,3010.4,normal,201.12,14.7,0.5,0,none,0.0
2040-01-09,M05,CNC,0.96,41.01,4.36,20.1,853.1,idle,201.47,13.7,0.5,0,none,0.0
2040-01-10,M05,CNC,1.84,62.01,11.44,70.7,3036.3,normal,201.55,12.5,0.5,0,none,0.0
2040-01-11,M05,CNC,0.85,44.29,4.02,23.4,858.7,idle,201.58,16.2,0.5,0,none,0.0
2040-01-12,M05,CNC,0.93,42.58,5.01,23.9,893.2,idle,201.75,12.3,0.5,0,none,0.0
2040-01-13,M05,CNC,0.78,42.67,5.29,20.1,862.7,idle,202.13,10.1,0.5,0,none,0.0
2040-01-14,M05,CNC,0.78,48.17,4.54,23.9,889.0,idle,202.18,16.2,0.5,0,none,0.0
2040-01-15,M05,CNC,0.72,46.22,5.22,25.9,852.1,idle,202.5,9.1,0.5,0,none,0.0
2040-01-16,M05,CNC,0.9,44.15,4.01,23.7,858.6,idle,202.75,9.6,0.5,0,none,0.0
2040-01-17,M05,CNC,0.81,42.61,4.54,23.0,875.1,idle,203.13,14.3,0.5,0,none,0.0
2040-01-18,M05,CNC,0.87,42.39,4.95,25.1,865.7,idle,203.52,9.0,0.5,0,none,0.0
2040-01-19,M05,CNC,2.51,59.73,13.17,65.9,2992.7,normal,204.02,17.4,0.5,0,none,0.0
2040-01-20,M05,CNC,2.51,59.73,13.17,20.1,2992.7,idle,204.47,11.7,0.5,0,none,0.0
2040-01-21,M05,CNC,0.9,47.59,4.17,25.9,892.4,idle,204.87,13.7,0.5,0,none,0.0
2040-01-22,M05,CNC,0.81,42.49,4.86,25.3,886.4,idle,205.22,17.9,0.5,0,none,0.0
2040-01-23,M05,CNC,0.9,43.58,4.58,21.7,899.4,idle,205.55,9.5,0.5,0,none,0.0
2040-01-24,M05,CNC,0.81,41.91,4.55,25.1,901.7,idle,205.63,12.4,0.5,0,none,0.0
2040-01-25,M05,CNC,0.8,49.07,4.11,20.3,858.9,idle,205.67,13.4,0.5,0,none,0.0
2040-01-26,M05,CNC,0.73,40.88,4.99,23.6,895.3,idle,206.03,10.9,0.5,0,none,0.0
2040-01-27,M05,CNC,0.91,47.57,4.31,23.7,890.6,idle,206.42,16.2,0.5,0,none,0.0
2040-01-28,M05,CNC,0.98,42.32,4.09,23.9,901.8,idle,206.9,13.5,0.5,0,none,0.0
2040-01-29,M05,CNC,2.2,58.56,9.89,88.5,2833.0,normal,207.13,11.0,0.5,0,none,0.0
2040-01-30,M05,CNC,0.72,40.44,4.64,20.6,902.1,idle,207.23,9.2,0.5,0,none,0.0
2040-01-31,M05,CNC,3.06,53.9,13.59,53.6,2916.0,normal,207.73,13.2,0.5,0,none,0.0
2040-02-01,M05,CNC,2.21,53.43,13.69,57.0,3058.2,normal,208.15,13.7,0.5,0,none,0.0
2040-02-02,M05,CNC,3.73,70.08,27.35,109.1,3965.5,peak,208.42,11.7,0.5,0,none,0.0
2040-02-03,M05,CNC,2.49,55.03,14.15,72.5,3079.9,normal,208.45,8.6,0.5,0,none,0.0
2040-02-04,M05,CNC,2.13,54.65,11.55,82.6,2829.7,normal,208.48,8.5,0.5,0,none,0.0
2040-02-05,M05,CNC,2.44,56.41,9.98,67.6,2954.0,normal,208.77,14.7,0.5,0,none,0.0
2040-02-06,M05,CNC,0.72,45.1,5.44,25.9,887.2,idle,209.23,16.4,0.5,0,none,0.0
2040-02-07,M05,CNC,2.52,54.28,15.98,62.4,2935.9,normal,209.47,11.0,0.5,0,none,0.0
2040-02-08,M05,CNC,1.8,55.24,9.96,80.3,2968.3,normal,209.7,14.5,0.5,0,none,0.0
2040-02-09,M05,CNC,3.66,62.87,26.15,95.0,3900.1,peak,209.77,13.1,0.5,0,none,0.0
2040-02-10,M05,CNC,0.9,49.08,4.35,23.2,887.7,idle,210.05,13.9,0.5,0,none,0.0
2040-02-11,M05,CNC,3.02,50.76,12.26,58.9,2806.5,normal,210.5,14.7,0.5,0,none,0.0
2040-02-12,M05,CNC,3.32,74.6,20.15,109.0,3861.6,peak,210.82,9.5,0.5,0,none,0.0
2040-02-13,M05,CNC,0.98,46.55,4.17,23.5,872.3,idle,211.23,13.8,0.5,0,none,0.0
2040-02-14,M05,CNC,3.51,65.48,22.23,105.0,4030.5,peak,211.62,12.8,0.5,0,none,0.0
2040-02-15,M05,CNC,3.51,63.87,15.6,53.5,2804.5,normal,211.98,8.4,0.5,0,none,0.0
2040-02-16,M05,CNC,2.4,58.86,11.31,61.9,3003.5,normal,212.2,9.2,0.5,0,none,0.0
2040-02-17,M05,CNC,0.88,41.67,5.33,24.1,875.4,idle,212.7,15.9,0.5,0,none,0.0
2040-02-18,M05,CNC,2.76,51.69,12.54,58.4,2812.4,normal,212.95,12.3,0.5,0,none,0.0
2040-02-19,M05,CNC,0.8,41.51,4.95,24.0,860.4,idle,213.23,14.4,0.5,0,none,0.0
2040-02-20,M05,CNC,1.83,61.89,9.51,65.1,2948.4,normal,213.35,14.7,0.5,0,none,0.0
2040-02-21,M05,CNC,0.95,48.39,5.09,21.5,900.4,idle,213.8,13.6,0.5,0,none,0.0
2040-02-22,M05,CNC,0.77,42.15,4.82,24.1,853.7,idle,214.0,11.5,0.5,0,none,0.0
2040-02-23,M05,CNC,3.25,71.33,26.59,104.1,3928.7,peak,214.43,13.8,0.5,0,none,0.0
2040-02-24,M05,CNC,0.95,47.29,4.87,21.9,863.9,idle,214.92,14.7,0.5,0,none,0.0
2040-02-25,M05,CNC,2.39,54.3,11.71,71.6,2850.7,normal,215.15,14.4,0.5,0,none,0.0
2040-02-26,M05,CNC,2.93,52.18,12.63,80.3,2945.5,normal,215.65,12.2,0.5,0,none,0.0
2040-02-27,M05,CNC,2.31,57.12,15.02,89.6,2989.3,normal,216.02,14.1,0.5,0,none,0.0
2040-02-28,M05,CNC,2.91,50.22,15.22,88.2,2972.6,normal,216.25,15.2,0.5,0,none,0.0
2040-02-29,M05,CNC,2.86,57.69,11.36,84.4,2979.1,normal,216.6,10.7,0.5,0,none,0.0
2040-03-01,M05,CNC,2.86,57.69,15.06,84.4,2979.1,normal,216.9,8.6,0.5,0,none,0.0
2040-03-02,M05,CNC,2.45,57.69,15.06,87.7,3044.0,normal,216.93,11.4,0.5,0,none,0.0
2040-03-03,M05,CNC,2.73,55.24,11.48,76.5,2929.8,normal,217.17,17.8,0.5,0,none,0.0
2040-03-04,M05,CNC,2.92,61.41,11.53,78.7,2948.4,normal,217.38,10.4,0.5,0,none,0.0
2040-03-05,M05,CNC,2.25,56.19,15.32,65.7,2886.2,normal,217.75,13.4,0.5,0,none,0.0
2040-03-06,M05,CNC,2.29,53.22,13.04,57.6,3045.2,normal,217.85,17.7,0.5,0,none,0.0
2040-03-07,M05,CNC,0.77,45.98,4.19,25.9,881.8,idle,218.3,10.7,0.5,0,none,0.0
2040-03-08,M05,CNC,2.95,61.53,14.14,83.4,2830.1,normal,218.53,13.0,0.5,0,none,0.0
2040-03-09,M05,CNC,2.75,53.99,14.61,88.4,3070.4,normal,218.88,12.4,0.5,0,none,0.0
2040-03-10,M05,CNC,1.96,55.54,11.87,56.6,2829.4,normal,219.05,9.5,0.5,0,none,0.0
2040-03-11,M05,CNC,2.34,64.88,13.2,75.6,2941.3,normal,219.48,14.0,0.5,0,none,0.0
2040-03-12,M05,CNC,2.73,64.35,13.33,54.5,2947.9,normal,219.55,14.2,0.5,0,none,0.0
2040-03-13,M05,CNC,3.19,55.81,13.36,56.0,2842.3,normal,219.62,8.7,0.5,0,none,0.0
2040-03-14,M05,CNC,3.02,54.51,11.49,66.7,3089.9,normal,220.08,17.0,0.5,0,none,0.0
2040-03-15,M05,CNC,1.92,62.28,11.72,84.3,3097.5,normal,220.5,14.6,0.5,0,none,0.0
2040-03-16,M05,CNC,2.29,51.94,10.44,80.8,2843.5,normal,220.85,9.6,0.5,0,none,0.0
2040-03-17,M05,CNC,0.78,42.04,4.53,20.4,910.0,idle,221.32,15.1,0.5,0,none,0.0
2040-03-18,M05,CNC,3.0,56.19,13.48,76.4,3024.8,normal,221.4,12.8,0.5,0,none,0.0
2040-03-19,M05,CNC,0.86,45.1,4.95,24.2,874.3,idle,221.65,11.4,0.5,0,none,0.0
2040-03-20,M05,CNC,2.26,54.05,13.07,65.7,2962.1,normal,221.8,10.5,0.5,0,none,0.0
2040-03-21,M05,CNC,2.37,62.55,9.98,73.7,2972.7,normal,222.12,12.0,0.5,0,none,0.0
2040-03-22,M05,CNC,2.37,44.21,5.2,21.7,2972.7,idle,222.55,8.2,0.5,0,none,0.0
2040-03-23,M05,CNC,3.05,59.76,14.52,75.3,2957.6,normal,222.67,17.6,0.5,0,none,0.0
2040-03-24,M05,CNC,3.15,54.24,10.5,62.9,2984.4,normal,223.1,9.4,0.5,0,none,0.0
2040-03-25,M05,CNC,2.06,63.63,12.17,84.3,2874.8,normal,223.18,12.3,0.5,0,none,0.0
2040-03-26,M05,CNC,2.24,50.89,11.18,70.6,3083.8,normal,223.55,9.9,0.5,0,none,0.0
2040-03-27,M05,CNC,2.34,59.6,12.28,53.8,2951.1,normal,223.73,15.9,0.5,0,none,0.0
2040-03-28,M05,CNC,1.89,63.26,14.39,66.4,2992.1,normal,223.98,8.6,0.5,0,none,0.0
2040-03-29,M05,CNC,1.89,47.03,5.23,66.4,869.9,idle,224.42,17.0,0.5,0,none,0.0
2040-03-30,M05,CNC,0.78,45.21,5.45,25.5,875.2,idle,224.83,13.2,0.5,0,none,0.0
2040-03-31,M05,CNC,0.93,49.21,4.39,25.0,868.8,idle,225.23,13.4,0.5,0,none,0.0
2040-04-01,M05,CNC,0.8,41.99,4.76,25.1,887.0,idle,225.67,8.4,0.5,0,none,0.0
2040-04-02,M05,CNC,0.8,53.78,13.16,74.2,2973.1,normal,225.98,15.3,0.5,0,none,0.0
2040-04-03,M06,Pump,0.52,42.54,3.94,20.1,550.3,idle,190.25,13.2,93.33,0,none,0.0
2040-04-04,M06,Pump,0.68,41.43,3.77,22.2,518.2,idle,190.33,16.4,93.25,0,none,0.0
2040-04-05,M06,Pump,0.62,43.42,3.51,24.0,543.4,idle,190.68,11.9,92.9,0,none,0.0
2040-04-06,M06,Pump,1.91,59.33,11.8,121.6,1272.3,normal,190.91,13.5,92.67,0,none,0.0
2040-04-07,M06,Pump,0.68,40.1,3.76,25.0,510.3,idle,191.26,14.2,92.32,0,none,0.0
2040-04-08,M06,Pump,0.65,36.39,3.89,21.0,565.7,idle,191.41,13.8,92.17,0,none,0.0
2040-04-09,M06,Pump,0.67,35.75,3.4,21.0,536.3,idle,191.81,12.4,91.77,0,none,0.0
2040-04-10,M06,Pump,0.53,36.29,3.69,15.5,561.2,idle,192.11,11.1,91.47,0,none,0.0
2040-04-11,M06,Pump,2.1,63.06,11.03,80.5,1282.5,normal,192.61,11.3,90.97,0,none,0.0
2040-04-12,M06,Pump,0.7,63.06,3.54,16.3,547.2,idle,192.95,11.1,90.63,0,none,0.0
2040-04-13,M06,Pump,0.63,36.01,3.63,21.7,534.5,idle,193.33,9.2,90.25,0,none,0.0
2040-04-14,M06,Pump,0.63,43.16,3.63,21.2,559.8,idle,193.43,14.8,90.15,0,none,0.0
2040-04-15,M06,Pump,0.68,38.89,3.42,23.2,515.0,idle,193.48,15.8,90.1,0,none,0.0
2040-04-16,M06,Pump,0.69,35.23,3.94,20.9,554.2,idle,193.7,17.3,89.88,0,none,0.0
2040-04-17,M06,Pump,0.58,44.92,3.46,17.6,503.6,idle,194.2,11.5,89.38,0,none,0.0
2040-04-18,M06,Pump,0.69,39.56,3.77,21.9,561.2,idle,194.26,12.2,89.32,0,none,0.0
2040-04-19,M06,Pump,0.63,40.62,3.8,22.5,513.0,idle,194.68,16.3,88.9,0,none,0.0
2040-04-20,M06,Pump,0.52,35.75,3.56,20.0,543.1,idle,195.0,13.6,88.58,0,none,0.0
2040-04-21,M06,Pump,0.69,38.31,3.83,20.3,515.4,idle,195.23,11.1,88.35,0,none,0.0
2040-04-22,M06,Pump,2.01,67.25,11.25,20.3,1207.7,normal,195.48,14.5,88.1,0,none,0.0
2040-04-23,M06,Pump,0.56,41.21,3.89,22.3,532.4,idle,195.56,10.6,88.02,0,none,0.0
2040-04-24,M06,Pump,0.68,38.03,3.83,19.7,562.9,idle,195.78,11.8,87.8,0,none,0.0
2040-04-25,M06,Pump,0.66,44.01,3.45,21.7,551.7,idle,195.81,13.9,87.77,0,none,0.0
2040-04-26,M06,Pump,0.65,40.04,3.31,17.6,522.6,idle,196.18,16.1,87.4,0,none,0.0
2040-04-27,M06,Pump,2.13,64.34,11.21,127.4,1227.4,normal,196.36,13.8,87.22,0,none,0.0
2040-04-28,M06,Pump,1.91,49.95,12.72,117.0,1253.0,normal,196.48,17.2,87.1,0,none,0.0
2040-04-29,M06,Pump,0.64,36.84,3.57,18.8,516.7,idle,196.71,10.7,86.87,0,none,0.0
2040-04-30,M06,Pump,0.68,41.79,3.5,17.4,501.3,idle,197.21,13.6,86.37,0,none,0.0
2040-05-01,M06,Pump,1.87,57.12,11.56,114.4,1261.8,normal,197.46,12.1,86.12,0,none,0.0
2040-05-02,M06,Pump,0.56,44.39,3.48,19.0,526.8,idle,197.66,10.6,85.92,0,none,0.0
2040-05-03,M06,Pump,0.55,37.17,3.51,23.6,553.7,idle,197.7,17.3,85.88,0,none,0.0
2040-05-04,M06,Pump,2.04,55.51,12.02,91.9,1211.2,normal,197.9,11.6,85.68,0,none,0.0
2040-05-05,M06,Pump,1.87,56.4,11.11,82.6,1239.5,normal,198.33,13.4,85.25,0,none,0.0
2040-05-06,M06,Pump,1.88,54.05,11.24,82.6,1239.2,normal,198.36,15.8,85.22,0,none,0.0
2040-05-07,M06,Pump,0.51,38.26,3.35,22.0,527.0,idle,198.55,17.6,85.03,0,none,0.0
2040-05-08,M06,Pump,0.57,36.27,3.46,17.3,569.0,idle,198.68,16.1,84.9,0,none,0.0
2040-05-09,M06,Pump,2.12,45.35,12.23,91.3,1215.7,normal,198.71,10.4,84.87,0,none,0.0
2040-05-10,M06,Pump,2.05,48.03,11.89,110.9,1283.2,normal,199.16,16.0,84.42,0,none,0.0
2040-05-11,M06,Pump,2.19,63.07,12.55,96.5,1201.3,normal,199.66,9.3,83.92,0,none,0.0
2040-05-12,M06,Pump,2.07,67.99,11.81,129.2,1221.3,normal,200.03,12.2,83.55,0,none,0.0
2040-05-13,M06,Pump,1.85,48.93,11.81,119.4,1251.1,normal,200.43,9.1,83.15,0,none,0.0
2040-05-14,M06,Pump,2.15,57.53,11.93,118.9,1215.2,normal,200.8,14.1,82.78,0,none,0.0
2040-05-15,M06,Pump,2.86,73.64,15.56,155.0,1885.3,peak,200.95,8.1,82.63,0,none,0.0
2040-05-16,M06,Pump,1.99,59.93,12.55,91.5,1324.1,normal,201.33,16.6,82.25,0,none,0.0
2040-05-17,M06,Pump,1.91,49.04,11.7,90.8,1234.3,normal,201.41,10.9,82.17,0,none,0.0
2040-05-18,M06,Pump,0.56,36.81,3.77,20.8,545.4,idle,201.85,12.3,81.73,0,none,0.0
2040-05-19,M06,Pump,1.87,62.7,11.26,107.7,1241.3,normal,202.35,14.6,81.23,0,none,0.0
2040-05-20,M06,Pump,1.96,52.44,12.58,124.3,1311.4,normal,202.53,15.6,81.05,0,none,0.0
2040-05-21,M06,Pump,1.79,51.32,12.84,100.7,1341.2,normal,202.88,8.3,80.7,0,none,0.0
2040-05-22,M06,Pump,1.9,66.89,12.85,112.3,1201.3,normal,202.95,15.1,80.63,0,none,0.0
2040-05-23,M06,Pump,1.9,65.96,12.77,87.7,1259.9,normal,203.03,17.1,80.55,0,none,0.0
2040-05-24,M06,Pump,2.12,58.29,12.69,121.0,1336.1,normal,203.51,17.6,80.07,0,none,0.0
2040-05-25,M06,Pump,0.52,36.45,3.36,24.4,533.3,idle,203.83,14.4,79.75,0,none,0.0
2040-05-26,M06,Pump,1.73,52.4,11.7,120.1,1310.3,normal,203.88,17.0,79.7,0,none,0.0
2040-05-27,M06,Pump,2.04,45.5,12.82,89.2,1294.4,normal,204.2,12.7,79.38,0,none,0.0
2040-05-28,M06,Pump,2.44,71.22,15.02,154.2,1844.4,peak,204.5,12.8,79.08,0,none,0.0
2040-05-29,M06,Pump,2.43,74.36,16.7,142.5,1782.5,peak,204.78,9.3,78.8,0,none,0.0
2040-05-30,M06,Pump,1.91,64.37,11.51,129.8,1253.3,normal,205.26,13.8,78.32,0,none,0.0
2040-05-31,M06,Pump,2.63,71.83,16.36,146.1,1844.3,peak,205.76,12.4,77.82,0,none,0.0
2040-06-01,M06,Pump,0.54,38.88,3.9,22.4,510.8,idle,206.21,17.3,77.37,0,none,0.0
2040-06-02,M06,Pump,2.0,59.46,11.18,102.2,1239.1,normal,206.38,17.9,77.2,0,none,0.0
2040-06-03,M06,Pump,0.59,42.77,3.41,16.2,518.9,idle,206.63,16.5,76.95,0,none,0.0
2040-06-04,M06,Pump,0.69,42.48,3.31,19.0,518.0,idle,207.0,8.8,76.58,0,none,0.0
2040-06-05,M06,Pump,2.02,42.48,12.93,19.0,1288.2,normal,207.41,9.6,76.17,0,none,0.0
2040-06-06,M06,Pump,2.05,63.99,11.81,113.7,1245.5,normal,207.55,10.3,76.03,0,none,0.0
2040-06-07,M06,Pump,0.59,43.96,3.96,113.7,526.2,idle,207.98,11.4,75.6,0,none,0.0
2040-06-08,M06,Pump,2.11,45.59,11.21,112.4,1243.7,normal,208.23,13.9,75.35,0,none,0.0
2040-06-09,M06,Pump,0.69,39.36,3.6,21.8,553.7,idle,208.46,13.3,75.12,0,none,0.0
2040-06-10,M06,Pump,1.94,49.92,12.55,94.7,1226.3,normal,208.73,17.7,74.85,0,none,0.0
2040-06-11,M06,Pump,2.02,47.08,12.94,110.9,1347.9,normal,209.1,17.8,74.48,0,none,0.0
2040-06-12,M06,Pump,1.87,67.34,11.29,80.1,1205.0,normal,209.4,9.3,74.18,0,none,0.0
2040-06-13,M06,Pump,1.93,46.91,12.02,95.0,1205.0,normal,209.78,15.5,73.8,0,none,0.0
2040-06-14,M06,Pump,2.02,48.75,12.53,108.3,1337.2,normal,210.08,10.5,73.5,0,none,0.0
2040-06-15,M06,Pump,0.57,44.83,3.7,24.7,501.9,idle,210.53,17.5,73.05,0,none,0.0
2040-06-16,M06,Pump,2.06,63.78,11.11,108.1,1320.3,normal,210.58,17.4,73.0,0,none,0.0
2040-06-17,M06,Pump,1.98,46.47,12.39,81.2,1322.6,normal,210.75,11.7,72.83,0,none,0.0
2040-06-18,M06,Pump,1.72,48.16,11.55,110.9,1346.5,normal,211.11,15.4,72.47,0,none,0.0
2040-06-19,M06,Pump,1.76,48.28,11.74,121.5,1270.1,normal,211.6,16.8,71.98,0,none,0.0
2040-06-20,M06,Pump,1.86,70.65,11.52,98.9,1249.9,normal,211.68,9.9,71.9,0,none,0.0
2040-06-21,M06,Pump,2.88,83.86,16.52,151.0,1825.7,peak,212.08,10.9,71.5,0,none,0.0
2040-06-22,M06,Pump,0.53,42.47,3.72,24.0,514.0,idle,212.4,15.4,71.18,0,none,0.0
2040-06-23,M06,Pump,0.65,41.85,3.49,21.7,564.7,idle,212.68,14.2,70.9,0,none,0.0
2040-06-24,M06,Pump,2.16,61.55,11.1,123.4,1298.7,normal,213.15,12.5,70.43,0,none,0.0
2040-06-25,M06,Pump,2.16,36.87,3.38,15.5,552.8,idle,213.65,15.6,69.93,0,none,0.0
2040-06-26,M06,Pump,0.55,35.24,3.58,19.8,511.9,idle,213.8,14.5,69.78,0,none,0.0
2040-06-27,M06,Pump,0.51,36.89,3.78,15.8,538.9,idle,214.18,12.9,69.4,0,none,0.0
2040-06-28,M06,Pump,0.53,36.96,3.58,16.0,512.1,idle,214.21,16.3,69.37,0,none,0.0
2040-06-29,M06,Pump,0.57,38.3,3.82,15.8,560.2,idle,214.53,9.7,69.05,0,none,0.0
2040-06-30,M06,Pump,2.11,62.62,11.62,120.8,1227.4,normal,214.6,11.5,68.98,0,none,0.0
2040-07-01,M06,Pump,0.52,35.45,3.96,18.1,564.2,idle,214.63,8.6,68.95,0,none,0.0
2040-07-02,M06,Pump,0.55,44.08,3.93,24.2,534.7,idle,215.11,15.8,68.47,0,none,0.0
2040-07-03,M06,Pump,0.67,44.51,3.53,19.2,550.4,idle,215.26,10.5,68.32,0,none,0.0
2040-07-04,M06,Pump,0.56,42.54,3.35,20.2,508.6,idle,215.66,8.3,67.92,0,none,0.0
2040-07-05,M06,Pump,1.86,51.01,12.69,88.1,1321.0,normal,216.01,17.8,47.81,0,none,0.0
2040-07-06,M06,Pump,0.67,40.11,3.47,17.3,532.3,idle,216.21,13.0,47.61,0,none,0.0
2040-07-07,M06,Pump,0.51,40.46,3.98,16.6,539.9,idle,216.31,16.9,47.51,0,none,0.0
2040-07-08,M06,Pump,0.7,43.82,3.91,23.2,521.3,idle,216.51,16.8,47.31,0,none,0.0
2040-07-09,M06,Pump,0.7,44.63,3.66,18.6,528.6,idle,216.55,17.2,47.28,0,none,0.0
2040-07-10,M06,Pump,0.59,37.47,3.75,20.6,531.8,idle,216.95,15.4,46.88,0,none,0.0
2040-07-11,M06,Pump,0.54,43.41,3.44,16.1,542.8,idle,217.25,16.7,46.58,0,none,0.0
2040-07-12,M06,Pump,0.61,36.13,3.57,22.7,542.1,idle,217.51,10.9,46.31,0,none,0.0
2040-07-13,M06,Pump,0.61,37.6,3.77,23.9,544.0,idle,218.01,12.2,45.81,0,none,0.0
2040-07-14,M06,Pump,0.71,40.94,3.84,24.0,552.8,idle,218.13,10.5,45.7,0,none,0.0
2040-07-15,M06,Pump,2.33,55.76,12.95,110.3,1326.8,normal,218.51,10.6,45.31,0,none,0.0
2040-07-16,M06,Pump,0.56,42.5,3.94,16.7,544.7,idle,218.76,13.3,45.06,0,none,0.0
2040-07-17,M06,Pump,0.73,38.94,3.63,20.7,534.4,idle,219.23,11.6,44.6,0,none,0.0
2040-07-18,M06,Pump,0.57,37.07,3.42,17.6,515.3,idle,219.3,14.2,44.53,0,none,0.0
2040-07-19,M06,Pump,0.73,41.9,3.89,15.7,531.9,idle,219.56,13.5,44.26,0,none,0.0
2040-07-20,M06,Pump,0.63,44.68,3.86,23.7,501.3,idle,219.6,14.5,44.23,0,none,0.0
2040-07-21,M06,Pump,0.72,41.72,3.95,20.1,535.4,idle,220.05,11.2,43.78,0,none,0.0
2040-07-22,M06,Pump,1.98,61.81,11.77,79.0,1204.2,normal,220.41,9.5,43.41,0,none,0.0
2040-07-23,M06,Pump,3.42,76.71,17.08,164.0,1881.9,peak,220.68,13.1,43.15,0,none,0.0
2040-07-24,M06,Pump,0.79,45.52,3.57,16.5,541.9,idle,220.85,15.4,42.98,0,none,0.0
2040-07-25,M06,Pump,2.27,48.98,12.64,107.3,1321.9,normal,221.3,13.8,42.53,0,none,0.0
2040-07-26,M06,Pump,2.36,60.01,12.17,102.1,1335.0,normal,221.63,15.8,42.2,0,none,0.0
2040-07-27,M06,Pump,2.36,41.43,3.86,19.3,516.4,idle,222.13,14.9,41.7,0,none,0.0
2040-07-28,M06,Pump,2.21,52.36,12.0,123.3,1267.3,normal,222.18,17.9,41.65,0,none,0.0
2040-07-29,M06,Pump,2.2,55.91,11.52,125.0,1252.5,normal,222.46,9.3,41.36,0,none,0.0
2040-07-30,M06,Pump,2.66,55.15,13.04,91.3,1202.7,normal,222.75,16.4,41.08,0,none,0.0
2040-07-31,M06,Pump,2.11,61.22,13.04,101.1,1312.7,normal,223.13,11.8,40.7,0,none,0.0
2040-08-01,M06,Pump,0.68,40.39,4.01,19.9,553.7,idle,223.18,16.6,40.65,0,none,0.0
2040-08-02,M06,Pump,2.34,56.57,11.69,125.7,1323.8,normal,223.53,17.6,40.3,0,none,0.0
2040-08-03,M06,Pump,2.74,56.79,11.69,99.6,1257.4,normal,223.93,10.7,39.9,0,none,0.0
2040-08-04,M06,Pump,2.68,51.77,11.85,94.4,1306.4,normal,224.43,13.6,39.4,0,none,0.0
2040-08-05,M06,Pump,2.41,55.98,11.85,98.0,1225.9,normal,224.58,9.6,39.25,0,none,0.0
2040-08-06,M06,Pump,2.57,66.22,11.55,110.2,1194.2,normal,224.73,15.9,39.1,0,none,0.0
2040-08-07,M06,Pump,3.49,76.66,16.2,151.7,1871.4,peak,224.83,17.9,39.0,0,none,0.0
2040-08-08,M06,Pump,2.66,69.48,12.8,78.4,1227.7,normal,225.21,8.3,38.61,0,none,0.0
2040-08-09,M06,Pump,2.81,62.88,13.49,86.1,1231.7,normal,225.68,16.8,38.15,0,none,0.0
2040-08-10,M06,Pump,3.44,78.02,16.14,151.1,1827.1,peak,225.81,13.2,38.01,0,none,0.0
2040-08-11,M06,Pump,3.42,74.41,17.12,151.5,1813.8,peak,226.11,15.1,37.71,0,none,0.0
2040-08-12,M06,Pump,3.55,86.67,16.83,163.1,1806.4,peak,226.43,9.7,37.4,0,none,0.0
2040-08-13,M06,Pump,2.47,56.52,12.58,105.6,1288.6,normal,226.51,9.2,37.31,0,none,0.0
2040-08-14,M06,Pump,2.42,63.53,13.13,113.2,1258.0,normal,226.63,16.9,37.2,0,none,0.0
2040-08-15,M06,Pump,2.94,57.7,11.72,120.7,1217.9,normal,226.66,13.2,37.16,0,none,0.0
2040-08-16,M06,Pump,2.77,52.59,11.54,86.3,1242.0,normal,226.93,9.1,36.9,0,none,0.0
2040-08-17,M06,Pump,2.36,53.03,13.11,118.0,1307.3,normal,226.96,14.3,36.86,0,none,0.0
2040-08-18,M06,Pump,2.36,42.8,4.1,20.3,526.5,idle,227.35,17.2,36.48,0,none,0.0
2040-08-19,M06,Pump,2.83,53.64,13.2,100.3,1204.0,normal,227.73,11.9,36.1,0,none,0.0
2040-08-20,M06,Pump,2.42,52.52,13.42,129.5,1238.0,normal,227.76,16.2,36.06,0,none,0.0
2040-08-21,M06,Pump,2.55,53.8,13.29,88.9,1321.8,normal,227.9,16.0,35.93,0,none,0.0
2040-08-22,M06,Pump,2.81,69.46,12.73,113.9,1276.4,normal,228.08,15.2,35.75,0,none,0.0
2040-08-23,M06,Pump,2.96,68.21,12.83,110.9,1320.5,normal,228.58,17.3,35.25,0,none,0.0
2040-08-24,M06,Pump,3.05,64.38,11.62,83.4,1310.5,normal,228.95,17.4,34.88,0,none,0.0
2040-08-25,M06,Pump,2.47,54.11,12.1,109.2,1268.5,normal,229.28,8.5,34.55,0,none,0.0
2040-08-26,M06,Pump,2.63,54.07,13.25,126.6,1190.6,normal,229.56,15.8,34.26,0,none,0.0
2040-08-27,M06,Pump,0.76,45.85,4.09,22.9,542.3,idle,230.0,14.4,33.83,0,none,0.0
2040-08-28,M06,Pump,3.1,54.47,11.88,110.0,1303.6,normal,230.13,12.1,33.7,0,none,0.0
2040-08-29,M06,Pump,2.9,71.72,13.36,114.4,1190.6,normal,230.46,14.8,33.36,0,none,0.0
2040-08-30,M06,Pump,2.55,67.65,12.1,79.5,1316.1,normal,230.55,10.0,33.28,0,none,0.0
2040-08-31,M06,Pump,4.32,78.02,17.61,141.2,1764.5,peak,230.98,12.6,32.85,0,none,0.0
2040-09-01,M06,Pump,2.99,67.42,11.74,95.0,1212.1,normal,231.41,9.8,32.41,0,none,0.0
2040-09-02,M06,Pump,1.05,46.65,3.82,15.8,533.0,idle,231.63,10.8,32.2,0,none,0.0
2040-09-03,M06,Pump,4.19,87.25,16.62,164.5,1785.7,peak,231.83,13.9,32.0,0,none,0.0
2040-09-04,M06,Pump,0.84,43.56,3.91,24.4,542.1,idle,232.1,11.3,31.73,0,none,0.0
2040-09-05,M06,Pump,0.94,41.87,3.64,20.0,541.4,idle,232.6,12.4,31.23,0,none,0.0
2040-09-06,M06,Pump,1.0,42.66,3.61,18.8,554.1,idle,233.1,12.2,30.73,0,none,0.0
2040-09-07,M06,Pump,3.04,57.78,12.49,84.9,1248.0,normal,233.16,17.0,30.66,0,none,0.0
2040-09-08,M06,Pump,4.45,90.02,17.17,144.2,1818.5,peak,233.4,11.0,30.43,0,none,0.0
2040-09-09,M06,Pump,1.01,41.23,4.19,23.3,523.3,idle,233.46,15.0,30.36,0,none,0.0
2040-09-10,M06,Pump,4.29,86.37,17.59,140.4,1735.0,peak,233.96,10.2,29.86,0,none,0.0
2040-09-11,M06,Pump,2.8,68.1,12.79,140.4,1290.8,normal,234.15,12.5,29.68,0,none,0.0
2040-09-12,M06,Pump,2.95,68.01,12.8,97.6,1225.8,normal,234.35,14.1,29.48,0,none,0.0
2040-09-13,M06,Pump,3.46,68.65,11.91,127.8,1290.5,normal,234.68,14.2,29.15,0,none,0.0
2040-09-14,M06,Pump,2.82,52.67,12.54,110.5,1267.0,normal,234.73,8.2,29.1,0,none,0.0
2040-09-15,M06,Pump,2.95,61.29,12.34,80.6,1251.8,normal,235.16,9.9,28.66,0,none,0.0
2040-09-16,M06,Pump,3.01,63.61,13.94,85.5,1175.8,normal,235.41,10.9,28.41,0,none,0.0
2040-09-17,M06,Pump,2.81,63.61,13.43,108.2,1248.1,normal,235.51,15.3,28.31,0,none,0.0
2040-09-18,M06,Pump,3.06,58.39,12.73,109.8,1248.1,normal,235.85,9.6,27.98,0,none,0.0
2040-09-19,M06,Pump,3.42,64.6,12.52,104.1,1315.9,normal,236.2,8.2,27.63,0,none,0.0
2040-09-20,M06,Pump,0.82,43.41,3.92,21.4,503.9,idle,236.35,13.6,27.48,0,none,0.0
2040-09-21,M06,Pump,3.58,66.29,13.86,95.1,1295.6,normal,236.65,13.7,27.18,0,none,0.0
2040-09-22,M06,Pump,0.96,44.12,4.29,15.9,553.6,idle,236.93,14.8,26.9,0,none,0.0
2040-09-23,M06,Pump,0.99,51.64,4.01,22.6,489.3,idle,237.3,14.1,26.53,0,none,0.0
2040-09-24,M06,Pump,1.01,49.15,4.2,16.6,517.4,idle,237.51,16.0,26.31,0,none,0.0
2040-09-25,M06,Pump,0.98,42.89,3.94,23.1,509.1,idle,237.76,12.5,26.06,0,none,0.0
2040-09-26,M06,Pump,1.0,51.49,3.62,20.9,539.4,idle,237.83,17.0,26.0,0,none,0.0
2040-09-27,M06,Pump,1.1,49.05,4.16,15.6,525.1,idle,237.86,10.4,25.96,0,none,0.0
2040-09-28,M06,Pump,3.53,54.06,12.03,120.4,1276.8,normal,237.9,9.3,25.93,0,none,0.0
2040-09-29,M06,Pump,0.99,51.45,4.2,24.7,551.8,idle,238.4,17.9,25.43,0,none,0.0
2040-09-30,M06,Pump,1.03,49.69,4.13,23.1,541.9,idle,238.66,14.3,25.16,0,none,0.0
2040-10-01,M06,Pump,0.91,49.69,3.83,23.2,543.3,idle,239.0,16.7,24.83,0,none,0.0
2040-10-02,M06,Pump,1.04,48.12,4.26,18.1,491.2,idle,239.23,17.8,24.6,0,none,0.0
2040-10-03,M06,Pump,3.38,73.43,13.82,97.1,1179.8,normal,239.55,15.6,24.28,0,none,0.0
2040-10-04,M06,Pump,1.11,50.91,4.15,19.2,495.8,idle,240.05,17.3,23.78,1,bearing,2798.0
2040-10-05,M06,Pump,1.2,45.47,3.82,23.2,554.1,idle,240.5,11.4,23.33,1,bearing,3787.0
2040-10-06,M06,Pump,1.12,48.99,3.88,15.2,500.2,idle,240.58,12.6,23.25,1,bearing,2869.0
2040-10-07,M06,Pump,1.11,44.36,4.33,16.9,522.5,idle,240.96,12.9,22.86,1,bearing,4077.0
2040-10-08,M06,Pump,1.08,49.0,3.9,23.7,517.0,idle,241.31,8.7,22.51,1,bearing,4719.0
2040-10-09,M06,Pump,1.16,49.44,3.74,21.2,524.0,idle,241.7,14.4,22.13,1,bearing,3092.0
2040-10-10,M06,Pump,1.23,51.95,3.78,15.8,506.5,idle,241.86,15.1,21.96,1,bearing,4149.0
2040-10-11,M06,Pump,1.27,43.39,4.18,21.1,530.4,idle,241.96,9.8,21.86,1,bearing,3077.0
2040-10-12,M06,Pump,3.31,58.49,13.17,83.0,1177.8,normal,242.31,11.3,21.51,1,bearing,4906.0
2040-10-13,M06,Pump,0.95,49.03,3.98,17.9,507.7,idle,242.38,16.1,21.45,1,bearing,3582.0
2040-10-14,M06,Pump,1.0,47.55,3.83,22.0,494.4,idle,242.8,10.7,21.03,1,bearing,3040.0
2040-10-15,M06,Pump,1.27,44.35,4.41,23.3,532.2,idle,242.88,11.5,20.95,1,bearing,3702.0
2040-10-16,M06,Pump,1.26,44.91,3.81,17.5,502.5,idle,243.1,16.4,20.73,1,bearing,3806.0
2040-10-17,M06,Pump,1.04,49.36,3.7,18.8,502.4,idle,243.35,9.3,20.48,1,bearing,4867.0
2040-10-18,M06,Pump,1.16,53.48,4.08,19.3,510.7,idle,243.45,16.7,20.38,1,bearing,4535.0
2040-10-19,M06,Pump,1.24,44.5,4.43,19.2,506.7,idle,243.91,13.7,19.91,1,bearing,2703.0
2040-10-20,M06,Pump,1.3,53.16,4.19,15.2,536.2,idle,243.98,10.2,19.85,1,bearing,3901.0
2040-10-21,M06,Pump,1.08,47.76,3.81,20.2,535.8,idle,244.23,8.5,19.6,1,bearing,3203.0
2040-10-22,M06,Pump,1.04,53.31,3.85,15.7,528.9,idle,244.36,10.8,19.46,1,bearing,4425.0
2040-10-23,M06,Pump,4.02,75.87,14.03,88.4,1306.5,normal,244.48,17.2,19.35,1,bearing,3843.0
2040-10-24,M06,Pump,1.3,45.74,4.14,20.6,514.9,idle,244.98,15.9,18.85,1,bearing,2520.0
2040-10-25,M06,Pump,4.19,55.5,4.14,88.7,1240.2,normal,245.03,13.2,18.8,1,bearing,4616.0
2040-10-26,M06,Pump,4.0,59.83,13.23,127.4,1274.1,normal,245.15,10.6,18.68,1,bearing,4353.0
2040-10-27,M06,Pump,3.82,59.32,13.31,118.2,1282.5,normal,245.3,17.9,18.53,1,bearing,2796.0
2040-10-28,M06,Pump,4.92,89.21,17.07,140.6,1775.6,peak,245.53,13.4,18.3,1,bearing,4028.0
2040-10-29,M06,Pump,3.49,56.1,14.0,103.9,1278.6,normal,245.56,8.6,18.26,1,bearing,3939.0
2040-10-30,M06,Pump,3.94,56.1,13.06,91.7,1249.7,normal,245.88,15.5,17.95,1,bearing,2741.0
2040-10-31,M06,Pump,3.49,73.16,13.56,89.8,1253.2,normal,245.95,11.7,17.88,1,bearing,2504.0
2040-11-01,M06,Pump,4.24,56.41,12.64,121.9,1177.8,normal,246.3,12.6,17.53,1,bearing,2947.0
2040-11-02,M06,Pump,1.0,48.15,4.1,20.7,518.3,idle,246.76,11.1,17.06,1,bearing,4250.0
2040-11-03,M06,Pump,1.34,52.38,4.51,19.8,489.6,idle,246.83,8.4,17.0,1,bearing,3985.0
2040-11-04,M06,Pump,5.86,79.8,18.7,140.8,1803.7,peak,246.98,16.6,16.85,1,bearing,4304.0
2040-11-05,M06,Pump,1.36,48.64,3.92,17.3,517.1,idle,247.03,9.4,16.8,1,bearing,2679.0
2040-11-06,M06,Pump,3.54,70.25,13.27,94.8,1227.9,normal,247.08,16.1,16.75,1,bearing,4931.0
2040-11-07,M06,Pump,1.21,46.25,4.3,23.8,502.4,idle,247.28,8.0,16.55,1,bearing,4481.0
2040-11-08,M06,Pump,4.99,91.29,17.39,141.0,1782.2,peak,247.45,16.3,16.38,1,bearing,2854.0
2040-11-09,M06,Pump,3.65,58.99,14.69,93.2,1290.8,normal,247.95,15.9,15.88,1,bearing,4801.0
2040-11-10,M06,Pump,3.61,74.0,13.63,82.1,1265.7,normal,248.35,10.9,15.48,1,bearing,3076.0
2040-11-11,M06,Pump,4.37,59.05,14.16,101.1,1268.0,normal,248.8,12.7,15.03,1,bearing,4929.0
2040-11-12,M06,Pump,4.2,56.01,12.94,102.5,1293.6,normal,249.11,16.7,14.71,1,bearing,4188.0
2040-11-13,M06,Pump,3.83,69.93,12.56,115.0,1245.4,normal,249.33,10.6,14.5,1,bearing,4434.0
2040-11-14,M06,Pump,4.24,76.41,12.89,91.6,1301.7,normal,249.76,16.4,14.06,1,bearing,2860.0
2040-11-15,M06,Pump,1.1,52.92,4.35,21.8,497.5,idle,250.11,13.1,13.71,1,bearing,3078.0
2040-11-16,M06,Pump,3.77,71.13,13.01,112.4,1228.0,normal,250.4,11.1,13.43,1,bearing,4705.0
2040-11-17,M06,Pump,3.94,62.73,14.76,104.4,1237.9,normal,250.46,15.7,13.36,1,bearing,2789.0
2040-11-18,M06,Pump,4.52,70.88,14.79,83.5,1279.1,normal,250.51,8.5,13.31,1,bearing,3940.0
2040-11-19,M06,Pump,3.92,74.61,14.57,92.1,1215.2,normal,250.95,14.1,12.88,1,bearing,3408.0
2040-11-20,M06,Pump,4.35,58.37,14.36,83.7,1287.7,normal,251.33,12.7,12.5,1,bearing,3715.0
2040-11-21,M06,Pump,4.35,89.77,17.49,146.7,1287.7,peak,251.46,15.8,12.36,1,bearing,3974.0
2040-11-22,M06,Pump,4.12,56.22,14.69,78.4,1266.8,normal,251.73,15.6,12.1,1,bearing,3491.0
2040-11-23,M06,Pump,1.26,51.52,3.97,21.1,517.4,idle,251.93,9.5,11.9,1,bearing,4670.0
2040-11-24,M06,Pump,3.79,51.52,12.81,81.5,1156.8,normal,251.98,10.7,11.85,1,bearing,4735.0
2040-11-25,M06,Pump,3.87,72.01,13.39,95.8,1173.5,normal,252.23,12.3,11.6,1,bearing,3293.0
2040-11-26,M06,Pump,4.27,64.35,14.24,116.6,1238.4,normal,252.56,17.9,11.26,1,bearing,3529.0
2040-11-27,M06,Pump,3.98,68.34,13.28,125.0,1264.0,normal,253.06,13.4,10.76,1,bearing,3299.0
2040-11-28,M06,Pump,4.24,78.95,13.98,95.1,1166.8,normal,253.38,9.8,10.45,1,bearing,3433.0
2040-11-29,M06,Pump,5.95,94.72,19.36,155.1,1737.8,peak,253.61,16.0,10.21,1,bearing,3720.0
2040-11-30,M06,Pump,6.1,93.31,18.33,151.9,1778.7,peak,253.85,13.4,9.98,1,bearing,3855.0
2040-12-01,M06,Pump,4.7,75.13,12.8,84.5,1275.1,normal,254.05,16.2,9.78,1,bearing,3633.0
2040-12-02,M06,Pump,4.68,66.01,14.13,125.1,1283.0,normal,254.45,11.6,9.38,1,bearing,3874.0
2040-12-03,M06,Pump,4.68,61.96,14.48,83.3,1280.1,normal,254.66,17.6,9.16,1,bearing,3153.0
2040-12-04,M06,Pump,3.93,72.41,14.2,118.4,1230.7,normal,254.8,15.3,9.03,1,bearing,2539.0
2040-12-05,M06,Pump,3.86,73.52,13.7,94.7,1293.5,normal,255.15,17.4,8.68,1,bearing,3829.0
2040-12-06,M06,Pump,4.46,73.66,14.03,118.0,1258.9,normal,255.23,14.3,8.6,1,bearing,3767.0
2040-12-07,M06,Pump,4.56,80.39,13.9,114.7,1264.9,normal,255.65,17.9,8.18,1,bearing,2916.0
2040-12-08,M06,Pump,4.27,68.12,15.11,79.7,1197.8,normal,256.15,17.5,7.68,1,bearing,2910.0
2040-12-09,M06,Pump,1.36,47.69,4.59,17.9,496.1,idle,256.41,17.4,7.41,1,bearing,2888.0
2040-12-10,M06,Pump,6.59,86.96,4.59,160.5,1789.2,peak,256.76,8.2,7.06,1,bearing,3845.0
2040-12-11,M06,Pump,4.79,59.97,13.08,94.0,1153.4,normal,257.21,17.4,6.61,1,bearing,4093.0
2040-12-12,M06,Pump,1.38,51.9,4.33,18.0,511.0,idle,257.26,9.8,6.56,1,bearing,2597.0
2040-12-13,M06,Pump,1.31,49.97,4.4,21.7,533.8,idle,257.5,11.7,6.33,1,bearing,3457.0
2040-12-14,M06,Pump,1.55,55.12,4.44,15.6,485.5,idle,257.7,17.3,6.13,1,bearing,2840.0
2040-12-15,M06,Pump,4.9,63.56,13.77,85.6,1175.2,normal,258.08,8.0,5.75,1,bearing,2838.0
2040-12-16,M06,Pump,4.87,63.56,14.01,85.9,1243.9,normal,258.46,12.4,5.36,1,bearing,3785.0
2040-12-17,M06,Pump,1.53,52.08,4.54,17.4,523.8,idle,258.91,13.7,4.91,1,bearing,2743.0
2040-12-18,M06,Pump,4.84,80.75,13.52,82.9,1183.8,normal,258.95,12.2,4.88,1,bearing,2707.0
2040-12-19,M06,Pump,4.14,62.4,13.77,99.5,1275.5,normal,259.01,11.4,4.81,1,bearing,3249.0
2040-12-20,M06,Pump,4.26,81.0,14.92,123.8,1278.5,normal,259.51,16.0,4.31,1,bearing,4909.0
2040-12-21,M06,Pump,4.93,76.84,14.05,104.5,1278.7,normal,259.68,16.9,4.15,1,bearing,3891.0
2040-12-22,M06,Pump,4.48,59.68,14.82,107.8,1261.8,normal,259.73,8.4,4.1,1,bearing,4516.0
2040-12-23,M06,Pump,1.23,54.96,4.11,24.0,484.4,idle,259.81,15.0,4.01,1,bearing,3028.0
2040-12-24,M06,Pump,5.05,60.87,13.09,90.2,1192.3,normal,260.08,8.5,3.75,1,bearing,3949.0
2040-12-25,M06,Pump,1.51,50.27,4.28,17.0,533.8,idle,260.48,14.7,3.35,1,bearing,2614.0
2040-12-26,M06,Pump,1.22,52.56,4.44,24.1,534.6,idle,260.63,16.3,3.2,1,bearing,2697.0
2040-12-27,M06,Pump,5.16,52.56,15.05,118.6,1273.0,normal,260.66,10.9,3.16,1,bearing,3385.0
2040-12-28,M06,Pump,1.35,58.19,4.25,21.3,504.9,idle,260.85,8.1,2.98,1,bearing,4871.0
2040-12-29,M06,Pump,1.42,54.56,4.22,22.9,518.8,idle,260.93,11.5,2.9,1,bearing,2628.0
2040-12-30,M06,Pump,1.55,51.56,4.74,21.6,489.4,idle,261.43,8.5,2.4,1,bearing,3664.0
2040-12-31,M06,Pump,1.58,51.01,3.98,20.3,513.1,idle,261.5,11.0,2.33,1,bearing,2884.0
2041-01-01,M06,Pump,1.58,67.33,3.98,92.8,1165.0,normal,261.65,11.4,2.18,1,bearing,3213.0
2041-01-02,M06,Pump,1.71,52.44,4.51,17.3,512.6,idle,261.96,15.6,1.86,1,bearing,3497.0
2041-01-03,M06,Pump,1.42,59.11,4.3,20.8,538.8,idle,262.18,11.4,1.65,1,bearing,2687.0
2041-01-04,M06,Pump,1.72,50.57,4.63,18.8,515.4,idle,262.4,8.3,1.43,1,bearing,4169.0
2041-01-05,M06,Pump,1.43,53.65,4.08,20.7,512.0,idle,262.68,13.8,1.15,1,bearing,2578.0
2041-01-06,M06,Pump,1.43,55.13,4.76,22.1,507.5,idle,262.91,17.4,0.91,1,bearing,4742.0
2041-01-07,M06,Pump,1.68,55.48,4.06,20.5,487.5,idle,262.96,11.9,0.86,1,bearing,4299.0
2041-01-08,M06,Pump,1.61,59.49,4.25,19.4,503.3,idle,263.25,15.8,0.58,1,bearing,3489.0
2041-01-09,M06,Pump,1.39,57.85,4.47,15.6,531.0,idle,263.53,14.9,0.5,1,bearing,3013.0
2041-01-10,M06,Pump,0.54,44.79,3.56,21.2,505.4,idle,0.0,11.1,76.53,0,none,0.0
2041-01-11,M06,Pump,2.61,82.04,15.95,162.6,1836.3,peak,0.4,11.7,76.13,0,none,0.0
2041-01-12,M06,Pump,2.16,67.6,11.91,107.4,1325.2,normal,0.55,11.9,75.98,0,none,0.0
2041-01-13,M06,Pump,1.81,64.82,12.18,115.7,1212.0,normal,0.82,16.5,75.72,0,none,0.0
2041-01-14,M06,Pump,2.08,52.15,12.61,115.7,1241.2,normal,0.93,8.1,75.6,0,none,0.0
2041-01-15,M06,Pump,2.18,62.6,12.97,97.0,1297.4,normal,1.05,16.3,75.48,0,none,0.0
2041-01-16,M06,Pump,2.18,60.81,11.08,93.2,1297.4,normal,1.12,17.9,75.42,0,none,0.0
2041-01-17,M06,Pump,2.18,60.81,11.08,93.2,1304.6,normal,1.32,17.0,75.22,0,none,0.0
2041-01-18,M06,Pump,2.09,54.13,12.81,106.4,1302.1,normal,1.43,12.6,75.1,0,none,0.0
2041-01-19,M06,Pump,2.09,59.53,12.76,87.3,1310.7,normal,1.6,8.6,74.93,0,none,0.0
2041-01-20,M06,Pump,0.51,44.26,3.99,18.5,507.5,idle,1.72,13.7,74.82,0,none,0.0
2041-01-21,M06,Pump,2.03,45.69,11.96,92.1,1271.0,normal,2.15,15.9,74.38,0,none,0.0
2041-01-22,M06,Pump,1.71,46.19,11.03,110.2,1284.0,normal,2.33,9.0,74.2,0,none,0.0
2041-01-23,M06,Pump,0.55,41.47,3.92,17.8,558.2,idle,2.37,8.3,74.17,0,none,0.0
2041-01-24,M06,Pump,2.03,45.78,11.75,104.4,1309.8,normal,2.42,16.9,74.12,0,none,0.0
2041-01-25,M06,Pump,0.56,44.83,3.78,104.4,506.8,idle,2.88,11.6,73.65,0,none,0.0
2041-01-26,M06,Pump,1.79,56.21,11.99,117.9,1308.9,normal,2.92,17.6,73.62,0,none,0.0
2041-01-27,M06,Pump,2.52,78.92,15.04,150.0,1864.6,peak,3.23,13.1,73.3,0,none,0.0
2041-01-28,M06,Pump,1.9,64.22,12.95,109.6,1221.8,normal,3.38,16.9,73.15,0,none,0.0
2041-01-29,M06,Pump,1.89,45.22,12.21,120.7,1294.5,normal,3.47,11.9,73.07,0,none,0.0
2041-01-30,M06,Pump,0.66,43.0,3.9,17.7,561.0,idle,3.62,14.2,72.92,0,none,0.0
2041-01-31,M06,Pump,2.03,51.66,12.97,127.4,1286.2,normal,3.65,14.8,72.88,0,none,0.0
2041-02-01,M06,Pump,2.12,51.01,11.83,87.6,1278.0,normal,3.92,16.8,72.62,0,none,0.0
2041-02-02,M06,Pump,1.95,49.89,12.35,87.6,1209.2,normal,4.25,17.8,72.28,0,none,0.0
2041-02-03,M06,Pump,1.89,54.43,11.64,91.4,1250.8,normal,4.52,13.7,72.02,0,none,0.0
2041-02-04,M06,Pump,1.78,54.28,12.81,89.7,1302.7,normal,4.63,13.9,71.9,0,none,0.0
2041-02-05,M06,Pump,0.53,38.54,3.52,89.7,530.0,idle,4.97,11.1,71.57,0,none,0.0
2041-02-06,M06,Pump,2.05,58.86,11.28,126.9,1251.9,normal,5.2,17.5,71.33,0,none,0.0
2041-02-07,M06,Pump,1.72,51.91,11.67,82.8,1293.0,normal,5.35,16.0,71.18,0,none,0.0
2041-02-08,M06,Pump,0.57,41.29,3.3,24.8,511.9,idle,5.47,16.8,71.07,0,none,0.0
2041-02-09,M06,Pump,2.03,61.46,11.34,83.8,1222.9,normal,5.57,11.5,70.97,0,none,0.0
2041-02-10,M06,Pump,1.82,48.87,12.35,99.9,1280.7,normal,5.68,12.6,70.85,0,none,0.0
2041-02-11,M06,Pump,0.51,43.61,12.35,18.6,505.0,idle,5.95,14.9,70.58,0,none,0.0
2041-02-12,M06,Pump,1.77,60.31,12.39,113.2,1282.8,normal,6.05,12.4,70.48,0,none,0.0
2041-02-13,M06,Pump,0.69,40.07,3.61,17.5,506.9,idle,6.12,16.4,70.42,0,none,0.0
2041-02-14,M06,Pump,0.61,38.15,3.61,17.1,558.7,idle,6.27,13.5,70.27,0,none,0.0
2041-02-15,M06,Pump,2.2,52.42,12.68,123.4,1349.4,normal,6.38,15.0,70.15,0,none,0.0
2041-02-16,M06,Pump,1.87,62.39,11.46,110.5,1305.7,normal,6.5,16.0,70.03,0,none,0.0
2041-02-17,M06,Pump,0.65,37.07,3.89,19.2,515.1,idle,6.92,8.7,69.62,0,none,0.0
2041-02-18,M06,Pump,0.61,43.63,3.98,22.5,500.4,idle,7.22,13.2,69.32,0,none,0.0
2041-02-19,M06,Pump,0.53,35.76,3.37,18.8,523.7,idle,7.5,14.9,69.03,0,none,0.0
2041-02-20,M06,Pump,1.76,65.29,12.23,119.4,1255.7,normal,7.83,9.1,68.7,0,none,0.0
2041-02-21,M06,Pump,1.91,52.31,11.88,109.7,1274.0,normal,7.92,10.1,68.62,0,none,0.0
2041-02-22,M06,Pump,2.12,65.7,11.94,90.5,1341.8,normal,8.13,13.5,68.4,0,none,0.0
2041-02-23,M06,Pump,2.07,59.72,12.49,82.0,1210.1,normal,8.55,11.1,67.98,0,none,0.0
2041-02-24,M06,Pump,1.78,48.39,11.84,86.2,1328.2,normal,8.97,17.7,67.57,0,none,0.0
2041-02-25,M06,Pump,0.62,38.68,3.35,20.9,508.2,idle,9.08,8.9,67.45,0,none,0.0
2041-02-26,M06,Pump,2.07,63.46,12.09,85.8,1318.0,normal,9.4,15.1,67.13,0,none,0.0
2041-02-27,M06,Pump,2.58,73.34,15.94,163.1,1794.6,peak,9.83,11.4,66.7,0,none,0.0
2041-02-28,M06,Pump,2.15,46.23,11.17,114.3,1794.6,normal,9.98,15.7,66.55,0,none,0.0
2041-03-01,M06,Pump,1.86,46.23,11.66,92.6,1310.5,normal,10.38,10.2,66.15,0,none,0.0
2041-03-02,M06,Pump,2.82,84.32,16.45,157.4,1854.1,peak,10.7,14.1,65.83,0,none,0.0
2041-03-03,M06,Pump,2.14,51.81,11.6,116.5,1234.3,normal,10.8,13.8,65.73,0,none,0.0
2041-03-04,M06,Pump,2.16,57.3,11.6,118.4,1246.8,normal,11.3,13.1,65.23,0,none,0.0
2041-03-05,M06,Pump,2.98,84.74,16.33,142.8,1789.5,peak,11.5,11.1,65.03,0,none,0.0
2041-03-06,M06,Pump,0.6,43.51,3.43,16.0,505.2,idle,11.55,18.0,64.98,0,none,0.0
2041-03-07,M06,Pump,1.95,65.35,11.08,89.0,1304.0,normal,11.65,15.5,64.88,0,none,0.0
2041-03-08,M06,Pump,2.11,63.57,12.57,84.8,1259.6,normal,11.77,9.8,64.77,0,none,0.0
2041-03-09,M06,Pump,2.19,67.74,12.2,114.9,1342.7,normal,11.9,13.4,64.63,0,none,0.0
2041-03-10,M06,Pump,2.67,72.05,16.34,164.0,1854.6,peak,12.27,17.8,64.27,0,none,0.0
2041-03-11,M06,Pump,0.66,39.23,3.37,16.7,568.8,idle,12.37,9.6,64.17,0,none,0.0
2041-03-12,M06,Pump,1.95,45.28,12.91,103.9,1325.4,normal,12.53,10.8,64.0,0,none,0.0
2041-03-13,M06,Pump,0.61,36.02,3.73,25.0,502.4,idle,12.7,15.3,63.83,0,none,0.0
2041-03-14,M06,Pump,0.67,37.35,3.58,18.7,562.9,idle,13.12,15.5,63.42,0,none,0.0
2041-03-15,M06,Pump,1.95,55.29,12.64,80.5,1213.0,normal,13.18,17.5,63.35,0,none,0.0
2041-03-16,M06,Pump,1.71,60.82,12.05,123.5,1274.8,normal,13.4,15.1,63.13,0,none,0.0
2041-03-17,M06,Pump,1.81,63.52,11.59,126.7,1237.6,normal,13.8,9.3,62.73,0,none,0.0
2041-03-18,M06,Pump,1.81,39.93,3.34,15.4,534.7,idle,14.17,9.3,62.37,0,none,0.0
2041-03-19,M06,Pump,1.81,45.22,11.59,102.8,1259.1,normal,14.53,8.5,62.0,0,none,0.0
2041-03-20,M06,Pump,0.53,40.8,3.8,21.8,527.6,idle,14.93,10.2,61.6,0,none,0.0
2041-03-21,M06,Pump,0.53,39.99,3.92,19.7,513.7,idle,15.03,12.4,61.5,0,none,0.0
2041-03-22,M06,Pump,1.75,66.71,12.49,94.3,1244.3,normal,15.25,9.3,61.28,0,none,0.0
2041-03-23,M06,Pump,0.68,36.78,3.67,22.1,527.8,idle,15.75,11.7,60.78,0,none,0.0
2041-03-24,M06,Pump,0.51,37.28,3.67,20.2,557.1,idle,15.88,15.8,60.65,0,none,0.0
2041-03-25,M06,Pump,0.61,44.44,3.94,19.8,522.3,idle,15.98,12.2,60.55,0,none,0.0
2041-03-26,M06,Pump,0.62,41.75,3.65,23.2,512.8,idle,16.48,10.5,60.05,0,none,0.0
2041-03-27,M06,Pump,0.57,41.86,3.47,19.4,567.5,idle,16.62,17.8,59.92,0,none,0.0
2041-03-28,M06,Pump,0.63,44.49,3.81,22.2,541.4,idle,16.67,15.9,59.87,0,none,0.0
2041-03-29,M06,Pump,1.77,56.95,11.51,129.9,1240.0,normal,16.82,12.4,59.72,0,none,0.0
2041-03-30,M06,Pump,0.55,41.24,3.66,15.2,509.1,idle,17.08,17.0,59.45,0,none,0.0
2041-03-31,M06,Pump,0.66,39.84,3.4,19.6,517.7,idle,17.17,10.2,59.37,0,none,0.0
2041-04-01,M06,Pump,0.54,44.58,3.55,15.5,567.9,idle,17.6,8.2,58.93,0,none,0.0
2041-04-02,M06,Pump,2.1,50.85,11.82,122.8,1253.6,normal,17.72,8.9,58.82,0,none,0.0
2041-04-03,M06,Pump,1.98,57.3,11.8,111.2,1271.0,normal,18.1,14.9,58.43,0,none,0.0
2041-04-04,M06,Pump,0.5,43.14,3.38,19.6,540.6,idle,18.52,11.0,58.02,0,none,0.0
2041-04-05,M06,Pump,0.64,43.14,3.81,16.3,545.7,idle,19.0,16.6,57.53,0,none,0.0
2041-04-06,M06,Pump,0.67,43.89,3.71,18.1,511.4,idle,19.12,17.6,57.42,0,none,0.0
2041-04-07,M06,Pump,0.57,40.4,3.44,24.5,562.8,idle,19.25,15.9,57.28,0,none,0.0
2041-04-08,M06,Pump,0.51,40.62,3.85,17.4,536.7,idle,19.42,17.7,57.12,0,none,0.0
2041-04-09,M06,Pump,0.58,36.97,3.73,24.9,525.6,idle,19.73,8.7,56.8,0,none,0.0
2041-04-10,M06,Pump,0.61,38.28,3.91,23.6,512.5,idle,19.97,9.5,56.57,0,none,0.0
2041-04-11,M06,Pump,0.68,36.52,3.37,23.6,527.0,idle,20.03,10.0,56.5,0,none,0.0
2041-04-12,M06,Pump,0.61,41.53,3.34,17.9,532.3,idle,20.12,8.1,56.42,0,none,0.0
2041-04-13,M06,Pump,0.55,35.49,3.36,23.0,563.8,idle,20.17,13.6,56.37,0,none,0.0
2041-04-14,M06,Pump,1.78,50.73,3.36,127.6,563.8,normal,20.38,12.2,56.15,0,none,0.0
2041-04-15,M06,Pump,0.67,40.06,3.97,16.4,568.2,idle,20.62,15.5,55.92,0,none,0.0
2041-04-16,M06,Pump,0.59,44.53,3.62,20.3,556.3,idle,21.12,10.3,55.42,0,none,0.0
2041-04-17,M06,Pump,2.06,59.25,11.83,119.2,1342.2,normal,21.35,8.8,55.18,0,none,0.0
2041-04-18,M06,Pump,0.5,40.88,3.91,21.5,556.1,idle,21.65,11.6,54.88,0,none,0.0
2041-04-19,M06,Pump,0.68,42.51,3.8,21.5,560.5,idle,21.7,10.9,54.83,0,none,0.0
2041-04-20,M06,Pump,0.66,35.86,3.47,20.6,549.7,idle,22.13,11.0,54.4,0,none,0.0
2041-04-21,M06,Pump,0.56,35.93,3.52,22.7,561.4,idle,22.18,12.3,54.35,0,none,0.0
2041-04-22,M06,Pump,0.68,38.79,3.56,19.1,526.3,idle,22.32,14.0,54.22,0,none,0.0
2041-04-23,M06,Pump,0.63,38.58,3.56,19.4,515.7,idle,22.45,13.7,54.08,0,none,0.0
2041-04-24,M06,Pump,0.51,39.71,3.44,19.5,519.4,idle,22.67,14.5,53.87,0,none,0.0
2041-04-25,M06,Pump,2.0,67.79,12.09,111.6,1337.9,normal,22.9,9.9,53.63,0,none,0.0
2041-04-26,M06,Pump,1.89,48.83,11.57,99.0,1296.8,normal,23.38,9.3,53.15,0,none,0.0
2041-04-27,M06,Pump,0.5,43.53,3.35,24.0,566.5,idle,23.88,8.9,52.65,0,none,0.0
2041-04-28,M06,Pump,2.2,63.62,11.28,114.7,1230.5,normal,23.98,15.9,52.55,0,none,0.0
2041-04-29,M06,Pump,2.15,52.28,11.65,125.7,1202.0,normal,24.37,16.3,52.17,0,none,0.0
2041-04-30,M06,Pump,2.52,76.33,16.4,156.2,1850.4,peak,24.57,13.5,51.97,0,none,0.0
2041-05-01,M06,Pump,2.14,47.78,12.04,115.7,1295.4,normal,24.77,9.5,51.77,0,none,0.0
2041-05-02,M06,Pump,1.92,45.39,11.12,84.2,1251.5,normal,25.15,13.1,51.38,0,none,0.0
2041-05-03,M06,Pump,2.47,76.39,15.36,84.2,1880.7,peak,25.65,13.3,50.88,0,none,0.0
2041-05-04,M06,Pump,2.63,77.67,16.91,153.4,1899.3,peak,25.93,13.9,50.6,0,none,0.0
2041-05-05,M06,Pump,1.77,64.83,11.99,79.2,1345.8,normal,26.32,15.4,50.22,0,none,0.0
2041-05-06,M06,Pump,2.18,53.82,12.91,85.3,1302.0,normal,26.57,10.4,49.97,0,none,0.0
2041-05-07,M06,Pump,2.52,73.7,16.56,149.4,1751.1,peak,26.75,15.1,49.78,0,none,0.0
2041-05-08,M06,Pump,1.91,50.25,12.37,88.1,1326.3,normal,27.13,14.8,49.4,0,none,0.0
2041-05-09,M06,Pump,1.83,50.25,11.6,111.5,1215.2,normal,27.3,13.6,49.23,0,none,0.0
2041-05-10,M06,Pump,1.94,52.69,12.77,81.8,1324.5,normal,27.75,9.3,48.78,0,none,0.0
2041-05-11,M06,Pump,2.5,71.33,15.4,142.6,1828.2,peak,27.93,17.7,48.6,0,none,0.0
2041-05-12,M06,Pump,0.7,35.34,3.62,18.9,523.8,idle,28.05,14.7,48.48,0,none,0.0
2041-05-13,M06,Pump,1.87,65.59,11.04,118.3,1237.9,normal,28.27,10.2,48.27,0,none,0.0
2041-05-14,M06,Pump,2.63,76.3,15.61,142.3,1767.2,peak,28.43,17.5,48.1,0,none,0.0
2041-05-15,M06,Pump,0.56,43.22,3.39,22.4,520.2,idle,28.48,10.4,48.05,0,none,0.0
2041-05-16,M06,Pump,0.68,39.28,3.42,24.9,512.4,idle,28.55,11.7,47.98,0,none,0.0
2041-05-17,M06,Pump,1.98,39.28,3.42,127.5,1326.6,normal,28.93,12.1,47.6,0,none,0.0
2041-05-18,M06,Pump,2.9,84.61,15.91,142.4,1864.8,peak,29.15,10.7,47.38,0,none,0.0
2041-05-19,M06,Pump,1.89,49.38,15.91,126.1,1225.7,normal,29.63,15.3,46.9,0,none,0.0
2041-05-20,M06,Pump,1.89,49.38,11.27,126.1,1225.7,normal,30.03,10.7,46.5,0,none,0.0
2041-05-21,M06,Pump,0.56,38.04,3.57,23.1,500.7,idle,30.23,12.0,46.3,0,none,0.0
2041-05-22,M06,Pump,0.54,42.06,3.58,18.3,500.7,idle,30.63,16.0,45.9,0,none,0.0
2041-05-23,M06,Pump,0.68,44.48,3.49,24.1,551.6,idle,30.8,17.4,45.73,0,none,0.0
2041-05-24,M06,Pump,1.78,59.04,11.05,24.1,1310.0,normal,31.17,10.0,45.37,0,none,0.0
2041-05-25,M06,Pump,2.09,48.97,12.26,24.1,1342.0,normal,31.32,13.6,45.22,0,none,0.0
2041-05-26,M06,Pump,2.04,47.19,11.37,112.5,1271.5,normal,31.8,11.9,44.73,0,none,0.0
2041-05-27,M06,Pump,5.95,51.46,12.32,87.2,1281.6,normal,32.22,13.0,44.32,0,none,0.0
2041-05-28,M06,Pump,2.18,51.46,11.1,129.4,1223.5,normal,32.67,10.1,43.87,0,none,0.0
2041-05-29,M06,Pump,2.06,57.25,11.59,87.2,1226.7,normal,32.83,9.8,43.7,0,none,0.0
2041-05-30,M06,Pump,2.13,65.08,11.93,83.4,1332.6,normal,33.02,13.4,43.52,0,none,0.0
2041-05-31,M06,Pump,1.94,55.09,11.81,97.0,1278.9,normal,33.05,17.3,43.48,0,none,0.0
2041-06-01,M06,Pump,2.76,77.0,16.79,147.9,1836.8,peak,33.4,11.1,43.13,0,none,0.0
2041-06-02,M06,Pump,0.56,42.53,3.37,16.9,556.1,idle,33.47,9.9,43.07,0,none,0.0
2041-06-03,M06,Pump,1.79,59.39,12.94,105.2,1228.1,normal,33.7,11.2,42.83,0,none,0.0
2041-06-04,M06,Pump,1.86,63.94,11.7,115.6,1316.6,normal,33.92,12.0,42.62,0,none,0.0
2041-06-05,M06,Pump,1.95,63.01,11.63,104.8,1303.0,normal,34.4,9.1,42.13,0,none,0.0
2041-06-06,M06,Pump,1.78,51.29,12.3,112.1,1274.0,normal,34.55,16.7,41.98,0,none,0.0
2041-06-07,M06,Pump,2.1,56.09,12.76,116.3,1247.2,normal,34.72,11.7,41.82,0,none,0.0
2041-06-08,M06,Pump,1.9,60.36,12.79,87.3,1277.2,normal,35.12,9.2,41.42,0,none,0.0
2041-06-09,M06,Pump,1.76,51.43,12.37,82.0,1299.3,normal,35.23,17.3,41.3,0,none,0.0
2041-06-10,M06,Pump,2.15,67.3,11.43,116.9,1339.0,normal,35.42,14.7,41.12,0,none,0.0
2041-06-11,M06,Pump,0.52,39.14,3.94,17.0,565.4,idle,35.58,13.8,40.95,0,none,0.0
2041-06-12,M06,Pump,0.61,36.0,3.61,18.3,519.8,idle,35.73,9.6,40.8,0,none,0.0
2041-06-13,M06,Pump,0.61,39.84,3.64,15.9,556.2,idle,35.98,11.0,40.55,0,none,0.0
2041-06-14,M06,Pump,0.61,43.21,3.88,18.2,500.3,idle,36.18,10.1,40.35,0,none,0.0
2041-06-15,M06,Pump,2.16,62.5,11.21,114.5,1203.0,normal,36.63,13.7,39.9,0,none,0.0
2041-06-16,M06,Pump,0.51,40.26,3.37,24.6,562.6,idle,36.78,12.6,39.75,0,none,0.0
2041-06-17,M06,Pump,2.79,70.96,15.65,149.3,1822.1,peak,36.87,14.8,39.67,0,none,0.0
2041-06-18,M06,Pump,1.78,58.28,11.87,127.3,1340.4,normal,36.9,14.5,39.63,0,none,0.0
2041-06-19,M06,Pump,1.98,59.82,11.28,89.6,1335.1,normal,37.32,17.4,39.22,0,none,0.0
2041-06-20,M06,Pump,2.05,49.36,12.14,126.6,1251.8,normal,37.78,9.7,38.75,0,none,0.0
2041-06-21,M06,Pump,1.79,66.67,11.92,99.7,1240.1,normal,37.87,15.3,38.67,0,none,0.0
2041-06-22,M06,Pump,2.15,64.45,11.81,79.6,1267.0,normal,38.13,17.3,38.4,0,none,0.0
2041-06-23,M06,Pump,1.79,48.28,11.79,83.2,1343.6,normal,38.3,10.1,38.23,0,none,0.0
2041-06-24,M06,Pump,1.72,54.23,11.33,113.8,1211.8,normal,38.77,10.8,37.77,0,none,0.0
2041-06-25,M06,Pump,0.61,42.73,3.97,22.0,507.0,idle,39.27,16.9,37.27,0,none,0.0
2041-06-26,M06,Pump,0.52,42.32,3.45,19.5,568.4,idle,39.57,10.6,36.97,0,none,0.0
2041-06-27,M06,Pump,0.66,43.47,3.9,21.2,552.1,idle,40.05,16.9,36.48,0,none,0.0
2041-06-28,M06,Pump,0.57,44.98,3.5,20.9,519.7,idle,40.33,13.0,36.2,0,none,0.0
2041-06-29,M06,Pump,1.76,58.05,11.71,108.3,1283.8,normal,40.7,16.7,35.83,0,none,0.0
2041-06-30,M06,Pump,0.61,36.23,3.61,23.1,522.1,idle,41.17,14.9,35.37,0,none,0.0
2041-07-01,M06,Pump,0.59,36.23,3.9,21.6,507.0,idle,41.42,16.8,35.12,0,none,0.0
2041-07-02,M06,Pump,0.67,43.32,3.83,19.7,553.0,idle,41.88,17.0,34.65,0,none,0.0
2041-07-03,M06,Pump,0.6,42.37,3.92,23.9,531.8,idle,42.15,13.8,34.38,0,none,0.0
2041-07-04,M06,Pump,0.67,36.01,3.37,20.5,545.6,idle,42.38,12.1,34.15,0,none,0.0
2041-07-05,M06,Pump,0.53,39.72,3.37,21.0,559.9,idle,42.52,9.1,34.02,0,none,0.0
2041-07-06,M06,Pump,0.65,38.78,4.0,21.6,557.1,idle,42.57,8.5,33.97,0,none,0.0
2041-07-07,M06,Pump,0.63,44.89,3.87,20.2,525.7,idle,43.0,11.6,33.53,0,none,0.0
2041-07-08,M06,Pump,0.64,40.9,3.74,18.4,530.0,idle,43.1,17.3,33.43,0,none,0.0
2041-07-09,M06,Pump,0.61,43.39,3.83,16.2,517.2,idle,43.17,17.4,33.37,0,none,0.0
2041-07-10,M06,Pump,0.51,35.08,3.46,23.0,563.3,idle,43.37,14.6,33.17,0,none,0.0
2041-07-11,M06,Pump,0.58,40.63,3.79,24.5,563.9,idle,43.42,17.2,33.12,0,none,0.0
2041-07-12,M06,Pump,1.73,50.71,11.1,110.1,1306.6,normal,43.7,9.8,32.83,0,none,0.0
2041-07-13,M06,Pump,0.56,43.54,3.62,25.0,500.0,idle,43.8,9.9,32.73,0,none,0.0
2041-07-14,M06,Pump,0.52,38.02,3.32,25.0,503.7,idle,44.07,17.5,32.47,0,none,0.0
2041-07-15,M06,Pump,0.65,35.53,3.48,23.4,566.6,idle,44.15,14.0,32.38,0,none,0.0
2041-07-16,M06,Pump,1.91,67.31,3.48,99.6,1320.4,normal,44.3,14.9,32.23,0,none,0.0
2041-07-17,M06,Pump,0.56,37.66,3.76,18.9,509.5,idle,44.38,10.2,32.15,0,none,0.0
2041-07-18,M06,Pump,0.51,42.88,3.77,19.1,562.7,idle,44.62,14.3,31.92,0,none,0.0
2041-07-19,M06,Pump,0.58,42.88,3.94,23.4,535.8,idle,44.68,9.6,31.85,0,none,0.0
2041-07-20,M06,Pump,0.64,39.14,3.75,17.6,530.4,idle,44.73,10.0,31.8,0,none,0.0
2041-07-21,M06,Pump,0.54,35.38,3.71,23.6,501.8,idle,45.08,15.1,31.45,0,none,0.0
2041-07-22,M06,Pump,0.54,39.6,3.71,16.7,504.0,idle,45.38,9.8,31.15,0,none,0.0
2041-07-23,M06,Pump,0.6,43.19,3.32,18.5,546.5,idle,45.8,14.4,30.73,0,none,0.0
2041-07-24,M06,Pump,0.53,37.36,3.67,24.5,520.1,idle,46.13,16.6,30.4,0,none,0.0
2041-07-25,M06,Pump,0.6,39.0,3.93,15.7,539.6,idle,46.58,9.3,29.95,0,none,0.0
2041-07-26,M06,Pump,2.91,84.82,16.4,149.5,1811.8,peak,46.8,11.5,29.73,0,none,0.0
2041-07-27,M06,Pump,0.57,41.04,3.82,23.2,529.2,idle,47.3,14.8,29.23,0,none,0.0
2041-07-28,M06,Pump,2.06,66.07,12.84,114.6,1295.5,normal,47.45,9.5,29.08,0,none,0.0
2041-07-29,M06,Pump,0.61,36.83,3.39,19.9,511.2,idle,47.85,12.4,28.68,0,none,0.0
2041-07-30,M06,Pump,1.99,59.85,12.05,79.9,1208.7,normal,48.25,16.9,28.28,0,none,0.0
2041-07-31,M06,Pump,1.76,48.53,12.05,95.9,1243.8,normal,48.6,8.0,27.93,0,none,0.0
2041-08-01,M06,Pump,0.51,41.35,3.76,16.8,564.4,idle,48.82,14.9,27.72,0,none,0.0
2041-08-02,M06,Pump,0.66,37.3,3.64,19.6,524.4,idle,49.28,16.3,27.25,0,none,0.0
2041-08-03,M06,Pump,2.11,47.51,11.83,100.3,1270.3,normal,49.73,9.3,26.8,0,none,0.0
2041-08-04,M06,Pump,2.13,50.02,11.21,100.3,1226.1,normal,49.98,13.1,26.55,0,none,0.0
2041-08-05,M06,Pump,1.74,54.81,11.44,96.8,1239.0,normal,50.03,8.9,26.5,0,none,0.0
2041-08-06,M06,Pump,1.75,57.89,11.05,128.2,1251.2,normal,50.08,12.6,26.45,0,none,0.0
2041-08-07,M06,Pump,2.05,57.89,11.56,116.9,1324.9,normal,50.38,14.1,26.15,0,none,0.0
2041-08-08,M06,Pump,2.54,84.89,15.04,145.4,1867.0,peak,50.83,15.6,25.7,0,none,0.0
2041-08-09,M06,Pump,1.8,61.06,12.71,127.9,1271.1,normal,51.28,16.5,25.25,0,none,0.0
2041-08-10,M06,Pump,2.19,54.47,11.44,104.7,1297.5,normal,51.52,8.1,25.02,0,none,0.0
2041-08-11,M06,Pump,1.93,58.04,11.44,105.3,1342.9,normal,51.6,9.0,24.93,0,none,0.0
2041-08-12,M06,Pump,0.6,37.53,3.83,18.4,557.1,idle,51.97,16.2,24.57,0,none,0.0
2041-08-13,M06,Pump,1.73,52.64,11.19,82.4,1298.8,normal,52.28,17.6,24.25,0,none,0.0
2041-08-14,M06,Pump,1.89,65.04,12.03,93.4,1308.1,normal,52.67,17.6,23.87,0,none,0.0
2041-08-15,M06,Pump,2.01,63.39,12.29,86.7,1300.5,normal,53.07,16.6,23.47,0,none,0.0
2041-08-16,M06,Pump,0.58,39.63,3.95,86.7,542.8,idle,53.45,14.3,23.08,0,none,0.0
2041-08-17,M06,Pump,0.57,35.95,3.62,21.0,528.5,idle,53.85,13.3,22.68,0,none,0.0
2041-08-18,M06,Pump,0.58,43.2,3.32,18.0,556.8,idle,54.02,12.8,22.52,0,none,0.0
2041-08-19,M06,Pump,2.16,54.48,12.78,88.3,1233.2,normal,54.22,10.6,22.32,0,none,0.0
2041-08-20,M06,Pump,2.12,65.77,11.45,81.1,1213.5,normal,54.32,17.7,22.22,0,none,0.0
2041-08-21,M06,Pump,2.56,81.42,16.02,151.4,1837.6,peak,54.45,17.8,22.08,0,none,0.0
2041-08-22,M06,Pump,2.93,81.42,16.39,163.2,1782.0,peak,54.55,17.2,21.98,0,none,0.0
2041-08-23,M06,Pump,2.12,61.05,11.03,90.0,1290.9,normal,54.85,9.1,21.68,0,none,0.0
2041-08-24,M06,Pump,1.95,57.14,11.46,113.1,1240.0,normal,55.2,18.0,21.33,0,none,0.0
2041-08-25,M06,Pump,1.89,53.49,12.34,82.7,1230.8,normal,55.42,14.7,21.12,0,none,0.0
2041-08-26,M06,Pump,1.8,47.49,11.42,109.6,1309.8,normal,55.83,15.2,20.7,0,none,0.0
2041-08-27,M06,Pump,2.8,77.13,15.1,164.0,1775.2,peak,56.22,14.3,20.32,0,none,0.0
2041-08-28,M06,Pump,2.03,66.0,12.4,89.3,1247.4,normal,56.33,17.6,20.2,0,none,0.0
2041-08-29,M06,Pump,1.72,59.09,12.23,115.7,1201.7,normal,56.57,9.8,19.97,0,none,0.0
2041-08-30,M06,Pump,2.11,61.99,11.28,96.1,1295.8,normal,57.07,17.9,19.47,0,none,0.0
2041-08-31,M06,Pump,1.95,47.65,11.17,118.6,1223.4,normal,57.2,8.5,19.33,0,none,0.0
2041-09-01,M06,Pump,1.79,64.11,12.22,109.5,1271.9,normal,57.43,17.0,19.1,0,none,0.0
2041-09-02,M06,Pump,0.61,64.11,3.98,17.2,515.0,idle,57.88,16.6,18.65,0,none,0.0
2041-09-03,M06,Pump,1.73,60.14,12.1,83.8,1254.7,normal,58.03,14.5,18.5,0,none,0.0
2041-09-04,M06,Pump,1.79,52.62,12.9,113.5,1201.1,normal,58.35,12.0,18.18,0,none,0.0
2041-09-05,M06,Pump,1.83,45.24,12.43,102.4,1349.1,normal,58.8,9.0,17.73,0,none,0.0
2041-09-06,M06,Pump,2.07,56.91,12.61,114.7,1236.6,normal,58.95,14.7,17.58,0,none,0.0
2041-09-07,M06,Pump,0.61,40.56,3.62,16.8,515.6,idle,59.1,17.5,17.43,0,none,0.0
2041-09-08,M06,Pump,1.84,45.24,12.83,113.7,1303.4,normal,59.53,13.6,17.0,0,none,0.0
2041-09-09,M06,Pump,1.99,60.85,12.96,98.0,1306.9,normal,59.63,14.6,16.9,0,none,0.0
2041-09-10,M06,Pump,0.57,43.54,3.9,24.0,500.4,idle,59.78,9.7,16.75,0,none,0.0
2041-09-11,M06,Pump,1.85,48.08,11.91,103.8,1238.4,normal,60.17,15.8,16.37,0,none,0.0
2041-09-12,M06,Pump,2.06,51.2,12.71,87.2,1255.1,normal,60.55,13.7,15.98,0,none,0.0
2041-09-13,M06,Pump,2.01,58.92,11.16,122.0,1289.7,normal,60.97,11.7,15.57,0,none,0.0
2041-09-14,M06,Pump,2.13,64.96,12.09,125.4,1327.3,normal,61.03,10.8,15.5,0,none,0.0
2041-09-15,M06,Pump,2.18,64.56,12.64,102.4,1231.8,normal,61.32,11.2,15.22,0,none,0.0
2041-09-16,M06,Pump,2.16,61.62,11.56,95.7,1302.9,normal,61.65,9.7,14.88,0,none,0.0
2041-09-17,M06,Pump,0.6,35.81,3.4,22.5,523.0,idle,62.02,11.7,14.52,0,none,0.0
2041-09-18,M06,Pump,2.7,81.5,16.5,144.2,1764.8,peak,62.27,10.7,14.27,0,none,0.0
2041-09-19,M06,Pump,2.0,62.06,11.3,97.3,1330.5,normal,62.33,17.2,14.2,0,none,0.0
2041-09-20,M06,Pump,2.17,55.44,11.16,91.4,1235.0,normal,62.53,10.7,14.0,0,none,0.0
2041-09-21,M06,Pump,1.82,56.36,12.17,84.4,1333.4,normal,62.87,8.9,13.67,0,none,0.0
2041-09-22,M06,Pump,0.62,40.97,3.99,21.3,565.0,idle,63.28,17.8,13.25,0,none,0.0
2041-09-23,M06,Pump,0.56,37.4,3.66,20.1,515.9,idle,63.62,13.5,12.92,0,none,0.0
2041-09-24,M06,Pump,0.64,35.3,3.78,19.6,548.2,idle,63.83,8.6,12.7,0,none,0.0
2041-09-25,M06,Pump,0.6,44.77,3.53,24.8,504.6,idle,64.28,9.4,12.25,0,none,0.0
2041-09-26,M06,Pump,0.64,39.54,3.88,22.9,556.0,idle,64.45,17.8,12.08,0,none,0.0
2041-09-27,M06,Pump,0.52,43.22,3.45,15.3,515.2,idle,64.83,14.2,11.7,0,none,0.0
2041-09-28,M06,Pump,0.6,42.42,3.45,16.1,545.2,idle,65.2,9.4,11.33,0,none,0.0
2041-09-29,M06,Pump,0.7,41.01,3.78,20.6,554.8,idle,65.58,11.1,10.95,0,none,0.0
2041-09-30,M06,Pump,0.7,40.44,3.59,23.6,567.9,idle,65.72,15.5,10.82,0,none,0.0
2041-10-01,M06,Pump,1.76,58.3,12.58,105.7,1261.4,normal,65.97,14.2,10.57,0,none,0.0
2041-10-02,M06,Pump,0.63,37.7,3.54,24.9,544.5,idle,66.23,14.5,10.3,0,none,0.0
2041-10-03,M06,Pump,0.67,43.08,3.76,23.4,520.1,idle,66.47,17.5,10.07,0,none,0.0
2041-10-04,M06,Pump,0.63,40.91,3.74,16.7,519.4,idle,66.75,9.6,9.78,0,none,0.0
2041-10-05,M06,Pump,1.84,58.84,12.95,127.6,1234.1,normal,67.03,10.3,9.5,0,none,0.0
2041-10-06,M06,Pump,0.56,35.36,3.58,23.4,564.1,idle,67.48,15.7,9.05,0,none,0.0
2041-10-07,M06,Pump,0.55,37.66,3.45,18.5,556.3,idle,67.58,11.9,8.95,0,none,0.0
2041-10-08,M06,Pump,0.63,42.86,3.71,17.6,516.0,idle,68.02,17.6,8.52,0,none,0.0
2041-10-09,M06,Pump,0.5,42.81,3.89,17.6,505.2,idle,68.42,13.3,8.12,0,none,0.0
2041-10-10,M06,Pump,0.65,35.46,3.37,19.4,533.3,idle,68.77,13.4,7.77,0,none,0.0
2041-10-11,M06,Pump,0.66,41.8,3.41,17.3,520.0,idle,68.98,14.4,7.55,0,none,0.0
2041-10-12,M06,Pump,1.76,51.62,12.46,90.5,1325.3,normal,69.12,14.8,7.42,0,none,0.0
2041-10-13,M06,Pump,1.93,52.43,11.82,114.9,1277.5,normal,69.62,14.9,6.92,0,none,0.0
2041-10-14,M06,Pump,0.5,44.22,3.35,24.4,502.0,idle,69.75,8.9,6.78,0,none,0.0
2041-10-15,M06,Pump,0.65,40.35,3.65,15.7,516.7,idle,70.18,11.1,6.35,0,none,0.0
2041-10-16,M06,Pump,2.09,65.5,12.06,96.4,1209.0,normal,70.22,14.7,6.32,0,none,0.0
2041-10-17,M06,Pump,0.64,65.5,3.34,21.7,534.0,idle,70.67,11.3,5.87,0,none,0.0
2041-10-18,M06,Pump,1.71,47.55,12.4,81.3,1329.9,normal,70.82,8.5,5.72,0,none,0.0
2041-10-19,M06,Pump,1.86,47.04,12.52,105.3,1246.0,normal,70.9,11.5,5.63,0,none,0.0
2041-10-20,M06,Pump,0.58,35.21,3.76,18.7,550.0,idle,70.93,12.9,5.6,0,none,0.0
2041-10-21,M06,Pump,2.01,59.98,12.59,110.8,1262.8,normal,71.17,10.8,5.37,0,none,0.0
2041-10-22,M06,Pump,1.89,47.75,12.56,117.6,1236.9,normal,71.53,17.2,5.0,0,none,0.0
2041-10-23,M06,Pump,2.13,58.55,11.96,78.9,1257.4,normal,71.82,8.5,4.72,0,none,0.0
2041-10-24,M06,Pump,2.02,47.06,11.92,129.7,1307.5,normal,71.92,13.6,4.62,0,none,0.0
2041-10-25,M06,Pump,1.97,57.26,11.09,127.8,1339.2,normal,72.15,13.4,4.38,0,none,0.0
2041-10-26,M06,Pump,2.04,47.28,11.42,87.6,1277.9,normal,72.58,12.0,3.95,0,none,0.0
2041-10-27,M06,Pump,1.8,61.0,12.09,78.9,1311.6,normal,72.92,12.5,3.62,0,none,0.0
2041-10-28,M06,Pump,1.8,43.25,3.55,18.4,500.8,idle,73.1,8.9,3.43,0,none,0.0
2041-10-29,M06,Pump,2.19,59.08,11.85,83.0,1304.9,normal,73.57,16.9,2.97,0,none,0.0
2041-10-30,M06,Pump,0.56,44.88,3.97,22.4,568.0,idle,73.82,8.3,2.72,0,none,0.0
2041-10-31,M06,Pump,1.75,51.44,11.51,81.7,1345.8,normal,74.3,8.2,2.23,0,none,0.0
2041-11-01,M06,Pump,3.47,64.7,12.54,97.5,1202.8,normal,74.45,15.0,2.08,0,none,0.0
2041-11-02,M06,Pump,1.7,49.69,11.99,101.8,1202.8,normal,74.73,13.9,1.8,0,none,0.0
2041-11-03,M06,Pump,2.86,75.66,15.32,160.0,1799.9,peak,74.97,13.7,1.57,0,none,0.0
2041-11-04,M06,Pump,1.84,62.58,12.87,125.6,1220.6,normal,75.32,12.6,1.22,0,none,0.0
2041-11-05,M06,Pump,1.95,47.14,12.92,89.2,1229.6,normal,75.38,14.3,1.15,0,none,0.0
2041-11-06,M06,Pump,2.14,67.26,12.4,84.3,1272.9,normal,75.75,13.7,0.78,0,none,0.0
2041-11-07,M06,Pump,2.11,58.17,12.4,84.3,1272.9,normal,75.98,10.1,0.55,0,none,0.0
2041-11-08,M06,Pump,1.96,61.23,11.75,105.7,1346.6,normal,76.38,12.7,0.5,0,none,0.0
2041-11-09,M06,Pump,1.86,60.52,11.35,84.3,1317.5,normal,76.42,11.5,0.5,0,none,0.0
2041-11-10,M06,Pump,2.12,60.37,11.32,90.5,1336.7,normal,76.53,12.6,0.5,0,none,0.0
2041-11-11,M06,Pump,1.84,63.83,11.57,90.5,1337.2,normal,76.92,11.0,0.5,0,none,0.0
2041-11-12,M06,Pump,0.51,42.7,3.42,90.5,532.2,idle,76.98,14.1,0.5,0,none,0.0
2041-11-13,M06,Pump,1.99,52.49,12.15,86.9,1203.3,normal,77.28,13.6,0.5,0,none,0.0
2041-11-14,M06,Pump,0.61,40.17,3.78,21.5,562.8,idle,77.62,14.1,0.5,0,none,0.0
2041-11-15,M06,Pump,2.68,70.13,16.26,156.9,1828.2,peak,77.83,12.1,0.5,0,none,0.0
2041-11-16,M06,Pump,2.04,70.13,11.3,112.6,1236.8,normal,78.08,17.7,0.5,0,none,0.0
2041-11-17,M06,Pump,2.04,56.31,11.95,109.1,1204.4,normal,78.52,17.0,0.5,0,none,0.0
2041-11-18,M06,Pump,0.7,42.16,3.6,16.9,505.6,idle,78.7,11.1,0.5,0,none,0.0
2041-11-19,M06,Pump,0.63,38.17,3.46,18.8,541.5,idle,78.87,15.9,0.5,0,none,0.0
2041-11-20,M06,Pump,2.04,59.84,12.73,89.4,1295.5,normal,79.05,12.0,0.5,0,none,0.0
2041-11-21,M06,Pump,1.75,57.6,12.17,89.2,1258.8,normal,79.4,15.5,0.5,0,none,0.0
2041-11-22,M06,Pump,0.67,36.48,3.6,24.3,535.3,idle,79.55,17.4,0.5,0,none,0.0
2041-11-23,M06,Pump,2.06,64.02,11.41,89.3,1313.8,normal,79.72,12.5,0.5,0,none,0.0
2041-11-24,M06,Pump,2.08,46.38,11.64,98.7,1324.4,normal,79.87,10.7,0.5,0,none,0.0
2041-11-25,M06,Pump,1.91,66.3,12.99,118.6,1300.0,normal,80.12,13.3,0.5,0,none,0.0
2041-11-26,M06,Pump,0.58,35.67,3.7,18.6,524.6,idle,80.5,15.0,0.5,0,none,0.0
2041-11-27,M06,Pump,2.04,55.66,12.5,98.7,1222.6,normal,80.62,8.5,0.5,0,none,0.0
2041-11-28,M06,Pump,1.93,66.87,12.6,88.7,1258.7,normal,80.82,9.3,0.5,0,none,0.0
2041-11-29,M06,Pump,2.16,66.87,11.51,91.6,1285.6,normal,81.23,17.4,0.5,0,none,0.0
2041-11-30,M06,Pump,0.58,35.8,3.74,16.0,542.5,idle,81.57,13.3,0.5,0,none,0.0
2041-12-01,M06,Pump,0.6,39.94,3.35,21.4,530.2,idle,82.0,13.8,0.5,0,none,0.0
2041-12-02,M06,Pump,1.91,58.72,12.21,78.8,1218.8,normal,82.17,9.6,0.5,0,none,0.0
2041-12-03,M06,Pump,2.54,80.17,16.15,158.9,1861.1,peak,82.2,15.6,0.5,0,none,0.0
2041-12-04,M06,Pump,2.13,53.67,11.69,121.2,1235.6,normal,82.47,14.9,0.5,0,none,0.0
2041-12-05,M06,Pump,0.59,36.94,11.69,19.1,514.9,idle,82.55,15.6,0.5,0,none,0.0
2041-12-06,M06,Pump,2.05,50.63,12.89,97.1,1299.7,normal,82.83,17.0,0.5,0,none,0.0
2041-12-07,M06,Pump,1.87,63.57,12.79,119.0,1327.3,normal,83.13,10.9,0.5,0,none,0.0
2041-12-08,M06,Pump,0.52,44.24,3.74,23.7,547.9,idle,83.53,11.7,0.5,0,none,0.0
2041-12-09,M06,Pump,0.54,41.1,3.36,22.0,528.6,idle,83.82,9.3,0.5,0,none,0.0
2041-12-10,M06,Pump,1.78,67.52,12.8,22.0,1318.3,normal,84.25,10.4,0.5,0,none,0.0
2041-12-11,M06,Pump,2.05,60.07,11.21,124.8,1332.2,normal,84.3,13.7,0.5,0,none,0.0
2041-12-12,M06,Pump,2.07,66.33,12.11,101.3,1345.2,normal,84.78,17.3,0.5,0,none,0.0
2041-12-13,M06,Pump,2.07,41.41,3.56,21.4,550.4,idle,84.88,10.2,0.5,0,none,0.0
2041-12-14,M06,Pump,0.62,40.15,3.51,21.4,563.6,idle,84.93,9.4,0.5,0,none,0.0
2041-12-15,M06,Pump,0.5,36.34,3.38,24.2,546.4,idle,85.35,9.1,0.5,0,none,0.0
2041-12-16,M06,Pump,2.18,58.4,11.92,119.2,1224.1,normal,85.78,15.3,0.5,0,none,0.0
2041-12-17,M06,Pump,1.89,55.72,11.6,97.3,1211.7,normal,86.05,11.9,0.5,0,none,0.0
2041-12-18,M06,Pump,1.8,52.72,12.59,87.5,1252.0,normal,86.27,13.9,0.5,0,none,0.0
2041-12-19,M06,Pump,1.73,57.81,12.22,87.5,1322.9,normal,86.4,11.4,0.5,0,none,0.0
2041-12-20,M06,Pump,0.56,36.37,12.22,24.7,1322.9,idle,86.78,17.6,0.5,0,none,0.0
2041-12-21,M06,Pump,1.72,48.15,11.97,88.8,1320.5,normal,87.1,17.7,0.5,0,none,0.0
2041-12-22,M06,Pump,1.99,59.09,11.93,91.3,1288.4,normal,87.17,14.1,0.5,0,none,0.0
2041-12-23,M06,Pump,0.64,38.71,11.93,23.4,510.4,idle,87.23,11.6,0.5,0,none,0.0
2041-12-24,M06,Pump,0.61,38.48,3.79,15.2,546.9,idle,87.42,15.0,0.5,0,none,0.0
2041-12-25,M06,Pump,0.52,35.65,3.81,21.4,562.6,idle,87.65,8.8,0.5,0,none,0.0
2041-12-26,M06,Pump,1.96,57.19,12.41,94.8,1205.5,normal,87.8,13.5,0.5,0,none,0.0
2041-12-27,M06,Pump,1.82,50.47,11.67,127.1,1320.7,normal,87.85,11.0,0.5,0,none,0.0
2041-12-28,M06,Pump,0.69,44.99,3.6,17.3,539.2,idle,87.97,12.1,0.5,0,none,0.0
2041-12-29,M06,Pump,0.68,39.66,3.65,16.3,529.4,idle,88.35,8.3,0.5,0,none,0.0
2041-12-30,M06,Pump,0.58,38.52,3.92,15.6,568.0,idle,88.5,12.6,0.5,0,none,0.0
2041-12-31,M06,Pump,0.5,44.46,3.68,22.0,513.1,idle,88.62,10.1,0.5,0,none,0.0
2042-01-01,M06,Pump,0.63,43.82,3.4,16.3,521.3,idle,88.7,10.3,0.5,0,none,0.0
2042-01-02,M06,Pump,0.53,36.11,3.77,17.1,546.7,idle,88.97,12.2,0.5,0,none,0.0
2042-01-03,M06,Pump,0.67,41.52,3.38,20.7,527.5,idle,89.38,16.0,0.5,0,none,0.0
2042-01-04,M06,Pump,0.57,38.19,3.95,22.4,509.4,idle,89.62,13.4,0.5,0,none,0.0
2042-01-05,M06,Pump,0.6,38.18,3.98,22.4,522.4,idle,89.65,15.9,0.5,0,none,0.0
2042-01-06,M06,Pump,0.57,40.99,3.64,17.1,546.2,idle,90.02,15.1,0.5,0,none,0.0
2042-01-07,M06,Pump,0.57,41.54,3.57,22.0,546.8,idle,90.12,10.8,0.5,0,none,0.0
2042-01-08,M06,Pump,0.6,42.05,3.62,16.2,512.8,idle,90.55,8.5,0.5,0,none,0.0
2042-01-09,M06,Pump,0.55,35.63,3.8,18.7,506.6,idle,91.05,8.9,0.5,0,none,0.0
2042-01-10,M06,Pump,2.11,60.72,11.9,90.9,1222.8,normal,91.43,12.4,0.5,0,none,0.0
2042-01-11,M06,Pump,0.59,43.85,3.43,20.7,567.3,idle,91.62,10.6,0.5,0,none,0.0
2042-01-12,M06,Pump,0.63,39.4,3.8,23.2,541.3,idle,91.67,16.4,0.5,0,none,0.0
2042-01-13,M06,Pump,0.67,40.15,3.88,24.5,535.1,idle,91.72,13.4,0.5,0,none,0.0
2042-01-14,M06,Pump,0.62,41.09,3.85,24.5,501.9,idle,92.17,17.5,0.5,0,none,0.0
2042-01-15,M06,Pump,0.65,42.84,3.79,22.1,502.9,idle,92.28,13.6,0.5,0,none,0.0
2042-01-16,M06,Pump,0.59,43.18,3.95,17.3,540.5,idle,92.45,11.4,0.5,0,none,0.0
2042-01-17,M06,Pump,0.66,42.52,3.73,15.2,550.7,idle,92.72,15.3,0.5,0,none,0.0
2042-01-18,M06,Pump,2.09,61.63,12.53,100.4,1349.1,normal,93.15,9.6,0.5,0,none,0.0
2042-01-19,M06,Pump,0.65,40.79,12.53,24.1,557.0,idle,93.28,17.9,0.5,0,none,0.0
2042-01-20,M06,Pump,0.61,40.27,3.53,17.5,535.9,idle,93.63,8.1,0.5,0,none,0.0
2042-01-21,M06,Pump,0.62,37.45,3.95,20.6,536.9,idle,93.67,12.0,0.5,0,none,0.0
2042-01-22,M06,Pump,0.59,35.58,3.92,18.2,545.0,idle,93.75,16.8,0.5,0,none,0.0
2042-01-23,M06,Pump,0.62,40.84,3.67,16.8,519.6,idle,93.9,10.0,0.5,0,none,0.0
2042-01-24,M06,Pump,0.6,42.89,3.6,17.0,506.2,idle,94.15,8.7,0.5,0,none,0.0
2042-01-25,M06,Pump,0.63,39.23,3.39,21.7,514.5,idle,94.55,17.0,0.5,0,none,0.0
2042-01-26,M06,Pump,1.95,52.04,12.86,89.9,1263.0,normal,95.0,17.3,0.5,0,none,0.0
2042-01-27,M06,Pump,2.18,52.33,12.29,94.5,1216.6,normal,95.03,12.3,0.5,0,none,0.0
2042-01-28,M06,Pump,2.01,66.07,11.91,110.6,1291.3,normal,95.47,14.1,0.5,0,none,0.0
2042-01-29,M06,Pump,0.58,41.15,3.48,18.8,531.0,idle,95.9,10.5,0.5,0,none,0.0
2042-01-30,M06,Pump,2.13,53.01,12.27,89.1,1237.9,normal,96.32,10.8,0.5,0,none,0.0
2042-01-31,M06,Pump,2.02,62.53,11.92,95.4,1336.5,normal,96.53,8.8,0.5,0,none,0.0
2042-02-01,M06,Pump,2.02,61.58,12.38,113.9,1340.3,normal,97.03,10.3,0.5,0,none,0.0
2042-02-02,M06,Pump,2.06,51.94,11.71,98.3,1204.6,normal,97.37,10.6,0.5,0,none,0.0
2042-02-03,M06,Pump,2.16,46.69,12.4,116.0,1326.6,normal,97.65,8.3,0.5,0,none,0.0
2042-02-04,M06,Pump,0.61,42.25,3.51,22.5,524.0,idle,97.82,17.5,0.5,0,none,0.0
2042-02-05,M06,Pump,2.15,48.76,11.63,103.9,1316.4,normal,97.92,13.4,0.5,0,none,0.0
2042-02-06,M06,Pump,2.07,49.85,11.29,93.8,1272.6,normal,98.18,17.7,0.5,0,none,0.0
2042-02-07,M06,Pump,0.61,39.29,3.76,19.3,566.2,idle,98.52,16.0,0.5,0,none,0.0
2042-02-08,M06,Pump,1.83,59.43,12.22,92.6,1261.8,normal,98.95,12.5,0.5,0,none,0.0
2042-02-09,M06,Pump,2.62,72.59,15.95,149.7,1776.8,peak,99.07,14.6,0.5,0,none,0.0
2042-02-10,M06,Pump,1.92,54.7,11.26,84.8,1297.1,normal,99.17,16.8,0.5,0,none,0.0
2042-02-11,M06,Pump,2.05,66.65,11.17,84.1,1207.8,normal,99.22,16.8,0.5,0,none,0.0
2042-02-12,M06,Pump,2.72,79.34,15.81,159.9,1853.0,peak,99.47,10.6,0.5,0,none,0.0
2042-02-13,M06,Pump,2.19,48.17,11.12,92.3,1202.9,normal,99.97,15.3,0.5,0,none,0.0
2042-02-14,M06,Pump,0.69,38.04,3.69,18.2,517.2,idle,100.05,12.8,0.5,0,none,0.0
2042-02-15,M06,Pump,0.53,38.2,3.73,24.7,539.1,idle,100.42,11.2,0.5,0,none,0.0
2042-02-16,M06,Pump,1.97,45.81,12.68,80.3,1335.9,normal,100.58,14.2,0.5,0,none,0.0
2042-02-17,M06,Pump,1.97,48.87,11.9,129.7,1245.8,normal,101.05,16.6,0.5,0,none,0.0
2042-02-18,M06,Pump,1.83,47.71,12.19,82.6,1314.9,normal,101.22,11.6,0.5,0,none,0.0
2042-02-19,M06,Pump,2.16,66.43,11.22,107.0,1214.6,normal,101.53,16.7,0.5,0,none,0.0
2042-02-20,M06,Pump,1.99,63.74,12.08,123.3,1320.2,normal,101.8,14.8,0.5,0,none,0.0
2042-02-21,M06,Pump,1.84,59.49,11.01,98.6,1235.7,normal,102.17,13.1,0.5,0,none,0.0
2042-02-22,M06,Pump,2.17,54.32,12.31,116.1,1316.0,normal,102.23,11.2,0.5,0,none,0.0
2042-02-23,M06,Pump,0.65,37.89,3.78,20.5,541.8,idle,102.28,13.8,0.5,0,none,0.0
2042-02-24,M06,Pump,1.7,50.94,12.86,93.1,541.8,normal,102.68,11.9,0.5,0,none,0.0
2042-02-25,M06,Pump,1.79,48.19,11.42,106.8,1337.8,normal,103.0,10.5,0.5,0,none,0.0
2042-02-26,M06,Pump,0.57,38.23,3.69,18.6,563.7,idle,103.3,9.5,0.5,0,none,0.0
2042-02-27,M06,Pump,1.89,56.28,12.07,118.7,1284.6,normal,103.45,14.3,0.5,0,none,0.0
2042-02-28,M06,Pump,1.82,47.85,12.88,119.7,1203.4,normal,103.72,17.4,0.5,0,none,0.0
2042-03-01,M06,Pump,2.11,58.58,12.88,78.6,1317.1,normal,104.17,9.3,0.5,0,none,0.0
2042-03-02,M06,Pump,2.52,80.92,15.03,159.9,1753.5,peak,104.23,9.2,0.5,0,none,0.0
2042-03-03,M06,Pump,2.52,74.02,15.32,152.0,1792.5,peak,104.5,8.4,0.5,0,none,0.0
2042-03-04,M06,Pump,2.2,58.34,12.13,89.5,1261.3,normal,104.9,14.9,0.5,0,none,0.0
2042-03-05,M06,Pump,0.52,42.63,3.53,89.5,526.0,idle,105.15,15.4,0.5,0,none,0.0
2042-03-06,M06,Pump,0.7,36.71,3.3,20.9,566.7,idle,105.2,16.9,0.5,0,none,0.0
2042-03-07,M06,Pump,2.02,46.97,12.08,125.3,1201.0,normal,105.7,16.6,0.5,0,none,0.0
2042-03-08,M06,Pump,0.53,43.15,3.93,22.1,569.4,idle,106.18,10.9,0.5,0,none,0.0
2042-03-09,M06,Pump,0.52,40.46,3.78,22.0,555.5,idle,106.23,17.3,0.5,0,none,0.0
2042-03-10,M06,Pump,2.16,53.32,11.09,96.8,1300.7,normal,106.58,9.0,0.5,0,none,0.0
2042-03-11,M06,Pump,1.81,53.32,11.44,78.5,1276.2,normal,106.93,14.9,0.5,0,none,0.0
2042-03-12,M06,Pump,2.06,53.04,12.5,100.8,1225.8,normal,107.05,15.4,0.5,0,none,0.0
2042-03-13,M06,Pump,0.52,42.11,3.57,24.1,537.8,idle,107.55,12.9,0.5,0,none,0.0
2042-03-14,M06,Pump,1.87,53.03,11.26,108.9,1287.3,normal,107.67,17.1,0.5,0,none,0.0
2042-03-15,M06,Pump,0.66,37.01,11.26,16.0,520.7,idle,107.9,10.5,0.5,0,none,0.0
2042-03-16,M06,Pump,1.91,67.17,12.31,118.7,1248.8,normal,108.22,9.6,0.5,0,none,0.0
2042-03-17,M06,Pump,0.53,37.57,3.48,20.8,523.9,idle,108.43,9.5,0.5,0,none,0.0
2042-03-18,M06,Pump,2.13,67.74,11.69,114.7,1298.6,normal,108.52,11.8,0.5,0,none,0.0
2042-03-19,M06,Pump,0.54,44.18,3.44,22.4,524.3,idle,108.72,10.6,0.5,0,none,0.0
2042-03-20,M06,Pump,1.88,55.48,12.73,85.3,1208.2,normal,109.22,16.5,0.5,0,none,0.0
2042-03-21,M06,Pump,2.64,70.83,16.38,159.0,1878.2,peak,109.35,15.4,0.5,0,none,0.0
2042-03-22,M06,Pump,0.65,44.16,3.82,24.4,513.5,idle,109.38,16.2,0.5,0,none,0.0
2042-03-23,M06,Pump,0.65,84.91,16.36,162.0,1754.6,peak,109.52,10.9,0.5,0,none,0.0
2042-03-24,M06,Pump,0.67,41.98,3.42,15.3,518.2,idle,109.78,16.3,0.5,0,none,0.0
2042-03-25,M06,Pump,2.16,60.37,12.84,101.2,1340.5,normal,109.97,13.2,0.5,0,none,0.0
2042-03-26,M06,Pump,1.93,49.7,11.3,129.7,1250.1,normal,110.27,17.2,0.5,0,none,0.0
2042-03-27,M06,Pump,1.78,45.19,11.57,124.2,1280.1,normal,110.3,8.2,0.5,0,none,0.0
2042-03-28,M06,Pump,2.02,66.21,12.03,121.6,1248.6,normal,110.42,11.7,0.5,0,none,0.0
2042-03-29,M06,Pump,0.7,35.79,3.81,121.6,513.4,idle,110.8,13.1,0.5,0,none,0.0
2042-03-30,M06,Pump,0.58,38.13,3.37,20.9,569.6,idle,111.02,15.7,0.5,0,none,0.0
2042-03-31,M06,Pump,0.61,40.45,3.33,16.4,535.9,idle,111.22,14.8,0.5,0,none,0.0
2042-04-01,M06,Pump,0.7,43.77,3.33,20.4,538.7,idle,111.5,15.0,0.5,0,none,0.0
2042-04-02,M06,Pump,0.64,41.88,3.85,15.2,566.1,idle,111.62,14.3,0.5,0,none,0.0
2042-04-03,M06,Pump,0.51,41.88,3.94,19.9,504.4,idle,111.75,16.8,0.5,0,none,0.0
2042-04-04,M06,Pump,0.55,40.79,3.36,19.2,523.0,idle,112.17,10.3,0.5,0,none,0.0
2042-04-05,M06,Pump,0.66,36.1,3.78,19.1,541.1,idle,112.28,13.0,0.5,0,none,0.0
2042-04-06,M06,Pump,0.54,41.1,3.77,15.7,557.7,idle,112.48,9.6,0.5,0,none,0.0
2042-04-07,M06,Pump,0.54,35.64,3.72,20.9,500.9,idle,112.7,8.2,0.5,0,none,0.0
2042-04-08,M06,Pump,1.87,67.29,3.72,126.5,1301.3,normal,112.77,11.5,0.5,0,none,0.0
2042-04-09,M06,Pump,0.51,35.78,3.81,20.6,508.9,idle,112.83,14.0,0.5,0,none,0.0
2042-04-10,M06,Pump,0.62,43.1,3.83,17.5,518.1,idle,112.87,13.7,0.5,0,none,0.0
2042-04-11,M06,Pump,0.69,43.87,3.52,23.2,511.3,idle,112.98,10.9,0.5,0,none,0.0
2042-04-12,M06,Pump,0.54,36.81,3.36,23.6,540.5,idle,113.05,16.6,0.5,0,none,0.0
2042-04-13,M06,Pump,0.55,43.49,3.86,16.0,545.1,idle,113.48,8.4,0.5,0,none,0.0
2042-04-14,M06,Pump,0.64,42.16,3.81,16.7,522.1,idle,113.82,15.6,0.5,0,none,0.0
2042-04-15,M06,Pump,0.67,43.98,3.5,15.2,522.1,idle,114.22,10.3,0.5,0,none,0.0
2042-04-16,M06,Pump,0.58,38.29,3.54,19.2,526.5,idle,114.37,15.2,0.5,0,none,0.0
2042-04-17,M06,Pump,0.61,35.79,3.98,24.4,565.4,idle,114.47,9.7,0.5,0,none,0.0
2042-04-18,M06,Pump,0.68,41.6,3.45,15.5,506.9,idle,114.82,14.6,0.5,0,none,0.0
2042-04-19,M06,Pump,0.56,40.04,4.0,19.4,536.7,idle,114.93,11.8,0.5,0,none,0.0
2042-04-20,M06,Pump,0.64,36.81,3.95,20.3,519.3,idle,115.13,14.2,0.5,0,none,0.0
2042-04-21,M06,Pump,0.69,41.25,3.64,20.8,552.4,idle,115.17,13.5,0.5,0,none,0.0
2042-04-22,M06,Pump,0.53,43.65,3.97,20.7,547.8,idle,115.25,15.2,0.5,0,none,0.0
2042-04-23,M06,Pump,0.67,38.75,3.99,21.8,529.7,idle,115.4,15.6,0.5,0,none,0.0
2042-04-24,M06,Pump,0.64,40.22,3.38,23.0,539.5,idle,115.45,13.7,0.5,0,none,0.0
2042-04-25,M06,Pump,2.1,48.56,12.08,117.9,1348.2,normal,115.93,15.0,0.5,0,none,0.0
2042-04-26,M06,Pump,0.68,48.56,3.47,23.4,511.9,idle,116.05,14.4,0.5,0,none,0.0
2042-04-27,M06,Pump,1.8,47.53,12.72,83.6,1220.7,normal,116.17,8.9,0.5,0,none,0.0
2042-04-28,M06,Pump,0.55,40.73,3.92,19.2,538.2,idle,116.63,8.8,0.5,0,none,0.0
2042-04-29,M06,Pump,0.53,37.66,3.39,19.1,541.3,idle,117.05,14.6,0.5,0,none,0.0
2042-04-30,M06,Pump,0.53,43.46,3.99,16.2,501.2,idle,117.55,11.7,0.5,0,none,0.0
2042-05-01,M06,Pump,2.09,49.38,11.71,98.5,1337.5,normal,117.65,13.4,0.5,0,none,0.0
2042-05-02,M06,Pump,0.63,35.41,3.31,17.0,522.3,idle,117.97,12.0,0.5,0,none,0.0
2042-05-03,M06,Pump,0.6,43.38,3.52,18.8,523.0,idle,118.47,15.6,0.5,0,none,0.0
2042-05-04,M06,Pump,0.5,44.55,3.4,17.9,509.1,idle,118.55,10.6,0.5,0,none,0.0
2042-05-05,M06,Pump,1.95,66.44,11.2,100.9,1203.4,normal,118.87,11.1,0.5,0,none,0.0
2042-05-06,M06,Pump,0.65,41.41,3.79,19.7,563.5,idle,119.05,16.4,0.5,0,none,0.0
2042-05-07,M06,Pump,1.9,56.82,12.39,105.1,1228.4,normal,119.43,15.9,0.5,0,none,0.0
2042-05-08,M06,Pump,1.86,47.12,11.87,109.7,1217.8,normal,119.55,13.0,0.5,0,none,0.0
2042-05-09,M06,Pump,2.02,65.54,11.68,89.5,1334.0,normal,119.83,13.2,0.5,0,none,0.0
2042-05-10,M06,Pump,0.64,36.05,3.59,21.7,540.2,idle,119.98,13.2,0.5,0,none,0.0
2042-05-11,M06,Pump,0.62,40.67,3.86,18.2,549.6,idle,120.42,11.9,0.5,0,none,0.0
2042-05-12,M06,Pump,2.2,53.97,12.58,90.8,1242.3,normal,120.65,16.7,0.5,0,none,0.0
2042-05-13,M06,Pump,2.17,45.6,11.43,103.1,1260.3,normal,121.07,15.5,0.5,0,none,0.0
2042-05-14,M06,Pump,2.01,49.43,11.14,97.2,1278.7,normal,121.42,9.3,0.5,0,none,0.0
2042-05-15,M06,Pump,0.61,41.01,3.68,17.5,553.5,idle,121.6,9.1,0.5,0,none,0.0
2042-05-16,M06,Pump,0.61,36.98,3.82,17.8,534.5,idle,121.7,12.4,0.5,0,none,0.0
2042-05-17,M06,Pump,1.86,56.66,11.69,129.7,1253.6,normal,121.8,9.9,0.5,0,none,0.0
2042-05-18,M06,Pump,2.01,65.43,12.28,107.4,1285.4,normal,121.83,8.6,0.5,0,none,0.0
2042-05-19,M06,Pump,1.95,75.12,11.1,124.0,1287.9,normal,122.02,10.5,0.5,0,none,0.0
2042-05-20,M06,Pump,0.67,35.1,3.91,16.2,550.5,idle,122.15,9.1,0.5,0,none,0.0
2042-05-21,M06,Pump,5.1,60.66,12.26,86.5,1277.2,normal,122.57,13.1,0.5,0,none,0.0
2042-05-22,M06,Pump,1.84,57.89,12.48,82.2,1277.4,normal,123.07,16.6,0.5,0,none,0.0
2042-05-23,M06,Pump,2.01,51.79,12.91,105.1,1227.4,normal,123.55,12.7,0.5,0,none,0.0
2042-05-24,M06,Pump,1.75,57.46,11.75,88.0,1204.6,normal,123.9,16.3,0.5,0,none,0.0
2042-05-25,M06,Pump,1.98,58.77,11.28,109.3,1342.8,normal,124.15,13.9,0.5,0,none,0.0
2042-05-26,M06,Pump,2.19,65.44,12.61,88.9,1223.5,normal,124.5,14.9,0.5,0,none,0.0
2042-05-27,M06,Pump,0.59,41.2,3.9,17.3,533.6,idle,124.58,13.1,0.5,0,none,0.0
2042-05-28,M06,Pump,2.02,55.25,11.91,89.7,1348.0,normal,124.72,13.5,0.5,0,none,0.0
2042-05-29,M06,Pump,1.94,57.25,11.44,104.7,1238.3,normal,124.77,12.3,0.5,0,none,0.0
2042-05-30,M06,Pump,1.8,51.34,11.01,107.7,1258.1,normal,125.02,14.9,0.5,0,none,0.0
2042-05-31,M06,Pump,0.68,35.41,3.33,23.9,508.9,idle,125.13,8.6,0.5,0,none,0.0
2042-06-01,M06,Pump,2.4,72.68,16.65,160.1,1801.0,peak,125.35,15.5,0.5,0,none,0.0
2042-06-02,M06,Pump,2.03,56.67,12.81,80.9,1322.0,normal,125.67,13.4,0.5,0,none,0.0
2042-06-03,M06,Pump,0.53,38.92,3.43,22.0,547.5,idle,125.8,8.0,0.5,0,none,0.0
2042-06-04,M06,Pump,1.97,61.06,12.28,22.0,1235.9,normal,126.17,16.1,0.5,0,none,0.0
2042-06-05,M06,Pump,1.91,48.49,11.86,114.5,1303.7,normal,126.33,13.3,0.5,0,none,0.0
2042-06-06,M06,Pump,2.05,52.1,12.32,97.1,1341.7,normal,126.48,8.0,0.5,0,none,0.0
2042-06-07,M06,Pump,1.87,58.87,12.5,125.1,1265.7,normal,126.7,9.6,0.5,0,none,0.0
2042-06-08,M06,Pump,0.57,39.3,3.53,21.5,565.3,idle,126.95,14.2,0.5,0,none,0.0
2042-06-09,M06,Pump,0.53,40.61,3.93,16.0,534.6,idle,127.33,15.7,0.5,0,none,0.0
2042-06-10,M06,Pump,2.13,65.71,12.03,79.3,1215.8,normal,127.38,12.0,0.5,0,none,0.0
2042-06-11,M06,Pump,1.99,47.85,11.3,118.2,1312.6,normal,127.78,16.2,0.5,0,none,0.0
2042-06-12,M06,Pump,2.12,47.43,11.4,121.3,1308.2,normal,128.22,10.4,0.5,0,none,0.0
2042-06-13,M06,Pump,2.1,67.76,12.73,105.1,1246.6,normal,128.37,13.6,0.5,0,none,0.0
2042-06-14,M06,Pump,1.98,59.69,11.67,118.1,1213.9,normal,128.87,16.7,0.5,0,none,0.0
2042-06-15,M06,Pump,0.66,35.32,3.65,23.6,506.1,idle,129.22,14.7,0.5,0,none,0.0
2042-06-16,M06,Pump,2.71,72.39,16.79,160.8,1890.1,peak,129.72,10.1,0.5,0,none,0.0
2042-06-17,M06,Pump,2.14,61.94,11.37,93.7,1274.5,normal,130.0,15.5,0.5,0,none,0.0
2042-06-18,M06,Pump,1.99,62.99,11.45,84.7,1272.4,normal,130.3,9.1,0.5,0,none,0.0
2042-06-19,M06,Pump,2.49,80.41,16.15,158.5,1759.5,peak,130.67,17.1,0.5,0,none,0.0
2042-06-20,M06,Pump,0.69,35.0,3.53,21.8,503.2,idle,131.1,12.0,0.5,0,none,0.0
2042-06-21,M06,Pump,1.74,46.76,12.16,124.6,1283.3,normal,131.33,10.5,0.5,0,none,0.0
2042-06-22,M06,Pump,2.0,52.96,11.04,79.1,1333.2,normal,131.65,15.8,0.5,0,none,0.0
2042-06-23,M06,Pump,2.46,85.0,15.33,156.9,1892.3,peak,131.68,9.9,0.5,0,none,0.0
2042-06-24,M06,Pump,1.88,61.89,11.7,93.9,1230.3,normal,132.07,9.6,0.5,0,none,0.0
2042-06-25,M06,Pump,2.11,50.92,11.57,93.9,1249.1,normal,132.57,14.1,0.5,0,none,0.0
2042-06-26,M06,Pump,2.11,44.9,11.57,93.9,1249.1,idle,132.65,16.5,0.5,0,none,0.0
2042-06-27,M06,Pump,2.59,73.51,15.85,157.5,1756.5,peak,133.07,11.5,0.5,0,none,0.0
2042-06-28,M06,Pump,1.89,52.96,11.49,112.0,1756.5,normal,133.18,14.0,0.5,0,none,0.0
2042-06-29,M06,Pump,2.0,56.6,11.43,91.9,1225.6,normal,133.67,12.8,0.5,0,none,0.0
2042-06-30,M06,Pump,2.43,79.29,16.35,144.2,1842.3,peak,134.07,15.4,0.5,0,none,0.0
2042-07-01,M06,Pump,2.19,46.71,11.98,116.1,1206.9,normal,134.47,17.5,0.5,0,none,0.0
2042-07-02,M06,Pump,2.09,67.53,11.18,120.8,1256.8,normal,134.75,8.9,0.5,0,none,0.0
2042-07-03,M06,Pump,0.53,39.93,3.35,20.2,501.4,idle,134.8,14.3,0.5,0,none,0.0
2042-07-04,M06,Pump,0.65,39.88,3.62,17.0,525.3,idle,135.02,9.7,0.5,0,none,0.0
2042-07-05,M06,Pump,1.79,61.91,11.4,110.1,1241.9,normal,135.38,13.4,0.5,0,none,0.0
2042-07-06,M06,Pump,2.03,57.43,11.85,113.0,1262.4,normal,135.47,16.1,0.5,0,none,0.0
2042-07-07,M06,Pump,0.66,42.3,3.68,23.8,558.0,idle,135.62,14.2,0.5,0,none,0.0
2042-07-08,M06,Pump,0.61,35.68,3.7,18.6,537.8,idle,135.88,17.6,0.5,0,none,0.0
2042-07-09,M06,Pump,0.63,41.45,3.77,21.8,507.6,idle,135.97,13.0,0.5,0,none,0.0
2042-07-10,M06,Pump,0.54,41.31,3.59,22.6,508.7,idle,136.05,13.9,0.5,0,none,0.0
2042-07-11,M06,Pump,1.8,57.84,12.0,91.8,1261.2,normal,136.38,14.4,0.5,0,none,0.0
2042-07-12,M06,Pump,0.51,35.37,3.37,20.8,560.5,idle,136.7,11.5,0.5,0,none,0.0
2042-07-13,M06,Pump,0.55,35.34,3.8,23.6,509.7,idle,136.98,14.8,0.5,0,none,0.0
2042-07-14,M06,Pump,0.58,36.59,3.37,21.5,567.7,idle,137.38,9.5,0.5,0,none,0.0
2042-07-15,M06,Pump,0.64,44.85,3.6,24.0,514.4,idle,137.62,15.0,0.5,0,none,0.0
2042-07-16,M06,Pump,0.52,42.03,3.56,18.2,547.0,idle,138.08,11.8,0.5,0,none,0.0
2042-07-17,M06,Pump,0.57,40.73,3.51,18.2,521.9,idle,138.2,11.5,0.5,0,none,0.0
2042-07-18,M06,Pump,0.61,35.23,3.85,21.2,513.5,idle,138.67,11.2,0.5,0,none,0.0
2042-07-19,M06,Pump,0.54,37.62,3.7,21.2,519.2,idle,138.8,13.1,0.5,0,none,0.0
2042-07-20,M06,Pump,2.05,65.45,11.09,99.7,1289.0,normal,139.13,9.6,0.5,0,none,0.0
2042-07-21,M06,Pump,0.62,35.2,3.45,15.6,539.8,idle,139.33,10.7,0.5,0,none,0.0
2042-07-22,M06,Pump,0.63,36.6,3.53,18.3,557.4,idle,139.58,8.1,0.5,0,none,0.0
2042-07-23,M06,Pump,0.54,40.48,3.85,23.3,546.7,idle,139.85,16.9,0.5,0,none,0.0
2042-07-24,M06,Pump,1.85,63.93,12.48,114.6,1210.1,normal,140.18,8.2,0.5,0,none,0.0
2042-07-25,M06,Pump,0.51,41.95,3.96,22.7,558.2,idle,140.35,9.4,0.5,0,none,0.0
2042-07-26,M06,Pump,0.61,41.95,3.77,22.1,547.3,idle,140.7,13.9,0.5,0,none,0.0
2042-07-27,M06,Pump,0.69,38.67,3.33,24.1,511.2,idle,140.88,12.4,0.5,0,none,0.0
2042-07-28,M06,Pump,0.64,43.73,3.52,23.3,523.2,idle,141.23,8.2,0.5,0,none,0.0
2042-07-29,M06,Pump,0.66,35.7,3.52,21.8,534.4,idle,141.27,14.0,0.5,0,none,0.0
2042-07-30,M06,Pump,0.64,44.23,3.81,24.6,531.4,idle,141.45,13.0,0.5,0,none,0.0
2042-07-31,M06,Pump,0.61,37.64,3.99,15.6,525.1,idle,141.77,14.2,0.5,0,none,0.0
2042-08-01,M06,Pump,0.56,38.87,3.94,18.7,564.2,idle,142.1,10.8,0.5,0,none,0.0
2042-08-02,M06,Pump,0.58,59.33,3.67,18.1,531.5,idle,142.4,14.1,0.5,0,none,0.0
2042-08-03,M06,Pump,0.58,37.6,3.5,16.9,523.5,idle,142.7,9.1,0.5,0,none,0.0
2042-08-04,M06,Pump,2.01,53.89,12.42,129.3,1256.6,normal,142.97,16.4,0.5,0,none,0.0
2042-08-05,M06,Pump,2.68,72.46,15.78,158.2,1782.6,peak,143.27,11.4,0.5,0,none,0.0
2042-08-06,M06,Pump,0.54,38.76,3.87,21.2,567.0,idle,143.5,13.4,0.5,0,none,0.0
2042-08-07,M06,Pump,2.15,48.48,11.09,98.8,1278.3,normal,143.82,11.8,0.5,0,none,0.0
2042-08-08,M06,Pump,1.96,48.08,11.25,80.4,1327.6,normal,144.25,8.3,0.5,0,none,0.0
2042-08-09,M06,Pump,2.17,47.66,11.43,82.7,1331.6,normal,144.43,15.9,0.5,0,none,0.0
2042-08-10,M06,Pump,0.69,37.62,3.51,18.6,535.2,idle,144.55,13.1,0.5,0,none,0.0
2042-08-11,M06,Pump,0.69,40.04,3.97,16.0,555.9,idle,144.78,11.3,0.5,0,none,0.0
2042-08-12,M06,Pump,1.87,53.68,12.42,126.3,1307.4,normal,144.9,16.9,0.5,0,none,0.0
2042-08-13,M06,Pump,2.09,62.27,11.64,117.4,1317.7,normal,144.95,9.4,0.5,0,none,0.0
2042-08-14,M06,Pump,1.97,57.35,12.52,120.5,1250.6,normal,145.22,12.0,0.5,0,none,0.0
2042-08-15,M06,Pump,2.1,63.73,11.47,115.3,1228.0,normal,145.53,8.6,0.5,0,none,0.0
2042-08-16,M06,Pump,1.75,63.73,12.82,79.8,1324.0,normal,146.0,10.7,0.5,0,none,0.0
2042-08-17,M06,Pump,1.95,64.8,12.69,123.5,1315.3,normal,146.47,13.2,0.5,0,none,0.0
2042-08-18,M06,Pump,2.12,49.05,11.61,90.6,1311.4,normal,146.9,13.6,0.5,0,none,0.0
2042-08-19,M06,Pump,1.78,49.19,12.76,114.7,1331.3,normal,147.22,9.9,0.5,0,none,0.0
2042-08-20,M06,Pump,0.53,38.99,3.5,15.1,519.9,idle,147.6,11.3,0.5,0,none,0.0
2042-08-21,M06,Pump,0.58,35.92,3.7,18.8,503.2,idle,147.78,13.4,0.5,0,none,0.0
2042-08-22,M06,Pump,2.05,61.77,12.67,103.2,1345.3,normal,147.93,15.4,0.5,0,none,0.0
2042-08-23,M06,Pump,2.05,40.51,3.61,15.0,549.8,idle,148.1,15.4,0.5,0,none,0.0
2042-08-24,M06,Pump,1.98,66.56,12.19,129.6,1328.1,normal,148.18,12.2,0.5,0,none,0.0
2042-08-25,M06,Pump,2.18,52.54,11.3,119.4,1317.9,normal,148.67,9.5,0.5,0,none,0.0
2042-08-26,M06,Pump,0.54,42.65,3.71,16.1,535.1,idle,148.93,17.2,0.5,0,none,0.0
2042-08-27,M06,Pump,2.17,56.65,12.58,79.5,1309.2,normal,148.98,8.5,0.5,0,none,0.0
2042-08-28,M06,Pump,0.69,40.0,3.54,21.5,564.1,idle,149.2,15.6,0.5,0,none,0.0
2042-08-29,M06,Pump,1.79,54.28,11.31,103.8,1281.1,normal,149.43,16.9,0.5,0,none,0.0
2042-08-30,M06,Pump,2.17,54.49,12.13,124.0,1248.2,normal,149.87,14.5,0.5,0,none,0.0
2042-08-31,M06,Pump,2.8,81.36,15.66,144.1,1825.4,peak,149.9,17.5,0.5,0,none,0.0
2042-09-01,M06,Pump,1.88,51.13,12.95,104.1,1328.5,normal,150.13,13.6,0.5,0,none,0.0
2042-09-02,M06,Pump,1.8,66.61,12.59,120.0,1258.5,normal,150.57,16.3,0.5,0,none,0.0
2042-09-03,M06,Pump,0.6,40.93,3.85,23.5,505.5,idle,150.88,17.0,0.5,0,none,0.0
2042-09-04,M06,Pump,2.15,66.56,3.85,87.7,1322.8,normal,151.07,13.7,0.5,0,none,0.0
2042-09-05,M06,Pump,0.61,43.17,3.87,15.9,542.5,idle,151.37,17.1,0.5,0,none,0.0
2042-09-06,M06,Pump,0.6,44.46,3.51,17.1,562.8,idle,151.4,13.3,0.5,0,none,0.0
2042-09-07,M06,Pump,0.6,60.79,11.6,107.5,1292.4,normal,151.52,14.4,0.5,0,none,0.0
2042-09-08,M06,Pump,1.91,67.42,11.26,98.3,1264.6,normal,151.57,14.3,0.5,0,none,0.0
2042-09-09,M06,Pump,2.02,54.37,11.19,127.3,1262.4,normal,151.7,16.9,0.5,0,none,0.0
2042-09-10,M06,Pump,1.87,54.37,11.43,83.2,1222.3,normal,151.78,10.7,0.5,0,none,0.0
2042-09-11,M06,Pump,1.78,49.55,11.84,110.4,1294.3,normal,151.97,17.7,0.5,0,none,0.0
2042-09-12,M06,Pump,1.7,66.18,12.65,128.1,1254.0,normal,152.07,17.4,0.5,0,none,0.0
2042-09-13,M06,Pump,2.03,48.86,12.63,86.4,1248.9,normal,152.3,14.7,0.5,0,none,0.0
2042-09-14,M06,Pump,1.95,58.67,12.12,83.3,1263.2,normal,152.55,17.3,0.5,0,none,0.0
2042-09-15,M06,Pump,2.95,83.09,16.18,83.3,1766.8,peak,153.02,9.6,0.5,0,none,0.0
2042-09-16,M06,Pump,1.8,83.09,11.98,116.0,1269.1,normal,153.07,15.9,0.5,0,none,0.0
2042-09-17,M06,Pump,1.76,55.11,11.33,117.1,1225.0,normal,153.17,17.1,0.5,0,none,0.0
2042-09-18,M06,Pump,1.94,60.95,11.46,82.0,1284.5,normal,153.52,16.7,0.5,0,none,0.0
2042-09-19,M06,Pump,1.73,58.52,12.51,95.1,1273.2,normal,153.62,12.3,0.5,0,none,0.0
2042-09-20,M06,Pump,2.16,55.84,12.99,86.2,1306.3,normal,153.73,16.6,0.5,0,none,0.0
2042-09-21,M06,Pump,2.03,65.06,11.18,92.6,1219.8,normal,153.82,11.3,0.5,0,none,0.0
2042-09-22,M06,Pump,2.96,76.4,16.82,147.4,1769.0,peak,153.95,14.5,0.5,0,none,0.0
2042-09-23,M06,Pump,1.85,70.61,12.69,98.0,1337.2,normal,154.13,8.3,0.5,0,none,0.0
2042-09-24,M06,Pump,1.82,60.95,12.47,98.0,1204.0,normal,154.42,17.0,0.5,0,none,0.0
2042-09-25,M06,Pump,1.88,46.04,12.8,127.6,1310.3,normal,154.6,14.8,0.5,0,none,0.0
2042-09-26,M06,Pump,1.88,50.54,11.15,119.7,1283.9,normal,154.8,10.2,0.5,0,none,0.0
2042-09-27,M06,Pump,2.04,62.93,11.82,85.5,1319.3,normal,155.05,9.0,0.5,0,none,0.0
2042-09-28,M06,Pump,0.59,43.27,3.61,17.2,512.0,idle,155.52,13.3,0.5,0,none,0.0
2042-09-29,M06,Pump,2.07,58.22,11.81,103.6,1282.5,normal,155.72,16.3,0.5,0,none,0.0
2042-09-30,M06,Pump,1.82,53.7,11.58,98.2,1275.1,normal,155.82,15.3,0.5,0,none,0.0
2042-10-01,M06,Pump,1.79,54.05,11.77,92.9,1349.8,normal,155.95,15.0,0.5,0,none,0.0
2042-10-02,M06,Pump,0.51,41.43,3.42,23.4,564.0,idle,156.43,8.6,0.5,0,none,0.0
2042-10-03,M06,Pump,1.9,63.94,11.5,85.3,1247.4,normal,156.85,9.3,0.5,0,none,0.0
2042-10-04,M06,Pump,2.61,75.96,15.75,150.3,1856.5,peak,156.97,17.3,0.5,0,none,0.0
2042-10-05,M06,Pump,2.55,70.28,15.98,151.2,1759.0,peak,157.03,15.8,0.5,0,none,0.0
2042-10-06,M06,Pump,2.48,77.65,15.47,161.9,1776.0,peak,157.18,14.4,0.5,0,none,0.0
2042-10-07,M06,Pump,2.41,76.71,16.97,155.8,1803.1,peak,157.55,12.9,0.5,0,none,0.0
2042-10-08,M06,Pump,0.5,39.85,3.44,21.5,540.8,idle,157.8,13.4,0.5,0,none,0.0
2042-10-09,M06,Pump,0.55,35.69,3.83,21.5,559.0,idle,158.12,14.2,0.5,0,none,0.0
2042-10-10,M06,Pump,1.83,60.02,11.24,93.2,1298.5,normal,158.43,14.8,0.5,0,none,0.0
2042-10-11,M06,Pump,2.11,52.38,12.6,113.2,1252.3,normal,158.75,9.8,0.5,0,none,0.0
2042-10-12,M06,Pump,0.68,40.09,3.75,20.0,531.7,idle,159.13,14.8,0.5,0,none,0.0
2042-10-13,M06,Pump,0.67,37.95,3.33,23.8,557.8,idle,159.35,16.6,0.5,0,none,0.0
2042-10-14,M06,Pump,0.57,36.85,3.77,15.8,529.7,idle,159.43,17.8,0.5,0,none,0.0
2042-10-15,M06,Pump,0.52,40.98,3.32,21.3,547.1,idle,159.63,14.1,0.5,0,none,0.0
2042-10-16,M06,Pump,0.6,36.75,3.37,21.3,532.6,idle,159.9,11.4,0.5,0,none,0.0
2042-10-17,M06,Pump,0.63,35.01,3.8,22.1,531.1,idle,159.95,14.4,0.5,0,none,0.0
2042-10-18,M06,Pump,0.57,43.42,3.85,24.8,526.0,idle,160.17,8.9,0.5,0,none,0.0
2042-10-19,M06,Pump,0.68,35.87,3.59,19.6,530.9,idle,160.43,10.7,0.5,0,none,0.0
2042-10-20,M06,Pump,0.63,36.7,3.91,20.5,563.3,idle,160.58,14.4,0.5,0,none,0.0
2042-10-21,M06,Pump,0.5,36.7,3.59,20.1,552.1,idle,160.8,11.0,0.5,0,none,0.0
2042-10-22,M06,Pump,0.5,37.05,3.59,20.2,516.4,idle,161.28,15.4,0.5,0,none,0.0
2042-10-23,M06,Pump,0.6,39.6,3.78,15.0,541.1,idle,161.7,16.3,0.5,0,none,0.0
2042-10-24,M06,Pump,0.62,42.46,3.92,19.4,524.0,idle,162.18,11.6,0.5,0,none,0.0
2042-10-25,M06,Pump,0.52,38.37,3.35,23.0,556.5,idle,162.37,17.8,0.5,0,none,0.0
2042-10-26,M06,Pump,0.52,37.6,3.38,23.0,561.4,idle,162.63,10.9,0.5,0,none,0.0
2042-10-27,M06,Pump,0.55,41.22,3.48,17.2,501.5,idle,163.13,8.4,0.5,0,none,0.0
2042-10-28,M06,Pump,0.62,36.5,3.31,16.1,522.0,idle,163.28,13.3,0.5,0,none,0.0
2042-10-29,M06,Pump,0.63,37.03,3.92,17.9,523.2,idle,163.43,13.3,0.5,0,none,0.0
2042-10-30,M06,Pump,0.54,37.54,3.35,17.9,560.2,idle,163.68,15.9,0.5,0,none,0.0
2042-10-31,M06,Pump,0.64,43.75,3.37,19.6,516.0,idle,164.08,16.3,0.5,0,none,0.0
2042-11-01,M06,Pump,2.06,67.32,12.63,79.8,1247.5,normal,164.38,17.8,0.5,0,none,0.0
2042-11-02,M06,Pump,1.71,45.92,11.16,92.4,1245.6,normal,164.63,13.1,0.5,0,none,0.0
2042-11-03,M06,Pump,0.58,39.05,3.84,16.4,511.0,idle,164.93,9.8,0.5,0,none,0.0
2042-11-04,M06,Pump,0.63,40.72,3.41,23.5,523.0,idle,165.25,15.9,0.5,0,none,0.0
2042-11-05,M06,Pump,0.57,39.2,3.53,20.6,527.2,idle,165.53,10.0,0.5,0,none,0.0
2042-11-06,M06,Pump,0.55,44.04,3.52,22.0,524.3,idle,165.72,12.3,0.5,0,none,0.0
2042-11-07,M06,Pump,0.59,37.36,3.83,22.4,501.6,idle,165.92,11.1,0.5,0,none,0.0
2042-11-08,M06,Pump,0.51,44.22,3.92,20.1,534.5,idle,166.0,11.1,0.5,0,none,0.0
2042-11-09,M06,Pump,0.66,36.38,3.76,19.8,552.0,idle,166.2,10.1,0.5,0,none,0.0
2042-11-10,M06,Pump,0.51,40.93,3.69,23.4,547.4,idle,166.4,12.8,0.5,0,none,0.0
2042-11-11,M06,Pump,0.68,40.93,3.59,16.4,544.1,idle,166.85,8.5,0.5,0,none,0.0
2042-11-12,M06,Pump,2.14,46.72,12.12,84.0,1204.0,normal,167.15,9.1,0.5,0,none,0.0
2042-11-13,M06,Pump,0.64,41.82,3.72,23.6,505.7,idle,167.4,9.9,0.5,0,none,0.0
2042-11-14,M06,Pump,1.53,43.65,3.65,17.7,551.7,idle,167.57,13.0,0.5,0,none,0.0
2042-11-15,M06,Pump,2.15,60.86,12.58,92.7,1243.3,normal,167.98,15.4,0.5,0,none,0.0
2042-11-16,M06,Pump,2.13,59.14,11.47,105.3,1302.9,normal,168.1,12.0,0.5,0,none,0.0
2042-11-17,M06,Pump,2.53,79.82,15.08,147.6,1851.1,peak,168.17,10.2,0.5,0,none,0.0
2042-11-18,M06,Pump,1.77,50.11,12.76,113.1,1274.8,normal,168.63,13.9,0.5,0,none,0.0
2042-11-19,M06,Pump,1.81,52.85,12.15,86.1,1272.3,normal,168.97,11.8,0.5,0,none,0.0
2042-11-20,M06,Pump,1.9,55.96,11.21,83.5,1344.6,normal,169.42,17.7,0.5,0,none,0.0
2042-11-21,M06,Pump,2.19,54.8,12.58,112.1,1217.5,normal,169.62,13.9,0.5,0,none,0.0
2042-11-22,M06,Pump,0.56,38.14,3.72,20.8,564.6,idle,169.95,14.9,0.5,0,none,0.0
2042-11-23,M06,Pump,2.1,64.71,12.78,119.7,1249.9,normal,170.03,14.0,0.5,0,none,0.0
2042-11-24,M06,Pump,1.81,58.15,12.38,98.1,1327.2,normal,170.23,13.8,0.5,0,none,0.0
2042-11-25,M06,Pump,2.98,78.54,15.91,161.1,1753.6,peak,170.55,16.3,0.5,0,none,0.0
2042-11-26,M06,Pump,0.53,43.46,3.81,19.2,562.2,idle,170.93,9.6,0.5,0,none,0.0
2042-11-27,M06,Pump,1.88,59.58,12.27,87.6,1242.7,normal,171.33,13.9,0.5,0,none,0.0
2042-11-28,M06,Pump,2.16,49.22,11.35,102.9,1213.8,normal,171.72,17.0,0.5,0,none,0.0
2042-11-29,M06,Pump,0.68,36.0,3.73,18.4,556.3,idle,171.83,11.9,0.5,0,none,0.0
2042-11-30,M06,Pump,2.75,75.82,16.97,141.7,1836.7,peak,172.25,15.8,0.5,0,none,0.0
2042-12-01,M06,Pump,2.19,60.89,12.48,79.7,1203.2,normal,172.43,17.4,0.5,0,none,0.0
2042-12-02,M06,Pump,0.51,44.92,3.99,18.4,520.4,idle,172.9,15.2,0.5,0,none,0.0
2042-12-03,M06,Pump,1.77,52.57,11.74,116.9,1329.9,normal,173.23,9.7,0.5,0,none,0.0
2042-12-04,M06,Pump,2.07,59.87,12.53,116.4,1271.4,normal,173.73,15.8,0.5,0,none,0.0
2042-12-05,M06,Pump,1.87,51.5,12.36,127.9,1287.2,normal,174.02,15.1,0.5,0,none,0.0
2042-12-06,M06,Pump,0.68,35.14,3.86,23.5,544.2,idle,174.23,9.3,0.5,0,none,0.0
2042-12-07,M06,Pump,0.69,40.9,3.47,17.2,538.9,idle,174.53,16.4,0.5,0,none,0.0
2042-12-08,M06,Pump,2.15,46.66,12.21,118.0,1217.3,normal,174.58,8.7,0.5,0,none,0.0
2042-12-09,M06,Pump,1.76,53.42,11.55,88.3,1229.8,normal,175.0,15.3,0.5,0,none,0.0
2042-12-10,M06,Pump,1.76,41.11,3.78,22.0,537.3,idle,175.35,14.6,0.5,0,none,0.0
2042-12-11,M06,Pump,0.69,43.81,3.97,18.9,561.4,idle,175.72,16.2,0.5,0,none,0.0
2042-12-12,M06,Pump,2.08,52.82,11.21,113.5,1220.5,normal,175.9,9.9,0.5,0,none,0.0
2042-12-13,M06,Pump,2.58,52.82,16.36,113.5,1220.5,peak,176.25,12.5,0.5,0,none,0.0
2042-12-14,M06,Pump,2.04,52.13,12.37,100.8,1328.5,normal,176.32,17.3,0.5,0,none,0.0
2042-12-15,M06,Pump,1.9,55.77,11.87,120.2,1343.0,normal,176.75,11.0,0.5,0,none,0.0
2042-12-16,M06,Pump,2.6,77.13,16.41,162.4,1824.1,peak,176.92,16.1,0.5,0,none,0.0
2042-12-17,M06,Pump,1.75,53.48,12.1,99.7,1228.0,normal,177.37,17.3,0.5,0,none,0.0
2042-12-18,M06,Pump,1.72,60.81,12.99,125.8,1302.5,normal,177.62,16.7,0.5,0,none,0.0
2042-12-19,M06,Pump,1.72,73.84,16.24,141.5,1856.1,peak,177.92,17.8,0.5,0,none,0.0
2042-12-20,M06,Pump,2.18,64.8,12.07,119.0,1341.6,normal,178.0,15.3,0.5,0,none,0.0
2042-12-21,M06,Pump,1.81,63.24,11.54,123.6,1214.8,normal,178.37,13.3,0.5,0,none,0.0
2042-12-22,M06,Pump,0.54,42.21,3.42,16.6,538.9,idle,178.57,16.5,0.5,0,none,0.0
2042-12-23,M06,Pump,0.67,37.68,3.89,23.1,540.5,idle,178.65,13.8,0.5,0,none,0.0
2042-12-24,M06,Pump,2.79,70.61,15.73,146.6,1772.5,peak,179.0,12.9,0.5,0,none,0.0
2042-12-25,M06,Pump,1.89,53.16,12.46,109.1,1337.0,normal,179.32,17.5,0.5,0,none,0.0
2042-12-26,M06,Pump,1.77,46.37,12.07,78.0,1318.2,normal,179.52,16.9,0.5,0,none,0.0
2042-12-27,M06,Pump,0.6,39.88,3.55,18.8,530.2,idle,179.55,14.2,0.5,0,none,0.0
2042-12-28,M06,Pump,2.41,71.25,16.01,143.8,1866.8,peak,180.03,15.2,0.5,0,none,0.0
2042-12-29,M06,Pump,0.55,35.98,3.46,18.6,502.5,idle,180.4,16.3,0.5,0,none,0.0
2042-12-30,M06,Pump,1.77,52.45,11.62,119.6,1326.5,normal,180.67,8.5,0.5,0,none,0.0
2042-12-31,M06,Pump,1.8,47.85,12.27,119.8,1344.6,normal,180.87,16.6,0.5,0,none,0.0
2043-01-01,M06,Pump,1.7,54.51,12.47,121.1,1209.3,normal,181.12,10.2,0.5,0,none,0.0
2043-01-02,M06,Pump,2.04,51.65,11.15,103.4,1223.7,normal,181.57,14.3,0.5,0,none,0.0
2043-01-03,M06,Pump,2.07,62.05,12.68,97.6,1202.0,normal,181.95,13.0,0.5,0,none,0.0
2043-01-04,M06,Pump,1.83,55.76,12.39,97.9,1280.4,normal,182.38,15.2,0.5,0,none,0.0
2043-01-05,M06,Pump,0.6,55.76,12.39,97.9,1280.4,idle,182.8,16.4,0.5,0,none,0.0
2043-01-06,M06,Pump,0.64,36.11,3.64,22.0,506.1,idle,183.0,14.7,0.5,0,none,0.0
2043-01-07,M06,Pump,0.66,36.11,3.65,24.4,540.0,idle,183.03,9.2,0.5,0,none,0.0
2043-01-08,M06,Pump,0.58,35.07,3.39,20.8,534.6,idle,183.37,13.8,0.5,0,none,0.0
2043-01-09,M06,Pump,0.57,44.23,3.53,20.4,539.8,idle,183.4,16.6,0.5,0,none,0.0
2043-01-10,M06,Pump,1.96,55.98,11.67,125.3,1267.6,normal,183.5,17.8,0.5,0,none,0.0
2043-01-11,M06,Pump,0.61,41.56,3.35,22.8,535.9,idle,183.68,16.7,0.5,0,none,0.0
2043-01-12,M06,Pump,0.63,42.72,3.91,18.9,556.8,idle,183.9,15.2,0.5,0,none,0.0
2043-01-13,M06,Pump,0.55,41.6,3.91,18.9,556.8,idle,183.95,14.9,0.5,0,none,0.0
2043-01-14,M06,Pump,0.55,35.31,3.74,18.2,551.5,idle,184.15,16.0,0.5,0,none,0.0
2043-01-15,M06,Pump,0.51,37.17,3.59,18.8,509.2,idle,184.63,9.2,0.5,0,none,0.0
2043-01-16,M06,Pump,0.7,37.84,3.8,17.2,561.5,idle,184.82,16.8,0.5,0,none,0.0
2043-01-17,M06,Pump,0.58,44.01,3.54,15.1,536.2,idle,185.0,12.6,0.5,0,none,0.0
2043-01-18,M06,Pump,0.6,36.2,3.46,22.8,502.6,idle,185.23,11.4,0.5,0,none,0.0
2043-01-19,M06,Pump,0.6,40.3,3.78,15.4,541.0,idle,185.63,13.3,0.5,0,none,0.0
2043-01-20,M06,Pump,0.6,37.65,3.65,24.1,508.9,idle,185.77,12.0,0.5,0,none,0.0
2043-01-21,M06,Pump,0.53,41.69,3.56,21.2,569.8,idle,186.03,14.9,0.5,0,none,0.0
2043-01-22,M06,Pump,0.7,38.54,3.65,24.1,506.4,idle,186.33,12.0,0.5,0,none,0.0
2043-01-23,M06,Pump,0.59,38.78,3.51,24.9,551.4,idle,186.48,10.4,0.5,0,none,0.0
2043-01-24,M06,Pump,0.58,43.29,3.64,23.7,518.6,idle,186.83,8.1,0.5,0,none,0.0
2043-01-25,M06,Pump,0.54,37.47,3.68,17.9,510.3,idle,187.03,17.8,0.5,0,none,0.0
2043-01-26,M06,Pump,0.7,44.0,3.74,23.9,565.5,idle,187.47,12.3,0.5,0,none,0.0
2043-01-27,M06,Pump,0.7,40.19,3.92,23.9,565.5,idle,187.68,10.9,0.5,0,none,0.0
2043-01-28,M06,Pump,0.57,39.46,3.95,21.6,561.3,idle,188.07,14.5,0.5,0,none,0.0
2043-01-29,M06,Pump,0.65,38.1,3.8,16.9,528.6,idle,188.55,11.8,0.5,0,none,0.0
2043-01-30,M06,Pump,0.66,41.12,3.88,17.6,552.5,idle,188.88,9.9,0.5,0,none,0.0
2043-01-31,M06,Pump,0.54,40.45,3.6,20.6,509.5,idle,189.1,9.2,0.5,0,none,0.0
2043-02-01,M06,Pump,0.57,41.67,3.69,20.5,535.8,idle,189.33,11.9,0.5,0,none,0.0
2043-02-02,M06,Pump,0.69,44.35,3.55,18.5,538.8,idle,189.72,14.6,0.5,0,none,0.0
2043-02-03,M06,Pump,0.52,38.03,3.46,17.2,544.7,idle,190.18,10.4,0.5,0,none,0.0
2043-02-04,M06,Pump,0.58,36.71,3.92,23.7,560.4,idle,190.47,8.3,0.5,0,none,0.0
2043-02-05,M06,Pump,0.58,35.57,3.37,17.8,515.4,idle,190.58,12.2,0.5,0,none,0.0
2043-02-06,M06,Pump,0.67,44.86,3.87,22.3,541.2,idle,191.02,12.1,0.5,0,none,0.0
2043-02-07,M06,Pump,2.86,84.21,16.2,143.9,1774.6,peak,191.22,10.9,0.5,0,none,0.0
2043-02-08,M06,Pump,1.99,52.67,12.82,109.8,1301.5,normal,191.52,16.1,0.5,0,none,0.0
2043-02-09,M06,Pump,1.7,56.47,11.86,114.7,1257.4,normal,191.68,15.0,0.5,0,none,0.0
2043-02-10,M06,Pump,2.19,60.41,12.32,125.8,1349.3,normal,191.93,16.9,0.5,0,none,0.0
2043-02-11,M06,Pump,2.52,82.16,15.32,151.4,1765.0,peak,192.28,12.6,0.5,0,none,0.0
2043-02-12,M06,Pump,2.01,55.78,12.26,113.2,1292.9,normal,192.48,10.0,0.5,0,none,0.0
2043-02-13,M06,Pump,0.56,43.37,3.69,19.9,569.1,idle,192.8,14.3,0.5,0,none,0.0
2043-02-14,M06,Pump,1.84,57.14,12.36,84.5,1253.1,normal,192.98,10.7,0.5,0,none,0.0
2043-02-15,M06,Pump,2.88,73.55,15.99,155.8,1850.7,peak,193.2,8.4,0.5,0,none,0.0
2043-02-16,M06,Pump,2.06,64.92,11.79,114.7,1309.8,normal,193.58,8.0,0.5,0,none,0.0
2043-02-17,M06,Pump,2.58,84.52,16.73,147.2,1851.3,peak,193.87,8.1,0.5,0,none,0.0
2043-02-18,M06,Pump,2.06,54.92,12.73,113.9,1298.7,normal,193.97,10.1,0.5,0,none,0.0
2043-02-19,M06,Pump,2.53,76.12,15.87,158.3,1842.8,peak,194.07,13.1,0.5,0,none,0.0
2043-02-20,M06,Pump,1.74,52.08,11.95,116.3,1311.5,normal,194.15,10.6,0.5,0,none,0.0
2043-02-21,M06,Pump,1.74,47.69,11.59,91.2,1317.2,normal,194.32,13.3,0.5,0,none,0.0
2043-02-22,M06,Pump,1.79,55.69,12.34,128.2,1349.9,normal,194.65,11.2,0.5,0,none,0.0
2043-02-23,M06,Pump,2.97,80.77,16.49,159.0,1879.4,peak,194.78,13.8,0.5,0,none,0.0
2043-02-24,M06,Pump,1.46,39.46,3.59,19.6,546.2,idle,195.12,12.2,0.5,0,none,0.0
2043-02-25,M06,Pump,2.09,65.02,11.91,96.9,1347.5,normal,195.35,15.6,0.5,0,none,0.0
2043-02-26,M06,Pump,0.55,37.22,3.8,16.8,528.0,idle,195.73,14.3,0.5,0,none,0.0
2043-02-27,M06,Pump,2.58,72.53,16.16,149.3,1819.3,peak,196.13,13.7,0.5,0,none,0.0
2043-02-28,M06,Pump,1.8,62.66,11.63,149.3,1237.8,normal,196.25,15.6,0.5,0,none,0.0
2043-03-01,M06,Pump,2.66,76.95,16.06,164.2,1885.7,peak,196.42,13.1,0.5,0,none,0.0
2043-03-02,M06,Pump,2.0,45.89,12.22,82.7,1306.5,normal,196.85,11.2,0.5,0,none,0.0
2043-03-03,M06,Pump,1.9,64.27,12.89,99.7,1269.1,normal,197.07,15.1,0.5,0,none,0.0
2043-03-04,M06,Pump,0.62,36.97,3.95,19.3,511.7,idle,197.53,11.3,0.5,0,none,0.0
2043-03-05,M06,Pump,0.65,37.19,3.4,20.6,547.0,idle,197.95,9.4,0.5,0,none,0.0
2043-03-06,M06,Pump,1.98,60.1,11.23,102.8,1253.5,normal,198.23,10.7,0.5,0,none,0.0
2043-03-07,M06,Pump,2.19,46.14,11.6,127.0,1347.5,normal,198.37,17.7,0.5,0,none,0.0
2043-03-08,M06,Pump,2.11,46.75,12.12,98.8,1321.0,normal,198.82,13.6,0.5,0,none,0.0
2043-03-09,M06,Pump,0.51,36.97,3.64,16.6,548.5,idle,198.9,15.6,0.5,0,none,0.0
2043-03-10,M06,Pump,0.66,42.05,3.61,23.8,509.6,idle,199.37,10.7,0.5,0,none,0.0
2043-03-11,M06,Pump,0.55,39.9,3.34,16.0,527.8,idle,199.78,8.4,0.5,0,none,0.0
2043-03-12,M06,Pump,2.97,83.63,15.93,143.6,1776.7,peak,199.97,13.9,0.5,0,none,0.0
2043-03-13,M06,Pump,1.89,49.83,11.17,113.0,1287.2,normal,200.4,8.7,0.5,0,none,0.0
2043-03-14,M06,Pump,1.85,62.92,12.55,103.5,1214.5,normal,200.68,12.7,0.5,0,none,0.0
2043-03-15,M06,Pump,0.68,41.69,3.47,21.1,528.4,idle,201.05,17.6,0.5,0,none,0.0
2043-03-16,M06,Pump,0.63,39.74,3.64,22.4,543.0,idle,201.2,10.1,0.5,0,none,0.0
2043-03-17,M06,Pump,0.52,35.65,3.51,19.3,519.3,idle,201.38,12.5,0.5,0,none,0.0
2043-03-18,M06,Pump,2.03,49.49,12.41,118.2,1218.7,normal,201.85,10.3,0.5,0,none,0.0
2043-03-19,M06,Pump,2.03,67.11,11.39,125.3,1290.9,normal,201.88,14.2,0.5,0,none,0.0
2043-03-20,M06,Pump,2.75,70.78,16.5,152.0,1858.2,peak,201.97,11.5,0.5,0,none,0.0
2043-03-21,M06,Pump,2.75,40.24,16.5,152.0,511.2,idle,202.27,16.7,0.5,0,none,0.0
2043-03-22,M06,Pump,2.75,47.84,11.77,95.4,1329.8,normal,202.3,9.3,0.5,0,none,0.0
2043-03-23,M06,Pump,1.94,86.14,12.47,122.2,1214.8,normal,202.4,15.9,0.5,0,none,0.0
2043-03-24,M06,Pump,2.55,72.03,15.93,158.0,1775.4,peak,202.45,8.7,0.5,0,none,0.0
2043-03-25,M06,Pump,1.77,59.14,11.46,102.9,1207.7,normal,202.93,16.7,0.5,0,none,0.0
2043-03-26,M06,Pump,2.04,57.45,12.29,92.3,1241.8,normal,203.43,8.3,0.5,0,none,0.0
2043-03-27,M06,Pump,2.1,61.53,12.16,110.7,1214.1,normal,203.8,12.6,0.5,0,none,0.0
2043-03-28,M06,Pump,2.13,62.71,12.18,125.8,1225.3,normal,203.83,10.8,0.5,0,none,0.0
2043-03-29,M06,Pump,2.04,67.15,11.62,78.8,1310.2,normal,203.87,14.9,0.5,0,none,0.0
2043-03-30,M06,Pump,1.7,65.07,11.11,111.9,1256.6,normal,204.27,15.0,0.5,0,none,0.0
2043-03-31,M06,Pump,1.8,65.66,12.49,95.7,1242.6,normal,204.35,9.6,0.5,0,none,0.0
2043-04-01,M06,Pump,2.84,82.55,16.43,156.0,1242.6,peak,204.57,10.4,0.5,0,none,0.0
2043-04-02,M06,Pump,2.13,62.24,12.03,104.6,1285.4,normal,204.88,8.6,0.5,0,none,0.0
2043-04-03,M06,Pump,0.67,42.42,3.9,20.1,543.7,idle,205.17,11.1,0.5,0,none,0.0
2043-04-04,M06,Pump,2.91,73.48,15.89,155.5,1887.3,peak,205.53,9.4,0.5,0,none,0.0
2043-04-05,M06,Pump,1.71,49.89,11.47,95.0,1242.3,normal,205.7,12.7,0.5,0,none,0.0
2043-04-06,M06,Pump,0.62,43.86,3.75,17.4,560.5,idle,206.03,13.6,0.5,0,none,0.0
2043-04-07,M06,Pump,0.63,37.19,3.75,22.9,551.7,idle,206.13,17.8,0.5,0,none,0.0
2043-04-08,M06,Pump,2.75,72.17,16.61,147.7,1865.7,peak,206.62,12.1,0.5,0,none,0.0
2043-04-09,M06,Pump,2.02,51.08,11.42,84.8,1236.3,normal,206.73,8.8,0.5,0,none,0.0
2043-04-10,M06,Pump,0.53,41.17,3.72,20.9,544.9,idle,207.02,15.9,0.5,0,none,0.0
2043-04-11,M06,Pump,1.36,44.14,3.46,20.9,505.5,idle,207.13,10.7,0.5,0,none,0.0
2043-04-12,M06,Pump,0.52,41.54,3.64,22.6,529.8,idle,207.63,14.7,0.5,0,none,0.0
2043-04-13,M06,Pump,0.53,43.72,3.36,16.9,519.4,idle,207.75,9.1,0.5,0,none,0.0
2043-04-14,M06,Pump,0.7,39.17,3.65,22.7,544.5,idle,208.22,8.4,0.5,0,none,0.0
2043-04-15,M06,Pump,0.7,39.86,3.98,23.0,528.1,idle,208.4,12.3,0.5,0,none,0.0
2043-04-16,M06,Pump,0.58,44.29,3.78,21.2,553.0,idle,208.8,8.5,0.5,0,none,0.0
2043-04-17,M06,Pump,0.58,36.59,3.52,20.6,501.3,idle,208.83,12.0,0.5,0,none,0.0
2043-04-18,M06,Pump,0.59,42.56,3.41,15.7,558.5,idle,209.23,8.6,0.5,0,none,0.0
2043-04-19,M06,Pump,0.62,36.77,3.41,21.6,523.4,idle,209.33,8.3,0.5,0,none,0.0
2043-04-20,M06,Pump,0.58,36.56,3.41,20.1,523.4,idle,209.53,10.4,0.5,0,none,0.0
2043-04-21,M06,Pump,0.68,35.16,3.35,16.6,502.1,idle,210.03,15.2,0.5,0,none,0.0
2043-04-22,M06,Pump,0.63,41.34,3.45,16.5,510.2,idle,210.1,10.0,0.5,0,none,0.0
2043-04-23,M06,Pump,0.69,41.94,3.71,18.2,530.3,idle,210.42,8.1,0.5,0,none,0.0
2043-04-24,M06,Pump,0.52,44.98,3.83,21.2,541.1,idle,210.68,11.1,0.5,0,none,0.0
2043-04-25,M06,Pump,0.6,37.57,3.46,20.5,504.9,idle,210.73,10.4,0.5,0,none,0.0
2043-04-26,M06,Pump,1.74,37.57,3.46,125.5,1201.6,normal,210.93,13.6,0.5,0,none,0.0
2043-04-27,M06,Pump,0.52,40.83,3.89,24.5,560.2,idle,210.97,12.6,0.5,0,none,0.0
2043-04-28,M06,Pump,0.64,37.01,3.35,15.5,560.2,idle,211.32,9.9,0.5,0,none,0.0
2043-04-29,M06,Pump,0.51,42.39,3.8,15.8,563.5,idle,211.75,12.5,0.5,0,none,0.0
2043-04-30,M06,Pump,0.6,44.04,3.93,17.0,526.6,idle,211.87,10.0,0.5,0,none,0.0
2043-05-01,M06,Pump,0.53,42.75,3.65,24.3,514.6,idle,212.33,8.4,0.5,0,none,0.0
2043-05-02,M06,Pump,0.64,44.89,3.77,15.7,541.2,idle,212.63,8.8,0.5,0,none,0.0
2043-05-03,M06,Pump,0.54,35.31,3.53,15.7,555.2,idle,212.87,9.9,0.5,0,none,0.0
2043-05-04,M06,Pump,0.57,42.33,3.31,15.2,502.1,idle,212.9,10.5,0.5,0,none,0.0
2043-05-05,M06,Pump,1.81,53.6,12.22,129.3,1253.2,normal,213.38,15.7,0.5,0,none,0.0
2043-05-06,M06,Pump,0.51,36.95,3.93,22.0,555.3,idle,213.8,9.1,0.5,0,none,0.0
2043-05-07,M06,Pump,0.52,36.35,3.38,23.6,514.7,idle,214.08,9.7,0.5,0,none,0.0
2043-05-08,M06,Pump,2.02,56.87,12.09,88.2,1295.3,normal,214.53,8.7,0.5,0,none,0.0
2043-05-09,M06,Pump,1.72,67.85,11.05,80.6,1248.7,normal,215.0,10.6,0.5,0,none,0.0
2043-05-10,M06,Pump,2.12,50.92,11.94,78.9,1211.8,normal,215.15,17.8,0.5,0,none,0.0
2043-05-11,M06,Pump,0.62,36.94,3.79,22.9,559.5,idle,215.25,15.6,0.5,0,none,0.0
2043-05-12,M06,Pump,0.53,39.56,3.96,22.7,508.2,idle,215.43,17.3,0.5,0,none,0.0
2043-05-13,M06,Pump,1.95,66.21,11.88,121.5,1274.4,normal,215.53,9.4,0.5,0,none,0.0
2043-05-14,M06,Pump,1.75,48.4,11.09,88.2,1334.0,normal,215.9,9.4,0.5,0,none,0.0
2043-05-15,M06,Pump,2.03,61.99,12.24,98.1,1232.5,normal,216.02,13.9,0.5,0,none,0.0
2043-05-16,M06,Pump,2.16,56.84,11.96,129.8,1257.6,normal,216.45,17.5,0.5,0,none,0.0
2043-05-17,M06,Pump,0.67,43.62,3.46,15.9,568.3,idle,216.83,13.8,0.5,0,none,0.0
2043-05-18,M06,Pump,0.59,35.02,3.65,21.2,554.3,idle,217.02,12.5,0.5,0,none,0.0
2043-05-19,M06,Pump,2.17,66.05,12.88,79.7,1306.8,normal,217.48,9.8,0.5,0,none,0.0
2043-05-20,M06,Pump,1.81,49.31,12.6,99.7,1337.5,normal,217.83,14.7,0.5,0,none,0.0
2043-05-21,M06,Pump,1.72,63.45,11.27,87.2,1271.6,normal,218.08,11.5,0.5,0,none,0.0
2043-05-22,M06,Pump,1.9,56.18,12.88,112.2,1243.5,normal,218.17,9.3,0.5,0,none,0.0
2043-05-23,M06,Pump,1.79,54.66,11.9,109.3,1239.9,normal,218.42,12.7,0.5,0,none,0.0
2043-05-24,M06,Pump,2.08,47.26,12.12,110.4,1231.0,normal,218.88,13.6,0.5,0,none,0.0
2043-05-25,M06,Pump,2.11,59.15,12.29,103.9,1336.4,normal,219.27,17.5,0.5,0,none,0.0
2043-05-26,M06,Pump,0.64,38.82,3.47,15.7,511.6,idle,219.73,13.8,0.5,0,none,0.0
2043-05-27,M06,Pump,2.2,54.36,12.8,86.9,1263.8,normal,219.95,8.4,0.5,0,none,0.0
2043-05-28,M06,Pump,2.18,47.1,12.19,125.8,1342.5,normal,220.03,14.7,0.5,0,none,0.0
2043-05-29,M06,Pump,2.91,82.84,16.3,145.5,1859.6,peak,220.23,13.4,0.5,0,none,0.0
2043-05-30,M06,Pump,2.19,57.1,11.52,107.8,1303.6,normal,220.7,16.1,0.5,0,none,0.0
2043-05-31,M06,Pump,0.54,42.19,3.71,21.1,521.4,idle,221.02,17.9,0.5,0,none,0.0
2043-06-01,M06,Pump,1.78,59.34,12.17,95.6,1244.4,normal,221.42,14.1,0.5,0,none,0.0
2043-06-02,M06,Pump,0.57,39.9,3.98,22.6,559.6,idle,221.73,10.6,0.5,0,none,0.0
2043-06-03,M06,Pump,0.57,57.1,11.41,115.5,1263.2,normal,222.05,16.8,0.5,0,none,0.0
2043-06-04,M06,Pump,0.65,39.09,3.38,16.7,556.8,idle,222.35,9.3,0.5,0,none,0.0
2043-06-05,M06,Pump,1.83,51.08,12.86,112.2,1217.2,normal,222.62,8.6,0.5,0,none,0.0
2043-06-06,M06,Pump,1.77,51.26,12.19,117.2,1241.2,normal,222.65,10.7,0.5,0,none,0.0
2043-06-07,M06,Pump,2.14,47.51,11.42,128.5,1220.2,normal,222.92,13.1,0.5,0,none,0.0
2043-06-08,M06,Pump,2.14,61.19,11.15,103.2,1277.8,normal,223.07,14.6,0.5,0,none,0.0
2043-06-09,M06,Pump,2.96,61.19,15.89,142.8,1845.9,peak,223.13,9.1,0.5,0,none,0.0
2043-06-10,M06,Pump,1.81,46.78,12.99,92.0,1221.2,normal,223.18,14.2,0.5,0,none,0.0
2043-06-11,M06,Pump,2.05,63.9,11.13,83.5,1213.5,normal,223.52,12.4,0.5,0,none,0.0
2043-06-12,M06,Pump,1.72,60.17,12.18,112.5,1275.8,normal,223.57,13.7,0.5,0,none,0.0
2043-06-13,M06,Pump,0.66,40.47,3.94,19.9,555.4,idle,223.98,17.3,0.5,0,none,0.0
2043-06-14,M06,Pump,0.66,39.35,3.89,16.1,539.5,idle,224.42,17.7,0.5,0,none,0.0
2043-06-15,M06,Pump,2.06,62.26,12.18,101.3,1239.1,normal,224.65,15.3,0.5,0,none,0.0
2043-06-16,M06,Pump,0.68,38.7,3.86,15.3,516.2,idle,224.75,15.9,0.5,0,none,0.0
2043-06-17,M06,Pump,1.87,60.45,11.64,80.2,1226.1,normal,224.9,10.7,0.5,0,none,0.0
2043-06-18,M06,Pump,1.83,49.05,11.41,118.0,1261.8,normal,225.15,17.4,0.5,0,none,0.0
2043-06-19,M06,Pump,1.9,67.23,11.89,126.2,1244.9,normal,225.2,9.2,0.5,0,none,0.0
2043-06-20,M06,Pump,2.64,75.94,16.09,154.6,1787.2,peak,225.53,12.1,0.5,0,none,0.0
2043-06-21,M06,Pump,2.1,56.42,11.01,108.8,1319.7,normal,225.7,9.5,0.5,0,none,0.0
2043-06-22,M06,Pump,1.83,45.87,12.61,128.8,1211.5,normal,226.18,8.7,0.5,0,none,0.0
2043-06-23,M06,Pump,2.17,53.26,12.88,111.7,1333.5,normal,226.3,15.3,0.5,0,none,0.0
2043-06-24,M06,Pump,2.87,70.42,15.13,153.1,1769.4,peak,226.68,9.5,0.5,0,none,0.0
2043-06-25,M06,Pump,1.93,66.96,11.59,103.4,1257.6,normal,226.72,11.3,0.5,0,none,0.0
2043-06-26,M06,Pump,2.01,49.46,11.52,122.7,1321.7,normal,227.22,10.2,0.5,0,none,0.0
2043-06-27,M06,Pump,2.09,62.73,11.92,115.9,1258.1,normal,227.27,13.5,0.5,0,none,0.0
2043-06-28,M06,Pump,1.75,54.05,11.32,98.3,1244.6,normal,227.5,10.9,0.5,0,none,0.0
2043-06-29,M06,Pump,2.76,75.42,16.41,152.8,1887.9,peak,227.9,12.5,0.5,0,none,0.0
2043-06-30,M06,Pump,1.75,60.82,12.34,127.4,1255.7,normal,228.23,8.0,0.5,0,none,0.0
2043-07-01,M06,Pump,1.85,48.97,11.53,104.1,1325.7,normal,228.53,15.7,0.5,0,none,0.0
2043-07-02,M06,Pump,1.85,72.37,15.54,142.5,1889.0,peak,228.87,9.2,0.5,0,none,0.0
2043-07-03,M06,Pump,2.14,52.1,11.49,125.1,1200.3,normal,228.95,8.0,0.5,0,none,0.0
2043-07-04,M06,Pump,2.76,83.74,16.02,140.1,1782.8,peak,229.28,16.5,0.5,0,none,0.0
2043-07-05,M06,Pump,2.16,45.39,11.79,119.1,1325.7,normal,229.52,15.4,0.5,0,none,0.0
2043-07-06,M06,Pump,0.6,45.39,11.79,17.6,517.9,idle,229.62,9.4,0.5,0,none,0.0
2043-07-07,M06,Pump,2.1,48.55,11.01,95.5,1273.7,normal,229.9,12.6,0.5,0,none,0.0
2043-07-08,M06,Pump,2.05,62.97,12.33,110.6,1299.9,normal,230.37,13.3,0.5,0,none,0.0
2043-07-09,M06,Pump,0.55,38.82,3.73,15.7,520.7,idle,230.8,12.6,0.5,0,none,0.0
2043-07-10,M06,Pump,0.58,40.33,3.64,22.2,533.1,idle,231.2,11.9,0.5,0,none,0.0
2043-07-11,M06,Pump,0.68,38.8,3.67,15.0,521.7,idle,231.52,11.4,0.5,0,none,0.0
2043-07-12,M06,Pump,2.13,52.67,11.51,106.3,1211.8,normal,231.83,17.5,0.5,0,none,0.0
2043-07-13,M06,Pump,1.97,51.98,11.77,119.2,1299.3,normal,232.32,13.5,0.5,0,none,0.0
2043-07-14,M06,Pump,1.92,58.28,12.53,116.8,1227.8,normal,232.6,11.9,0.5,0,none,0.0
2043-07-15,M06,Pump,0.56,38.48,3.43,116.8,512.2,idle,232.65,17.2,0.5,0,none,0.0
2043-07-16,M06,Pump,0.56,40.46,3.43,21.1,551.8,idle,233.12,13.9,0.5,0,none,0.0
2043-07-17,M06,Pump,0.57,39.66,3.34,21.0,525.0,idle,233.28,10.5,0.5,0,none,0.0
2043-07-18,M06,Pump,1.92,54.72,12.26,107.8,1263.3,normal,233.37,15.2,0.5,0,none,0.0
2043-07-19,M06,Pump,1.71,59.28,12.76,118.0,1263.3,normal,233.52,8.8,0.5,0,none,0.0
2043-07-20,M06,Pump,0.53,59.28,3.68,17.4,502.4,idle,233.6,8.9,0.5,0,none,0.0
2043-07-21,M06,Pump,0.58,37.88,3.48,24.5,516.7,idle,233.67,13.6,0.5,0,none,0.0
2043-07-22,M06,Pump,0.53,36.25,3.86,22.1,509.1,idle,233.88,11.3,0.5,0,none,0.0
2043-07-23,M06,Pump,0.54,42.47,3.49,24.8,537.8,idle,233.98,17.6,0.5,0,none,0.0
2043-07-24,M06,Pump,0.54,42.47,3.52,17.9,522.9,idle,234.17,8.2,0.5,0,none,0.0
2043-07-25,M06,Pump,0.65,36.73,3.57,15.3,557.9,idle,234.53,16.5,0.5,0,none,0.0
2043-07-26,M06,Pump,0.57,37.48,3.71,15.3,556.9,idle,234.57,10.0,0.5,0,none,0.0
2043-07-27,M06,Pump,0.57,43.12,3.63,16.0,559.2,idle,235.0,12.1,0.5,0,none,0.0
2043-07-28,M06,Pump,0.61,41.02,3.96,20.6,500.4,idle,235.03,11.8,0.5,0,none,0.0
2043-07-29,M06,Pump,0.67,37.85,3.65,17.1,520.8,idle,235.37,10.5,0.5,0,none,0.0
2043-07-30,M06,Pump,2.04,54.88,12.25,120.8,1251.1,normal,235.7,10.7,0.5,0,none,0.0
2043-07-31,M06,Pump,0.61,42.78,3.8,20.4,526.8,idle,235.93,9.5,0.5,0,none,0.0
2043-08-01,M06,Pump,0.61,39.33,3.54,22.0,508.8,idle,235.98,13.5,0.5,0,none,0.0
2043-08-02,M06,Pump,2.18,62.92,11.6,80.2,1306.7,normal,236.15,15.2,0.5,0,none,0.0
2043-08-03,M06,Pump,0.65,44.64,11.6,15.8,564.1,idle,236.6,15.7,0.5,0,none,0.0
2043-08-04,M06,Pump,0.55,42.22,3.34,22.6,508.9,idle,236.67,9.5,0.5,0,none,0.0
2043-08-05,M06,Pump,0.64,40.32,3.97,15.4,520.4,idle,236.77,13.1,0.5,0,none,0.0
2043-08-06,M06,Pump,1.73,65.22,12.19,105.8,1219.7,normal,237.12,10.9,0.5,0,none,0.0
2043-08-07,M06,Pump,0.6,38.99,3.52,22.7,504.3,idle,237.15,16.9,0.5,0,none,0.0
2043-08-08,M06,Pump,0.63,43.23,3.94,22.5,519.8,idle,237.25,11.5,0.5,0,none,0.0
2043-08-09,M06,Pump,0.62,43.23,3.38,21.4,559.6,idle,237.75,10.6,0.5,0,none,0.0
2043-08-10,M06,Pump,1.73,47.44,12.13,89.3,1291.8,normal,237.95,12.7,0.5,0,none,0.0
2043-08-11,M06,Pump,1.81,47.68,12.09,122.8,1302.8,normal,238.4,14.4,0.5,0,none,0.0
2043-08-12,M06,Pump,0.66,37.66,3.92,18.8,559.7,idle,238.53,9.6,0.5,0,none,0.0
2043-08-13,M06,Pump,0.59,37.68,3.48,20.7,505.5,idle,238.68,12.5,0.5,0,none,0.0
2043-08-14,M06,Pump,0.69,37.71,3.53,17.3,500.2,idle,238.72,9.6,0.5,0,none,0.0
2043-08-15,M06,Pump,2.82,78.86,16.62,141.0,1889.3,peak,238.8,13.6,0.5,0,none,0.0
2043-08-16,M06,Pump,1.87,66.0,11.21,116.7,1286.9,normal,238.9,11.3,0.5,0,none,0.0
2043-08-17,M06,Pump,1.88,46.82,12.21,79.4,1275.2,normal,239.22,12.2,0.5,0,none,0.0
2043-08-18,M06,Pump,2.0,61.85,12.98,91.5,1248.4,normal,239.28,15.9,0.5,0,none,0.0
2043-08-19,M06,Pump,1.87,61.83,12.86,128.7,1341.9,normal,239.48,8.2,0.5,0,none,0.0
2043-08-20,M06,Pump,0.68,44.91,3.56,24.5,553.3,idle,239.87,12.0,0.5,0,none,0.0
2043-08-21,M06,Pump,1.78,46.05,11.43,118.5,1294.8,normal,240.37,12.6,0.5,0,none,0.0
2043-08-22,M06,Pump,1.81,62.06,11.28,120.7,1319.1,normal,240.48,10.6,0.5,0,none,0.0
2043-08-23,M06,Pump,2.19,48.46,12.81,95.7,1262.4,normal,240.73,8.9,0.5,0,none,0.0
2043-08-24,M06,Pump,1.93,59.42,12.99,109.2,1339.0,normal,241.05,9.4,0.5,0,none,0.0
2043-08-25,M06,Pump,1.83,54.16,12.01,94.8,1346.5,normal,241.12,15.2,0.5,0,none,0.0
2043-08-26,M06,Pump,2.84,77.18,16.5,151.7,1752.6,peak,241.53,10.0,0.5,0,none,0.0
2043-08-27,M06,Pump,1.97,59.38,12.96,80.1,1276.8,normal,242.03,15.4,0.5,0,none,0.0
2043-08-28,M06,Pump,1.75,48.43,12.22,90.0,1312.4,normal,242.4,11.5,0.5,0,none,0.0
2043-08-29,M06,Pump,1.96,50.02,11.99,78.0,1329.4,normal,242.5,17.0,0.5,0,none,0.0
2043-08-30,M06,Pump,0.5,50.02,3.73,24.7,559.9,idle,242.82,8.1,0.5,0,none,0.0
2043-08-31,M06,Pump,1.83,49.52,12.25,120.8,1254.3,normal,243.23,15.5,0.5,0,none,0.0
2043-09-01,M06,Pump,2.66,71.73,15.31,154.2,1765.4,peak,243.38,15.7,0.5,0,none,0.0
2043-09-02,M06,Pump,2.52,73.52,15.89,154.2,1825.0,peak,243.8,15.5,0.5,0,none,0.0
2043-09-03,M06,Pump,2.16,45.56,12.26,121.5,1246.9,normal,243.98,8.5,0.5,0,none,0.0
2043-09-04,M06,Pump,1.77,46.0,12.29,106.7,1234.4,normal,244.48,9.8,0.5,0,none,0.0
2043-09-05,M06,Pump,2.9,81.03,15.55,158.8,1786.8,peak,244.58,12.2,0.5,0,none,0.0
2043-09-06,M06,Pump,0.64,36.19,3.78,17.4,540.1,idle,244.73,11.0,0.5,0,none,0.0
2043-09-07,M06,Pump,2.5,80.89,15.12,144.1,1777.6,peak,245.2,9.1,0.5,0,none,0.0
2043-09-08,M06,Pump,1.72,62.14,12.96,118.5,1329.1,normal,245.27,8.1,0.5,0,none,0.0
2043-09-09,M06,Pump,0.5,36.18,3.69,24.8,546.2,idle,245.55,16.0,0.5,0,none,0.0
2043-09-10,M06,Pump,2.62,72.19,15.31,24.8,1857.1,peak,245.68,11.1,0.5,0,none,0.0
2043-09-11,M06,Pump,1.72,64.6,12.88,124.2,1337.0,normal,246.17,10.3,0.5,0,none,0.0
2043-09-12,M06,Pump,2.41,84.67,15.73,161.7,1778.0,peak,246.48,8.8,0.5,0,none,0.0
2043-09-13,M06,Pump,1.92,46.02,11.08,127.0,1321.6,normal,246.73,9.6,0.5,0,none,0.0
2043-09-14,M06,Pump,0.61,40.25,3.82,18.4,553.3,idle,246.93,15.5,0.5,0,none,0.0
2043-09-15,M06,Pump,0.6,40.25,3.98,19.7,529.3,idle,247.03,14.7,0.5,0,none,0.0
2043-09-16,M06,Pump,2.15,65.76,12.98,106.6,1251.6,normal,247.15,17.9,0.5,0,none,0.0
2043-09-17,M06,Pump,1.82,45.78,12.45,90.1,1291.0,normal,247.45,12.2,0.5,0,none,0.0
2043-09-18,M06,Pump,2.16,66.85,11.01,94.5,1325.6,normal,247.9,11.5,0.5,0,none,0.0
2043-09-19,M06,Pump,0.61,43.08,3.9,19.4,525.1,idle,248.3,17.5,0.5,0,none,0.0
2043-09-20,M06,Pump,1.93,60.01,11.73,118.3,1335.6,normal,248.78,17.8,0.5,0,none,0.0
2043-09-21,M06,Pump,0.56,44.65,3.74,23.8,507.3,idle,249.13,16.8,0.5,0,none,0.0
2043-09-22,M06,Pump,0.55,38.21,3.51,16.7,560.8,idle,249.38,12.4,0.5,0,none,0.0
2043-09-23,M06,Pump,0.58,44.63,3.71,16.4,538.2,idle,249.87,15.9,0.5,0,none,0.0
2043-09-24,M06,Pump,0.58,44.63,11.0,126.5,1235.2,normal,250.05,16.3,0.5,0,none,0.0
2043-09-25,M06,Pump,2.04,56.85,11.0,92.7,1339.3,normal,250.43,8.6,0.5,0,none,0.0
2043-09-26,M06,Pump,2.16,56.8,11.52,83.3,1223.5,normal,250.57,8.4,0.5,0,none,0.0
2043-09-27,M06,Pump,0.6,38.08,3.33,19.6,552.2,idle,250.65,11.0,0.5,0,none,0.0
2043-09-28,M06,Pump,0.6,58.46,12.45,96.9,1274.4,normal,250.98,11.0,0.5,0,none,0.0
2043-09-29,M06,Pump,2.06,61.74,12.45,106.3,1338.6,normal,251.08,11.1,0.5,0,none,0.0
2043-09-30,M06,Pump,0.63,41.43,3.85,16.1,536.6,idle,251.25,11.1,0.5,0,none,0.0
2043-10-01,M06,Pump,0.69,38.62,3.51,21.0,515.5,idle,251.43,16.8,0.5,0,none,0.0
2043-10-02,M06,Pump,1.98,38.62,12.16,109.3,1262.8,normal,251.87,9.5,0.5,0,none,0.0
2043-10-03,M06,Pump,1.89,50.65,11.66,103.9,1237.2,normal,251.95,11.4,0.5,0,none,0.0
2043-10-04,M06,Pump,2.09,61.31,11.54,83.1,1200.0,normal,252.32,10.5,0.5,0,none,0.0
2043-10-05,M06,Pump,0.62,37.11,3.31,18.6,567.3,idle,252.73,9.6,0.5,0,none,0.0
2043-10-06,M06,Pump,2.04,64.73,11.29,81.8,1201.7,normal,252.9,9.7,0.5,0,none,0.0
2043-10-07,M06,Pump,0.69,38.0,3.62,18.9,551.1,idle,253.13,10.8,0.5,0,none,0.0
2043-10-08,M06,Pump,1.85,57.32,12.99,101.1,1282.7,normal,253.32,8.9,0.5,0,none,0.0
2043-10-09,M06,Pump,1.95,63.47,11.53,86.9,1313.1,normal,253.4,15.1,0.5,0,none,0.0
2043-10-10,M06,Pump,0.58,44.14,3.75,20.6,504.9,idle,253.68,13.5,0.5,0,none,0.0
2043-10-11,M06,Pump,2.07,60.78,12.28,91.9,1342.0,normal,253.75,12.6,0.5,0,none,0.0
2043-10-12,M06,Pump,0.56,36.52,3.99,22.5,529.0,idle,253.78,12.3,0.5,0,none,0.0
2043-10-13,M06,Pump,2.17,47.1,11.18,113.5,1226.7,normal,253.97,14.8,0.5,0,none,0.0
2043-10-14,M06,Pump,2.16,64.33,11.61,124.2,1206.4,normal,254.42,16.7,0.5,0,none,0.0
2043-10-15,M06,Pump,0.61,44.36,3.9,18.6,512.8,idle,254.72,15.2,0.5,0,none,0.0
2043-10-16,M06,Pump,0.54,40.15,3.72,15.3,529.0,idle,255.02,13.9,0.5,0,none,0.0
2043-10-17,M06,Pump,0.67,39.44,3.42,15.3,518.6,idle,255.27,17.9,0.5,0,none,0.0
2043-10-18,M06,Pump,0.66,36.94,3.6,19.9,535.0,idle,255.5,15.7,0.5,0,none,0.0
2043-10-19,M06,Pump,0.6,37.25,3.66,19.8,514.6,idle,255.72,16.2,0.5,0,none,0.0
2043-10-20,M06,Pump,0.7,43.66,3.92,21.9,511.2,idle,255.77,9.6,0.5,0,none,0.0
2043-10-21,M06,Pump,0.61,43.21,3.33,20.0,527.7,idle,256.27,10.0,0.5,0,none,0.0
2043-10-22,M06,Pump,0.54,38.78,3.99,22.2,521.0,idle,256.68,16.0,0.5,0,none,0.0
2043-10-23,M07,Pump,0.62,37.47,3.73,24.0,539.0,idle,136.5,9.0,61.17,0,none,0.0
2043-10-24,M07,Pump,0.65,39.53,3.67,21.9,556.9,idle,136.91,13.1,60.76,0,none,0.0
2043-10-25,M07,Pump,2.03,67.48,12.64,118.4,1326.8,normal,136.96,10.0,60.71,0,none,0.0
2043-10-26,M07,Pump,1.84,54.94,12.13,102.0,1327.1,normal,137.01,10.0,60.66,0,none,0.0
2043-10-27,M07,Pump,0.51,37.09,3.92,15.6,515.9,idle,137.36,16.3,60.31,0,none,0.0
2043-10-28,M07,Pump,0.57,42.53,3.7,24.6,515.8,idle,137.71,17.6,47.89,0,none,0.0
2043-10-29,M07,Pump,0.67,37.86,3.48,20.0,504.8,idle,137.78,10.8,47.82,0,none,0.0
2043-10-30,M07,Pump,0.58,38.6,3.42,23.6,526.7,idle,137.81,17.2,47.79,0,none,0.0
2043-10-31,M07,Pump,0.7,44.08,3.47,20.1,541.5,idle,138.1,10.4,47.51,0,none,0.0
2043-11-01,M07,Pump,0.7,57.83,3.8,15.3,532.5,idle,138.53,15.5,47.07,0,none,0.0
2043-11-02,M07,Pump,0.68,42.35,3.99,21.7,501.5,idle,138.86,15.6,46.74,0,none,0.0
2043-11-03,M07,Pump,0.69,44.44,3.48,16.1,535.6,idle,139.18,15.8,46.42,0,none,0.0
2043-11-04,M07,Pump,2.09,54.07,11.58,104.5,1245.4,normal,139.26,15.6,46.34,0,none,0.0
2043-11-05,M07,Pump,1.89,60.19,13.23,107.0,1296.1,normal,139.76,15.6,45.84,0,none,0.0
2043-11-06,M07,Pump,1.89,40.91,3.66,18.8,519.0,idle,139.98,14.2,45.62,0,none,0.0
2043-11-07,M07,Pump,2.17,64.48,12.73,125.4,1323.6,normal,140.41,15.2,45.19,0,none,0.0
2043-11-08,M07,Pump,0.69,64.48,3.99,21.1,547.3,idle,140.58,14.5,45.02,0,none,0.0
2043-11-09,M07,Pump,1.84,61.56,12.5,121.4,1307.9,normal,141.06,12.7,44.54,0,none,0.0
2043-11-10,M07,Pump,0.54,37.47,12.5,20.5,533.9,idle,141.36,11.6,44.24,0,none,0.0
2043-11-11,M07,Pump,0.66,44.18,3.69,20.6,552.7,idle,141.4,8.8,44.21,0,none,0.0
2043-11-12,M07,Pump,0.68,44.18,3.6,17.3,560.4,idle,141.66,11.4,43.94,0,none,0.0
2043-11-13,M07,Pump,0.6,39.89,3.54,15.5,541.1,idle,141.78,8.2,43.82,0,none,0.0
2043-11-14,M07,Pump,0.63,41.48,3.62,18.5,550.9,idle,141.9,14.8,43.71,0,none,0.0
2043-11-15,M07,Pump,0.54,44.62,3.66,16.7,527.1,idle,142.36,15.4,43.24,0,none,0.0
2043-11-16,M07,Pump,2.19,44.62,13.36,108.6,1207.0,normal,142.65,12.7,42.96,0,none,0.0
2043-11-17,M07,Pump,1.84,67.3,12.41,114.1,1326.3,normal,143.08,10.3,42.52,0,none,0.0
2043-11-18,M07,Pump,2.5,76.92,16.88,145.5,1743.3,peak,143.16,9.1,42.44,0,none,0.0
2043-11-19,M07,Pump,2.04,63.1,13.5,126.1,1204.8,normal,143.2,13.1,42.41,0,none,0.0
2043-11-20,M07,Pump,1.88,53.93,12.61,85.4,1253.8,normal,143.63,17.8,41.97,0,none,0.0
2043-11-21,M07,Pump,2.15,67.97,12.41,85.4,1303.4,normal,143.73,10.0,41.87,0,none,0.0
2043-11-22,M07,Pump,0.59,37.18,4.42,21.6,559.5,idle,144.08,13.9,41.52,0,none,0.0
2043-11-23,M07,Pump,1.97,55.21,12.77,129.2,1217.2,normal,144.31,12.9,41.29,0,none,0.0
2043-11-24,M07,Pump,1.73,57.92,13.08,91.6,1273.2,normal,144.4,12.9,41.21,0,none,0.0
2043-11-25,M07,Pump,1.91,55.46,12.39,108.6,1196.2,normal,144.86,12.5,40.74,0,none,0.0
2043-11-26,M07,Pump,1.84,62.74,13.09,86.5,1262.5,normal,145.11,9.1,40.49,0,none,0.0
2043-11-27,M07,Pump,1.84,52.57,13.87,116.5,1284.7,normal,145.61,16.0,39.99,0,none,0.0
2043-11-28,M07,Pump,1.97,56.84,14.33,88.0,1197.4,normal,145.93,15.2,39.67,0,none,0.0
2043-11-29,M07,Pump,2.07,55.86,14.21,91.3,1221.7,normal,146.25,11.5,39.36,0,none,0.0
2043-11-30,M07,Pump,3.0,77.84,18.64,142.7,1736.3,peak,146.73,8.3,38.87,0,none,0.0
2043-12-01,M07,Pump,0.52,40.78,4.6,23.7,531.7,idle,146.85,14.7,38.76,0,none,0.0
2043-12-02,M07,Pump,2.17,60.24,13.58,87.0,1267.4,normal,147.03,15.7,38.57,0,none,0.0
2043-12-03,M07,Pump,0.55,40.76,4.5,16.3,496.9,idle,147.16,17.6,38.44,0,none,0.0
2043-12-04,M07,Pump,2.58,79.89,18.0,152.6,1751.9,peak,147.28,9.2,38.32,0,none,0.0
2043-12-05,M07,Pump,1.99,53.06,15.12,103.6,1278.7,normal,147.61,17.9,37.99,0,none,0.0
2043-12-06,M07,Pump,0.65,41.64,4.07,20.1,533.5,idle,147.96,11.8,37.64,0,none,0.0
2043-12-07,M07,Pump,0.6,37.58,3.89,18.3,497.0,idle,148.18,10.6,37.42,0,none,0.0
2043-12-08,M07,Pump,2.2,50.87,13.94,115.0,1286.1,normal,148.56,11.9,37.04,0,none,0.0
2043-12-09,M07,Pump,0.61,38.68,4.14,19.2,510.8,idle,148.83,11.6,36.77,0,none,0.0
2043-12-10,M07,Pump,1.91,49.94,15.28,79.5,1229.7,normal,149.08,9.2,36.52,0,none,0.0
2043-12-11,M07,Pump,0.72,43.57,4.25,16.5,550.7,idle,149.41,17.1,36.19,0,none,0.0
2043-12-12,M07,Pump,0.51,43.81,4.71,15.2,534.2,idle,149.63,17.4,35.97,0,none,0.0
2043-12-13,M07,Pump,2.26,61.73,14.22,123.5,1244.2,normal,149.73,8.5,35.87,0,none,0.0
2043-12-14,M07,Pump,0.67,42.92,4.01,17.1,490.1,idle,149.81,16.9,35.79,0,none,0.0
2043-12-15,M07,Pump,0.67,47.46,14.34,87.3,1286.3,normal,150.28,8.7,35.32,0,none,0.0
2043-12-16,M07,Pump,2.93,80.76,19.43,146.4,1762.2,peak,150.56,10.2,35.04,0,none,0.0
2043-12-17,M07,Pump,2.08,65.19,13.61,114.8,1268.2,normal,150.78,17.4,34.82,0,none,0.0
2043-12-18,M07,Pump,2.08,52.2,14.83,104.1,1228.0,normal,151.25,15.7,34.36,0,none,0.0
2043-12-19,M07,Pump,0.61,38.47,4.24,16.0,498.7,idle,151.75,10.8,33.86,0,none,0.0
2043-12-20,M07,Pump,0.61,39.83,4.27,22.4,537.4,idle,151.88,14.9,33.72,0,none,0.0
2043-12-21,M07,Pump,1.92,54.46,15.78,110.4,1198.5,normal,152.23,10.2,33.37,0,none,0.0
2043-12-22,M07,Pump,1.92,55.38,15.16,129.6,1199.4,normal,152.33,16.6,33.27,0,none,0.0
2043-12-23,M07,Pump,2.24,54.88,15.11,101.9,1268.0,normal,152.63,8.2,32.97,0,none,0.0
2043-12-24,M07,Pump,2.52,81.95,20.71,151.8,1698.6,peak,152.81,15.4,32.79,0,none,0.0
2043-12-25,M07,Pump,0.57,44.39,4.95,19.2,518.3,idle,153.16,8.7,32.44,0,none,0.0
2043-12-26,M07,Pump,1.87,57.08,14.7,112.1,1295.2,normal,153.2,10.3,32.41,0,none,0.0
2043-12-27,M07,Pump,2.18,52.04,15.34,81.5,1188.5,normal,153.3,17.1,32.31,0,none,0.0
2043-12-28,M07,Pump,1.85,55.37,15.64,104.0,1286.6,normal,153.53,11.6,32.07,0,none,0.0
2043-12-29,M07,Pump,0.56,41.37,4.49,17.4,546.2,idle,153.98,17.9,31.62,0,none,0.0
2043-12-30,M07,Pump,1.96,69.43,15.07,88.6,1166.8,normal,154.38,15.1,31.22,0,none,0.0
2043-12-31,M07,Pump,2.21,48.56,16.58,99.8,1184.8,normal,154.53,16.7,31.07,0,none,0.0
2044-01-01,M07,Pump,0.64,39.21,4.31,23.3,506.8,idle,154.88,10.3,30.72,0,none,0.0
2044-01-02,M07,Pump,2.03,51.99,14.38,97.1,1219.8,normal,155.2,8.0,30.41,0,none,0.0
2044-01-03,M07,Pump,0.67,42.95,4.98,97.1,482.2,idle,155.23,16.8,30.37,0,none,0.0
2044-01-04,M07,Pump,2.59,84.55,21.42,143.5,1676.6,peak,155.4,12.2,30.21,0,none,0.0
2044-01-05,M07,Pump,2.92,85.87,21.53,143.5,1753.8,peak,155.83,12.9,29.77,0,none,0.0
2044-01-06,M07,Pump,0.68,40.68,4.81,18.1,491.7,idle,156.3,15.9,29.31,0,none,0.0
2044-01-07,M07,Pump,3.1,86.89,20.97,143.4,1770.1,peak,156.78,11.2,28.82,0,none,0.0
2044-01-08,M07,Pump,1.9,52.1,15.55,105.5,1155.9,normal,156.93,11.2,28.67,0,none,0.0
2044-01-09,M07,Pump,2.85,73.52,22.31,163.0,1768.1,peak,157.36,9.1,28.24,0,none,0.0
2044-01-10,M07,Pump,0.61,40.9,5.1,24.3,485.4,idle,157.68,17.1,27.92,0,none,0.0
2044-01-11,M07,Pump,2.01,55.64,15.68,99.1,1274.4,normal,157.96,9.0,27.64,0,none,0.0
2044-01-12,M07,Pump,1.91,59.75,17.31,102.8,1261.4,normal,158.11,15.7,27.49,0,none,0.0
2044-01-13,M07,Pump,1.8,70.39,15.32,129.0,1162.6,normal,158.4,11.4,27.21,0,none,0.0
2044-01-14,M07,Pump,0.62,41.58,4.86,17.5,537.8,idle,158.56,16.5,27.04,0,none,0.0
2044-01-15,M07,Pump,0.58,45.08,4.61,23.2,509.3,idle,158.93,14.7,26.67,0,none,0.0
2044-01-16,M07,Pump,0.73,42.84,4.68,18.5,521.7,idle,159.28,10.3,26.32,0,none,0.0
2044-01-17,M07,Pump,0.66,46.43,4.57,20.8,534.3,idle,159.51,11.0,26.09,0,none,0.0
2044-01-18,M07,Pump,0.54,39.62,5.2,18.1,515.9,idle,159.7,15.4,25.91,0,none,0.0
2044-01-19,M07,Pump,1.4,48.58,5.38,21.8,489.4,idle,159.91,12.2,25.69,0,none,0.0
2044-01-20,M07,Pump,0.58,47.58,5.11,22.9,501.5,idle,160.18,8.4,25.42,0,none,0.0
2044-01-21,M07,Pump,0.54,42.1,4.7,22.8,518.0,idle,160.25,8.3,25.36,0,none,0.0
2044-01-22,M07,Pump,0.54,45.01,5.39,22.0,505.3,idle,160.38,13.0,25.22,0,none,0.0
2044-01-23,M07,Pump,0.59,47.68,4.97,23.6,523.1,idle,160.46,16.1,25.14,0,none,0.0
2044-01-24,M07,Pump,0.69,48.78,5.3,15.3,484.4,idle,160.9,13.3,24.71,0,none,0.0
2044-01-25,M07,Pump,0.69,40.84,4.66,20.0,472.3,idle,161.26,12.8,24.34,0,none,0.0
2044-01-26,M07,Pump,0.62,48.0,4.66,24.4,484.8,idle,161.68,9.0,23.92,1,electrical,3302.0
2044-01-27,M07,Pump,2.07,56.37,16.84,107.0,1132.3,normal,161.86,13.3,23.74,1,electrical,5179.0
2044-01-28,M07,Pump,1.91,65.27,17.65,107.6,1165.0,normal,161.98,11.0,23.62,1,electrical,2298.0
2044-01-29,M07,Pump,0.61,40.1,5.61,23.7,473.3,idle,162.45,16.5,23.16,1,electrical,4890.0
2044-01-30,M07,Pump,0.56,45.0,4.91,24.3,518.2,idle,162.71,11.8,22.89,1,electrical,2663.0
2044-01-31,M07,Pump,0.58,39.3,5.5,19.2,510.3,idle,163.05,10.6,22.56,1,electrical,5079.0
2044-02-01,M07,Pump,0.59,40.71,5.38,19.5,483.3,idle,163.28,12.0,22.32,1,electrical,2604.0
2044-02-02,M07,Pump,0.56,45.16,5.47,17.8,515.4,idle,163.78,13.6,21.82,1,electrical,5415.0
2044-02-03,M07,Pump,1.89,57.17,17.98,112.3,1158.8,normal,163.96,12.5,21.64,1,electrical,3755.0
2044-02-04,M07,Pump,0.55,39.84,5.61,15.8,474.3,idle,164.13,12.5,21.47,1,electrical,5655.0
2044-02-05,M07,Pump,0.58,43.92,5.57,17.5,502.1,idle,164.36,9.4,21.24,1,electrical,5873.0
2044-02-06,M07,Pump,1.85,60.15,16.44,89.0,1170.8,normal,164.43,15.1,21.17,1,electrical,5862.0
2044-02-07,M07,Pump,0.69,46.94,5.21,16.2,484.5,idle,164.63,13.5,20.97,1,electrical,5771.0
2044-02-08,M07,Pump,0.63,48.23,5.79,21.4,488.8,idle,164.86,14.9,20.74,1,electrical,3466.0
2044-02-09,M07,Pump,0.68,42.96,5.46,17.4,482.9,idle,165.21,16.9,20.39,1,electrical,3766.0
2044-02-10,M07,Pump,0.55,43.87,5.47,22.9,517.7,idle,165.63,12.8,19.97,1,electrical,2213.0
2044-02-11,M07,Pump,2.33,51.73,17.64,105.1,1227.3,normal,165.88,14.9,19.72,1,electrical,5265.0
2044-02-12,M07,Pump,0.58,40.43,5.19,24.8,522.9,idle,166.05,17.4,19.56,1,electrical,3611.0
2044-02-13,M07,Pump,0.61,48.56,4.91,18.1,511.2,idle,166.38,9.8,19.22,1,electrical,4842.0
2044-02-14,M07,Pump,0.57,41.81,5.78,21.2,528.0,idle,166.58,15.8,19.02,1,electrical,3063.0
2044-02-15,M07,Pump,1.88,58.03,17.24,123.8,1148.5,normal,166.61,8.3,18.99,1,electrical,4149.0
2044-02-16,M07,Pump,2.0,53.2,18.72,90.4,1121.1,normal,167.08,9.4,18.52,1,electrical,2819.0
2044-02-17,M07,Pump,2.04,58.97,17.0,85.0,1235.0,normal,167.41,8.8,18.19,1,electrical,5706.0
2044-02-18,M07,Pump,1.84,52.28,17.24,127.5,1121.8,normal,167.61,12.5,17.99,1,electrical,5897.0
2044-02-19,M07,Pump,0.7,48.95,5.35,17.9,506.1,idle,167.78,11.1,17.82,1,electrical,4792.0
2044-02-20,M07,Pump,0.68,47.89,5.86,17.7,506.2,idle,168.15,12.1,17.46,1,electrical,2236.0
2044-02-21,M07,Pump,1.88,61.91,18.54,86.4,1117.7,normal,168.56,14.0,17.04,1,electrical,3897.0
2044-02-22,M07,Pump,0.58,61.91,18.54,20.3,1117.7,idle,168.85,11.4,16.76,1,electrical,2650.0
2044-02-23,M07,Pump,0.56,61.91,5.29,18.1,496.0,idle,169.1,13.9,16.51,1,electrical,5533.0
2044-02-24,M07,Pump,2.28,60.05,18.37,78.2,1110.0,normal,169.13,15.8,16.47,1,electrical,3063.0
2044-02-25,M07,Pump,0.55,60.05,18.37,16.9,498.7,idle,169.23,12.8,16.37,1,electrical,5523.0
2044-02-26,M07,Pump,0.65,41.2,5.74,22.7,478.6,idle,169.46,9.3,16.14,1,electrical,4984.0
2044-02-27,M07,Pump,2.18,54.92,19.18,125.4,1165.0,normal,169.6,15.1,16.01,1,electrical,2718.0
2044-02-28,M07,Pump,1.94,59.57,17.7,78.1,1192.6,normal,169.96,9.0,15.64,1,electrical,5119.0
2044-02-29,M07,Pump,0.54,42.5,5.87,21.7,464.2,idle,170.03,16.3,15.57,1,electrical,4667.0
2044-03-01,M07,Pump,2.17,71.89,17.27,99.6,1201.6,normal,170.53,14.1,15.07,1,electrical,5967.0
2044-03-02,M07,Pump,2.17,55.75,17.6,118.8,1231.9,normal,170.81,9.6,14.79,1,electrical,5192.0
2044-03-03,M07,Pump,2.22,72.72,19.01,126.3,1194.7,normal,171.0,16.8,14.61,1,electrical,3523.0
2044-03-04,M07,Pump,2.3,54.3,19.68,88.2,1103.3,normal,171.08,16.4,14.52,1,electrical,3655.0
2044-03-05,M07,Pump,2.1,57.96,17.34,129.0,1190.1,normal,171.41,8.3,14.19,1,electrical,2719.0
2044-03-06,M07,Pump,0.73,50.64,5.59,17.6,469.4,idle,171.5,17.6,14.11,1,electrical,2032.0
2044-03-07,M07,Pump,2.1,64.61,18.71,98.1,1121.0,normal,171.63,16.1,13.97,1,electrical,2766.0
2044-03-08,M07,Pump,0.63,41.53,6.13,15.5,481.8,idle,171.66,15.5,13.94,1,electrical,5936.0
2044-03-09,M07,Pump,0.56,48.48,5.54,16.1,491.0,idle,172.0,8.1,13.61,1,electrical,5647.0
2044-03-10,M07,Pump,2.32,71.66,18.12,115.4,1100.5,normal,172.16,12.0,13.44,1,electrical,4029.0
2044-03-11,M07,Pump,1.9,62.33,18.15,119.5,1222.3,normal,172.63,12.2,12.97,1,electrical,2103.0
2044-03-12,M07,Pump,1.83,56.28,18.91,107.3,1218.7,normal,173.11,12.6,12.49,1,electrical,5633.0
2044-03-13,M07,Pump,2.31,65.64,18.41,118.7,1119.8,normal,173.55,10.2,12.06,1,electrical,2329.0
2044-03-14,M07,Pump,3.2,76.12,25.87,142.2,1647.3,peak,173.78,12.5,11.82,1,electrical,5188.0
2044-03-15,M07,Pump,0.68,47.94,6.17,20.9,470.7,idle,173.83,14.9,11.77,1,electrical,5855.0
2044-03-16,M07,Pump,2.3,69.71,18.16,121.0,1223.8,normal,173.88,10.0,11.72,1,electrical,2756.0
2044-03-17,M07,Pump,2.3,43.91,5.98,18.4,497.3,idle,174.13,9.8,11.47,1,electrical,5755.0
2044-03-18,M07,Pump,2.12,72.5,19.73,89.1,1188.7,normal,174.3,10.2,11.31,1,electrical,2463.0
2044-03-19,M07,Pump,0.6,43.92,5.78,15.1,515.1,idle,174.78,9.6,10.82,1,electrical,3141.0
2044-03-20,M07,Pump,2.12,69.06,18.74,116.8,1164.2,normal,175.23,17.8,10.37,1,electrical,5751.0
2044-03-21,M07,Pump,2.06,73.65,19.57,112.2,1088.3,normal,175.55,10.2,10.06,1,electrical,4305.0
2044-03-22,M07,Pump,0.6,50.22,6.26,20.4,509.5,idle,175.6,15.6,10.01,1,electrical,3331.0
2044-03-23,M07,Pump,2.09,64.39,19.24,110.2,1128.8,normal,175.76,16.8,9.84,1,electrical,4522.0
2044-03-24,M07,Pump,2.04,73.66,18.43,83.5,1090.1,normal,176.18,17.9,9.42,1,electrical,3331.0
2044-03-25,M07,Pump,0.61,45.42,5.54,20.5,488.6,idle,176.26,10.2,9.34,1,electrical,4476.0
2044-03-26,M07,Pump,2.25,73.92,20.16,83.8,1095.6,normal,176.41,15.0,9.19,1,electrical,5105.0
2044-03-27,M07,Pump,2.26,66.48,20.16,91.2,1184.3,normal,176.7,16.6,8.91,1,electrical,2655.0
2044-03-28,M07,Pump,2.14,65.06,18.96,110.7,1185.4,normal,177.2,16.2,8.41,1,electrical,2910.0
2044-03-29,M07,Pump,0.74,49.01,6.15,21.7,480.8,idle,177.41,11.0,8.19,1,electrical,5163.0
2044-03-30,M07,Pump,0.6,50.51,6.13,20.9,512.2,idle,177.75,8.6,7.86,1,electrical,5401.0
2044-03-31,M07,Pump,0.76,47.59,5.56,19.0,508.5,idle,178.0,12.5,7.61,1,electrical,4645.0
2044-04-01,M07,Pump,0.61,51.76,5.63,20.7,481.7,idle,178.2,12.5,7.41,1,electrical,2680.0
2044-04-02,M07,Pump,1.99,73.64,20.59,90.0,1129.0,normal,178.51,11.6,7.09,1,electrical,2841.0
2044-04-03,M07,Pump,2.24,58.72,20.59,86.6,1111.9,normal,178.85,14.2,6.76,1,electrical,4566.0
2044-04-04,M07,Pump,1.92,54.33,19.64,130.0,1087.9,normal,179.18,12.5,6.42,1,electrical,2002.0
2044-04-05,M07,Pump,0.59,44.7,6.33,22.4,494.8,idle,179.48,12.3,6.12,1,electrical,5342.0
2044-04-06,M07,Pump,1.85,66.98,20.82,104.9,1125.2,normal,179.51,13.0,6.09,1,electrical,3488.0
2044-04-07,M07,Pump,2.29,59.97,19.55,94.1,1131.9,normal,179.95,16.7,5.66,1,electrical,2694.0
2044-04-08,M07,Pump,1.97,66.04,21.79,109.0,1132.7,normal,180.0,14.7,5.61,1,electrical,5778.0
2044-04-09,M07,Pump,2.29,69.28,20.03,109.0,1170.4,normal,180.08,16.4,5.52,1,electrical,2703.0
2044-04-10,M07,Pump,1.98,60.56,19.21,129.4,1083.0,normal,180.43,9.9,5.17,1,electrical,2318.0
2044-04-11,M07,Pump,1.94,63.26,21.92,96.5,1172.8,normal,180.93,16.3,4.67,1,electrical,3225.0
2044-04-12,M07,Pump,0.7,48.69,6.73,15.1,503.1,idle,181.43,14.2,4.17,1,electrical,3144.0
2044-04-13,M07,Pump,2.3,73.9,21.82,123.7,1095.1,normal,181.6,17.1,4.01,1,electrical,4395.0
2044-04-14,M07,Pump,2.03,59.61,19.47,115.9,1085.7,normal,181.75,9.6,3.86,1,electrical,5920.0
2044-04-15,M07,Pump,1.89,70.22,22.26,117.7,1177.3,normal,181.88,9.7,3.72,1,electrical,5921.0
2044-04-16,M07,Pump,2.18,72.82,20.86,129.4,1080.6,normal,182.0,8.7,3.61,1,electrical,2630.0
2044-04-17,M07,Pump,2.3,67.22,21.25,115.7,1177.4,normal,182.45,14.5,3.16,1,electrical,3357.0
2044-04-18,M07,Pump,2.3,56.54,19.94,78.8,1082.4,normal,182.66,8.6,2.94,1,electrical,4532.0
2044-04-19,M07,Pump,0.6,49.8,6.39,22.6,473.2,idle,183.16,17.9,2.44,1,electrical,3161.0
2044-04-20,M07,Pump,0.67,43.74,6.77,22.6,461.9,idle,183.36,14.8,2.24,1,electrical,2136.0
2044-04-21,M07,Pump,2.04,57.7,22.29,116.8,1143.2,normal,183.51,13.8,2.09,1,electrical,5330.0
2044-04-22,M07,Pump,0.6,44.42,5.91,15.5,453.8,idle,183.83,10.8,1.77,1,electrical,5208.0
2044-04-23,M07,Pump,0.57,48.29,6.29,19.4,478.8,idle,183.96,15.6,1.64,1,electrical,3005.0
2044-04-24,M07,Pump,2.23,67.66,20.45,120.1,1182.2,normal,184.1,10.9,1.51,1,electrical,3008.0
2044-04-25,M07,Pump,2.04,53.18,22.77,126.0,1066.6,normal,184.33,13.9,1.27,1,electrical,2541.0
2044-04-26,M07,Pump,0.55,50.95,6.25,24.1,454.9,idle,184.36,8.3,1.24,1,electrical,4311.0
2044-04-27,M07,Pump,0.74,43.55,6.22,24.7,455.3,idle,184.78,18.0,0.82,1,electrical,2944.0
2044-04-28,M07,Pump,0.58,51.45,6.04,16.0,460.9,idle,184.86,17.7,0.74,1,electrical,3103.0
2044-04-29,M07,Pump,0.69,50.06,7.04,20.4,464.6,idle,185.3,9.6,0.5,1,electrical,4374.0
2044-04-30,M07,Pump,0.63,51.43,6.84,24.1,499.7,idle,185.35,11.3,0.5,1,electrical,4451.0
2044-05-01,M07,Pump,0.62,48.3,6.73,16.6,443.3,idle,185.58,16.7,0.5,1,electrical,4462.0
2044-05-02,M07,Pump,2.92,78.03,16.14,153.9,1863.2,peak,0.0,12.0,71.69,0,none,0.0
2044-05-03,M07,Pump,1.77,59.12,11.94,124.6,1277.9,normal,0.07,11.1,71.63,0,none,0.0
2044-05-04,M07,Pump,2.17,53.12,12.93,123.5,1287.6,normal,0.28,8.7,71.41,0,none,0.0
2044-05-05,M07,Pump,1.88,53.65,12.55,108.2,1260.2,normal,0.32,14.0,71.38,0,none,0.0
2044-05-06,M07,Pump,2.02,61.86,11.05,82.7,1214.2,normal,0.8,8.9,70.89,0,none,0.0
2044-05-07,M07,Pump,2.54,61.86,16.61,148.8,1752.6,peak,0.93,11.4,70.76,0,none,0.0
2044-05-08,M07,Pump,1.94,67.92,11.7,128.0,1215.2,normal,1.38,9.3,70.31,0,none,0.0
2044-05-09,M07,Pump,1.79,61.65,12.0,117.8,1329.5,normal,1.62,15.0,70.08,0,none,0.0
2044-05-10,M07,Pump,1.83,60.71,12.22,122.8,1264.5,normal,1.7,10.3,69.99,0,none,0.0
2044-05-11,M07,Pump,1.73,58.21,12.92,78.8,1236.0,normal,1.93,12.2,69.76,0,none,0.0
2044-05-12,M07,Pump,1.86,62.61,11.65,90.4,1297.3,normal,2.1,9.5,69.59,0,none,0.0
2044-05-13,M07,Pump,1.72,48.92,11.82,96.5,1252.1,normal,2.58,17.2,69.11,0,none,0.0
2044-05-14,M07,Pump,1.75,53.3,12.6,99.5,1287.9,normal,2.75,17.0,68.94,0,none,0.0
2044-05-15,M07,Pump,0.53,35.7,3.92,18.3,524.5,idle,2.85,16.9,68.84,0,none,0.0
2044-05-16,M07,Pump,2.14,61.28,12.51,113.5,1215.9,normal,3.1,16.1,68.59,0,none,0.0
2044-05-17,M07,Pump,2.18,65.91,11.47,119.8,1261.4,normal,3.25,13.7,68.44,0,none,0.0
2044-05-18,M07,Pump,0.64,36.66,3.68,16.3,537.5,idle,3.37,16.8,68.33,0,none,0.0
2044-05-19,M07,Pump,1.82,55.41,12.34,123.6,1224.8,normal,3.87,16.7,67.83,0,none,0.0
2044-05-20,M07,Pump,1.82,53.97,12.69,104.7,1329.3,normal,4.03,9.7,67.66,0,none,0.0
2044-05-21,M07,Pump,2.03,56.7,11.63,128.4,1320.1,normal,4.12,14.9,67.58,0,none,0.0
2044-05-22,M07,Pump,1.89,48.83,12.56,129.5,1241.8,normal,4.6,8.1,67.09,0,none,0.0
2044-05-23,M07,Pump,2.16,47.88,12.9,116.8,1252.0,normal,4.68,15.2,67.01,0,none,0.0
2044-05-24,M07,Pump,1.85,59.8,12.19,125.8,1314.9,normal,4.78,14.4,66.91,0,none,0.0
2044-05-25,M07,Pump,1.97,66.33,12.19,122.2,1326.1,normal,4.97,16.4,66.73,0,none,0.0
2044-05-26,M07,Pump,0.68,35.68,3.71,19.7,534.3,idle,5.27,12.9,66.43,0,none,0.0
2044-05-27,M07,Pump,1.93,64.26,11.64,102.1,1230.1,normal,5.6,9.4,66.09,0,none,0.0
2044-05-28,M07,Pump,1.83,60.19,11.23,87.8,1279.2,normal,5.87,9.3,65.83,0,none,0.0
2044-05-29,M07,Pump,0.51,36.27,3.9,23.5,524.3,idle,6.27,16.6,65.43,0,none,0.0
2044-05-30,M07,Pump,2.61,84.05,15.05,154.5,1839.6,peak,6.37,13.0,65.33,0,none,0.0
2044-05-31,M07,Pump,0.66,44.52,3.55,19.4,547.0,idle,6.52,10.5,65.18,0,none,0.0
2044-06-01,M07,Pump,0.69,43.91,3.77,23.6,506.0,idle,6.97,15.0,64.73,0,none,0.0
2044-06-02,M07,Pump,0.58,35.13,3.42,21.3,562.0,idle,7.28,13.9,64.41,0,none,0.0
2044-06-03,M07,Pump,2.78,79.96,15.21,156.6,1818.2,peak,7.7,8.1,63.99,0,none,0.0
2044-06-04,M07,Pump,2.03,52.5,12.16,100.0,1283.8,normal,8.13,12.9,63.56,0,none,0.0
2044-06-05,M07,Pump,1.77,54.1,11.75,116.3,1306.0,normal,8.38,11.8,63.31,0,none,0.0
2044-06-06,M07,Pump,2.15,59.54,11.63,118.7,1274.5,normal,8.72,10.1,62.98,0,none,0.0
2044-06-07,M07,Pump,0.54,42.47,3.39,16.8,553.1,idle,8.87,13.9,62.83,0,none,0.0
2044-06-08,M07,Pump,2.09,63.19,11.59,123.1,1308.4,normal,9.18,9.0,62.51,0,none,0.0
2044-06-09,M07,Pump,2.12,63.19,12.16,83.7,1306.6,normal,9.67,8.6,62.03,0,none,0.0
2044-06-10,M07,Pump,2.05,52.19,12.47,106.6,1283.9,normal,9.87,13.4,61.83,0,none,0.0
2044-06-11,M07,Pump,2.62,71.75,15.43,159.2,1790.7,peak,10.05,10.7,61.64,0,none,0.0
2044-06-12,M07,Pump,1.7,67.93,11.42,112.1,1339.0,normal,10.55,14.4,61.14,0,none,0.0
2044-06-13,M07,Pump,0.62,42.99,3.98,23.6,539.0,idle,11.0,15.4,60.69,0,none,0.0
2044-06-14,M07,Pump,1.88,56.1,12.68,122.4,1326.9,normal,11.3,15.4,60.39,0,none,0.0
2044-06-15,M07,Pump,2.76,77.15,15.62,140.1,1864.7,peak,11.42,11.2,60.28,0,none,0.0
2044-06-16,M07,Pump,0.56,38.3,3.89,15.5,564.9,idle,11.67,12.8,60.03,0,none,0.0
2044-06-17,M07,Pump,0.5,44.39,3.62,16.0,547.2,idle,11.9,8.2,59.79,0,none,0.0
2044-06-18,M07,Pump,2.15,55.08,12.38,128.9,1236.1,normal,12.2,12.8,59.49,0,none,0.0
2044-06-19,M07,Pump,2.11,51.79,11.85,128.9,1266.9,normal,12.58,9.7,59.11,0,none,0.0
2044-06-20,M07,Pump,2.11,74.55,15.89,155.8,1845.6,peak,12.77,16.6,58.93,0,none,0.0
2044-06-21,M07,Pump,0.62,37.93,3.96,18.9,515.2,idle,13.13,15.4,58.56,0,none,0.0
2044-06-22,M07,Pump,0.61,42.49,3.31,17.8,557.8,idle,13.2,11.9,58.49,0,none,0.0
2044-06-23,M07,Pump,1.95,54.4,12.86,82.7,1292.3,normal,13.52,9.8,58.18,0,none,0.0
2044-06-24,M07,Pump,1.87,46.63,11.43,110.7,1204.2,normal,13.73,9.1,57.96,0,none,0.0
2044-06-25,M07,Pump,1.87,67.01,12.59,96.0,1220.7,normal,13.85,16.0,57.84,0,none,0.0
2044-06-26,M07,Pump,1.93,54.04,12.94,129.5,1261.6,normal,14.22,15.6,57.48,0,none,0.0
2044-06-27,M07,Pump,1.77,65.94,12.59,104.6,1254.8,normal,14.4,13.5,57.29,0,none,0.0
2044-06-28,M07,Pump,1.92,65.74,11.37,120.0,1202.7,normal,14.53,10.5,57.16,0,none,0.0
2044-06-29,M07,Pump,2.16,65.74,11.45,78.2,1283.9,normal,14.65,8.9,57.04,0,none,0.0
2044-06-30,M07,Pump,0.55,41.31,3.5,15.9,535.4,idle,14.77,10.5,56.93,0,none,0.0
2044-07-01,M07,Pump,1.98,55.41,11.92,108.7,1279.0,normal,14.93,13.7,56.76,0,none,0.0
2044-07-02,M07,Pump,1.77,49.53,11.92,114.0,1279.3,normal,15.05,15.9,56.64,0,none,0.0
2044-07-03,M07,Pump,0.59,42.98,3.53,20.7,505.2,idle,15.4,12.2,56.29,0,none,0.0
2044-07-04,M07,Pump,0.59,41.95,3.86,23.8,553.1,idle,15.52,12.4,56.18,0,none,0.0
2044-07-05,M07,Pump,0.67,38.46,3.54,24.4,564.0,idle,15.62,8.0,56.08,0,none,0.0
2044-07-06,M07,Pump,1.97,53.43,12.73,94.8,1223.0,normal,16.08,16.3,55.61,0,none,0.0
2044-07-07,M07,Pump,2.02,45.98,11.76,120.0,1244.3,normal,16.13,11.6,55.56,0,none,0.0
2044-07-08,M07,Pump,0.69,44.56,3.87,24.9,537.1,idle,16.27,12.8,55.43,0,none,0.0
2044-07-09,M07,Pump,0.61,43.36,3.64,19.1,543.0,idle,16.45,8.2,55.24,0,none,0.0
2044-07-10,M07,Pump,0.63,42.51,3.77,22.5,547.2,idle,16.6,8.5,55.09,0,none,0.0
2044-07-11,M07,Pump,0.6,36.35,3.85,15.3,569.5,idle,17.03,10.2,54.66,0,none,0.0
2044-07-12,M07,Pump,0.67,41.71,3.98,21.1,503.9,idle,17.25,13.4,54.44,0,none,0.0
2044-07-13,M07,Pump,0.61,37.77,3.56,19.6,554.2,idle,17.37,11.0,54.33,0,none,0.0
2044-07-14,M07,Pump,0.6,39.75,3.51,20.4,517.4,idle,17.63,17.5,54.06,0,none,0.0
2044-07-15,M07,Pump,0.55,42.57,3.54,15.5,524.1,idle,17.78,8.1,53.91,0,none,0.0
2044-07-16,M07,Pump,0.63,43.14,3.97,22.5,530.0,idle,17.83,8.2,53.86,0,none,0.0
2044-07-17,M07,Pump,0.56,36.3,3.74,20.1,547.4,idle,18.13,12.9,53.56,0,none,0.0
2044-07-18,M07,Pump,0.55,38.24,3.5,23.0,512.0,idle,18.18,10.8,53.51,0,none,0.0
2044-07-19,M07,Pump,2.0,46.18,12.1,81.3,1226.4,normal,18.27,15.5,53.43,0,none,0.0
2044-07-20,M07,Pump,0.52,38.47,3.54,23.3,515.8,idle,18.73,12.7,52.96,0,none,0.0
2044-07-21,M07,Pump,1.74,58.88,12.37,93.3,1290.4,normal,18.98,11.9,52.71,0,none,0.0
2044-07-22,M07,Pump,0.66,38.48,3.67,16.5,501.7,idle,19.12,15.1,52.58,0,none,0.0
2044-07-23,M07,Pump,0.66,38.0,3.5,24.7,551.0,idle,19.33,13.7,52.36,0,none,0.0
2044-07-24,M07,Pump,0.62,41.99,3.8,22.6,504.7,idle,19.48,10.0,52.21,0,none,0.0
2044-07-25,M07,Pump,0.58,37.95,3.35,19.1,543.1,idle,19.73,16.3,51.96,0,none,0.0
2044-07-26,M07,Pump,0.54,38.05,3.75,20.8,560.8,idle,20.12,10.2,51.58,0,none,0.0
2044-07-27,M07,Pump,0.66,44.66,3.72,22.0,560.2,idle,20.2,16.7,51.49,0,none,0.0
2044-07-28,M07,Pump,0.67,42.19,3.65,17.7,561.4,idle,20.33,9.1,51.36,0,none,0.0
2044-07-29,M07,Pump,2.09,64.27,11.28,94.4,1263.7,normal,20.7,14.2,50.99,0,none,0.0
2044-07-30,M07,Pump,0.67,43.93,3.5,21.9,505.4,idle,20.88,17.6,50.81,0,none,0.0
2044-07-31,M07,Pump,0.67,39.87,3.84,23.9,523.6,idle,21.07,10.0,50.63,0,none,0.0
2044-08-01,M07,Pump,0.67,41.47,3.53,24.9,561.3,idle,21.15,10.8,50.54,0,none,0.0
2044-08-02,M07,Pump,0.56,40.08,3.46,20.1,547.8,idle,21.62,17.2,50.08,0,none,0.0
2044-08-03,M07,Pump,0.52,43.7,3.72,24.9,501.8,idle,21.75,12.6,49.94,0,none,0.0
2044-08-04,M07,Pump,2.12,63.22,11.27,24.9,1332.7,normal,22.13,13.2,49.56,0,none,0.0
2044-08-05,M07,Pump,1.96,54.23,12.81,82.8,1271.0,normal,22.42,16.9,49.28,0,none,0.0
2044-08-06,M07,Pump,0.63,41.09,3.48,20.6,549.6,idle,22.85,16.6,48.84,0,none,0.0
2044-08-07,M07,Pump,0.62,41.84,3.48,23.3,531.5,idle,22.98,14.0,48.71,0,none,0.0
2044-08-08,M07,Pump,0.7,35.23,3.57,16.8,538.9,idle,23.1,8.5,48.59,0,none,0.0
2044-08-09,M07,Pump,1.82,61.96,12.76,89.0,1224.1,normal,23.27,16.1,48.43,0,none,0.0
2044-08-10,M07,Pump,2.14,53.31,11.87,89.5,1263.8,normal,23.55,11.4,48.14,0,none,0.0
2044-08-11,M07,Pump,1.82,60.32,12.0,119.0,1246.9,normal,23.85,8.2,47.84,0,none,0.0
2044-08-12,M07,Pump,0.6,37.6,3.95,20.2,512.1,idle,23.92,12.9,47.78,0,none,0.0
2044-08-13,M07,Pump,1.84,46.91,11.06,105.3,1250.6,normal,24.27,9.7,47.43,0,none,0.0
2044-08-14,M07,Pump,2.18,48.94,12.59,94.4,1233.5,normal,24.67,16.8,47.03,0,none,0.0
2044-08-15,M07,Pump,2.18,63.46,12.59,114.2,1348.7,normal,24.85,12.5,46.84,0,none,0.0
2044-08-16,M07,Pump,0.62,36.02,3.35,21.7,546.0,idle,25.02,8.8,46.68,0,none,0.0
2044-08-17,M07,Pump,2.07,47.5,12.89,106.7,1297.4,normal,25.3,10.7,46.39,0,none,0.0
2044-08-18,M07,Pump,0.51,44.61,3.69,20.6,566.0,idle,25.55,16.0,46.14,0,none,0.0
2044-08-19,M07,Pump,0.69,37.2,3.95,20.6,501.3,idle,25.85,13.7,45.84,0,none,0.0
2044-08-20,M07,Pump,1.82,54.5,12.17,114.5,1231.5,normal,26.12,18.0,45.58,0,none,0.0
2044-08-21,M07,Pump,2.12,64.45,12.27,125.9,1322.0,normal,26.23,10.9,45.46,0,none,0.0
2044-08-22,M07,Pump,1.81,63.37,12.91,85.2,1346.8,normal,26.55,10.3,45.14,0,none,0.0
2044-08-23,M07,Pump,0.5,40.22,3.84,22.9,551.4,idle,27.02,12.2,44.68,0,none,0.0
2044-08-24,M07,Pump,1.96,59.97,12.4,103.7,1289.3,normal,27.35,14.9,44.34,0,none,0.0
2044-08-25,M07,Pump,2.12,52.2,12.05,78.4,1303.1,normal,27.47,12.3,44.23,0,none,0.0
2044-08-26,M07,Pump,1.8,56.06,11.42,79.2,1272.5,normal,27.87,14.5,43.83,0,none,0.0
2044-08-27,M07,Pump,1.91,54.78,11.42,127.2,1200.5,normal,27.9,10.3,43.79,0,none,0.0
2044-08-28,M07,Pump,2.15,61.95,11.34,102.5,1348.3,normal,28.38,16.9,43.31,0,none,0.0
2044-08-29,M07,Pump,0.63,36.27,3.62,19.7,556.2,idle,28.67,10.7,43.03,0,none,0.0
2044-08-30,M07,Pump,2.16,46.89,11.63,93.5,1349.4,normal,28.73,10.8,42.96,0,none,0.0
2044-08-31,M07,Pump,0.61,43.8,3.6,22.2,520.1,idle,28.93,14.0,42.76,0,none,0.0
2044-09-01,M07,Pump,0.68,39.55,3.86,17.6,548.5,idle,29.4,13.8,42.29,0,none,0.0
2044-09-02,M07,Pump,1.9,45.72,11.83,106.6,1222.8,normal,29.55,8.8,42.14,0,none,0.0
2044-09-03,M07,Pump,1.79,55.69,11.69,100.9,1269.1,normal,29.93,11.0,41.76,0,none,0.0
2044-09-04,M07,Pump,1.77,49.17,12.7,86.5,1299.9,normal,30.42,12.1,41.28,0,none,0.0
2044-09-05,M07,Pump,1.91,67.27,11.13,121.2,1273.7,normal,30.5,12.6,41.19,0,none,0.0
2044-09-06,M07,Pump,1.7,51.06,11.82,94.3,1254.4,normal,30.8,10.1,40.89,0,none,0.0
2044-09-07,M07,Pump,2.16,53.3,11.84,117.6,1319.1,normal,30.85,11.8,40.84,0,none,0.0
2044-09-08,M07,Pump,0.52,42.04,3.64,16.3,518.5,idle,31.17,16.4,40.53,0,none,0.0
2044-09-09,M07,Pump,1.72,42.04,11.51,97.9,1287.0,normal,31.65,12.2,40.04,0,none,0.0
2044-09-10,M07,Pump,2.07,58.92,12.36,123.0,1331.1,normal,32.15,12.7,39.54,0,none,0.0
2044-09-11,M07,Pump,0.67,36.53,3.48,20.0,525.1,idle,32.53,15.6,39.16,0,none,0.0
2044-09-12,M07,Pump,1.77,51.62,12.95,96.0,1262.8,normal,32.77,16.1,38.93,0,none,0.0
2044-09-13,M07,Pump,1.7,61.55,11.83,83.4,1345.3,normal,33.22,14.6,38.48,0,none,0.0
2044-09-14,M07,Pump,1.7,61.55,3.97,19.1,550.3,idle,33.72,13.2,37.98,0,none,0.0
2044-09-15,M07,Pump,1.8,61.03,11.03,84.6,1263.8,normal,34.18,14.1,37.51,0,none,0.0
2044-09-16,M07,Pump,2.41,76.93,16.05,155.5,1765.1,peak,34.23,9.5,37.46,0,none,0.0
2044-09-17,M07,Pump,2.51,76.93,16.32,140.7,1831.1,peak,34.52,9.7,37.18,0,none,0.0
2044-09-18,M07,Pump,2.09,46.59,11.83,95.0,1337.0,normal,34.98,15.8,36.71,0,none,0.0
2044-09-19,M07,Pump,1.79,52.32,12.8,95.2,1279.7,normal,35.17,15.0,36.53,0,none,0.0
2044-09-20,M07,Pump,0.51,44.85,3.88,21.3,504.2,idle,35.53,13.6,36.16,0,none,0.0
2044-09-21,M07,Pump,1.74,57.53,11.57,110.4,1289.7,normal,35.57,10.4,36.13,0,none,0.0
2044-09-22,M07,Pump,1.8,37.81,3.7,22.8,534.4,idle,35.82,12.3,35.88,0,none,0.0
2044-09-23,M07,Pump,0.67,36.31,3.7,24.4,523.2,idle,36.02,10.3,35.68,0,none,0.0
2044-09-24,M07,Pump,1.88,46.92,12.28,106.7,1206.0,normal,36.17,17.1,35.53,0,none,0.0
2044-09-25,M07,Pump,2.08,64.07,12.81,106.4,1267.9,normal,36.5,10.1,35.19,0,none,0.0
2044-09-26,M07,Pump,2.14,54.17,12.31,110.0,1255.8,normal,36.73,12.4,34.96,0,none,0.0
2044-09-27,M07,Pump,1.74,45.49,11.86,103.0,1323.4,normal,36.87,12.0,34.83,0,none,0.0
2044-09-28,M07,Pump,0.58,37.81,3.62,17.4,506.4,idle,37.27,17.0,34.43,0,none,0.0
2044-09-29,M07,Pump,2.47,74.79,15.03,145.5,1868.1,peak,37.58,9.8,34.11,0,none,0.0
2044-09-30,M07,Pump,1.82,47.55,12.9,110.4,1209.0,normal,37.7,16.9,33.99,0,none,0.0
2044-10-01,M07,Pump,2.44,79.18,12.9,141.7,1783.7,peak,37.98,14.4,33.71,0,none,0.0
2044-10-02,M07,Pump,2.16,58.16,11.88,91.0,1220.0,normal,38.42,8.2,33.28,0,none,0.0
2044-10-03,M07,Pump,1.9,66.21,11.1,129.5,1231.2,normal,38.72,14.5,32.98,0,none,0.0
2044-10-04,M07,Pump,1.9,46.04,12.17,103.1,1300.0,normal,38.97,13.0,32.73,0,none,0.0
2044-10-05,M07,Pump,0.61,38.98,3.82,15.2,537.9,idle,39.17,16.1,32.53,0,none,0.0
2044-10-06,M07,Pump,0.61,55.03,12.58,85.4,1340.4,normal,39.22,15.5,32.48,0,none,0.0
2044-10-07,M07,Pump,0.68,39.15,3.3,22.9,561.7,idle,39.55,11.0,32.14,0,none,0.0
2044-10-08,M07,Pump,0.53,44.16,3.94,19.7,555.9,idle,40.02,13.2,31.68,0,none,0.0
2044-10-09,M07,Pump,1.92,57.97,11.64,86.3,1312.0,normal,40.37,13.0,31.33,0,none,0.0
2044-10-10,M07,Pump,1.7,58.33,12.73,89.5,1249.9,normal,40.65,8.2,31.04,0,none,0.0
2044-10-11,M07,Pump,0.62,58.33,3.89,18.7,540.7,idle,41.13,17.9,30.56,0,none,0.0
2044-10-12,M07,Pump,0.55,35.41,3.42,15.5,532.8,idle,41.33,16.4,30.36,0,none,0.0
2044-10-13,M07,Pump,0.62,35.45,3.36,19.9,555.9,idle,41.7,9.4,29.99,0,none,0.0
2044-10-14,M07,Pump,0.63,36.05,3.92,24.2,522.8,idle,42.17,12.6,29.53,0,none,0.0
2044-10-15,M07,Pump,0.62,39.92,3.96,20.1,567.2,idle,42.33,13.6,29.36,0,none,0.0
2044-10-16,M07,Pump,0.54,38.46,3.85,22.8,567.2,idle,42.77,8.8,28.93,0,none,0.0
2044-10-17,M07,Pump,0.67,42.03,3.75,19.6,532.7,idle,43.25,15.2,28.44,0,none,0.0
2044-10-18,M07,Pump,0.58,41.2,3.58,16.5,507.5,idle,43.28,10.1,28.41,0,none,0.0
2044-10-19,M07,Pump,0.68,35.25,3.37,19.4,518.4,idle,43.75,8.7,27.94,0,none,0.0
2044-10-20,M07,Pump,0.58,36.17,3.39,23.0,553.1,idle,44.18,17.3,27.51,0,none,0.0
2044-10-21,M07,Pump,1.75,60.36,12.22,115.1,1271.2,normal,44.57,8.1,27.13,0,none,0.0
2044-10-22,M07,Pump,1.83,60.26,11.74,89.4,1261.3,normal,44.7,13.8,26.99,0,none,0.0
2044-10-23,M07,Pump,0.65,39.76,3.51,23.3,561.7,idle,44.82,13.1,26.88,0,none,0.0
2044-10-24,M07,Pump,0.59,38.75,3.73,15.6,548.4,idle,45.17,18.0,26.53,0,none,0.0
2044-10-25,M07,Pump,0.66,38.75,3.42,15.3,544.6,idle,45.63,9.6,26.06,0,none,0.0
2044-10-26,M07,Pump,0.55,39.64,3.57,16.8,535.6,idle,45.72,12.2,25.98,0,none,0.0
2044-10-27,M07,Pump,1.93,59.36,11.5,89.2,1322.2,normal,45.92,15.7,25.78,0,none,0.0
2044-10-28,M07,Pump,0.64,42.72,3.39,17.2,540.3,idle,46.35,12.6,25.34,0,none,0.0
2044-10-29,M07,Pump,0.67,43.92,3.39,15.4,557.5,idle,46.62,17.2,25.08,0,none,0.0
2044-10-30,M07,Pump,0.68,35.57,3.59,20.4,516.3,idle,46.93,16.3,24.76,0,none,0.0
2044-10-31,M07,Pump,0.6,43.86,3.91,24.4,533.9,idle,47.28,12.1,24.41,0,none,0.0
2044-11-01,M07,Pump,1.91,60.31,11.83,80.2,1308.0,normal,47.47,10.1,24.23,0,none,0.0
2044-11-02,M07,Pump,1.84,46.13,11.04,126.4,1237.8,normal,47.87,14.9,23.83,0,none,0.0
2044-11-03,M07,Pump,1.92,66.86,11.94,126.4,1282.8,normal,48.25,16.8,23.44,0,none,0.0
2044-11-04,M07,Pump,0.52,35.95,3.9,17.9,547.5,idle,48.63,17.6,23.06,0,none,0.0
2044-11-05,M07,Pump,0.6,37.22,3.9,15.7,524.3,idle,48.82,14.4,22.88,0,none,0.0
2044-11-06,M07,Pump,1.96,50.25,12.32,80.7,1272.7,normal,49.22,10.8,22.48,0,none,0.0
2044-11-07,M07,Pump,2.06,54.89,12.75,110.9,1343.8,normal,49.65,17.8,22.04,0,none,0.0
2044-11-08,M07,Pump,1.84,66.59,12.21,116.8,1335.3,normal,49.92,11.8,21.78,0,none,0.0
2044-11-09,M07,Pump,1.98,64.83,12.08,109.2,1266.8,normal,50.03,11.4,21.66,0,none,0.0
2044-11-10,M07,Pump,1.77,57.73,12.95,118.9,1312.1,normal,50.35,8.0,21.34,0,none,0.0
2044-11-11,M07,Pump,2.79,75.22,15.34,145.6,1751.0,peak,50.52,13.3,21.18,0,none,0.0
2044-11-12,M07,Pump,2.04,63.67,11.54,82.8,1250.4,normal,50.68,17.1,21.01,0,none,0.0
2044-11-13,M07,Pump,0.56,39.51,3.48,18.4,563.5,idle,51.1,14.6,20.59,0,none,0.0
2044-11-14,M07,Pump,0.57,42.86,3.74,18.4,557.2,idle,51.25,15.0,20.44,0,none,0.0
2044-11-15,M07,Pump,0.63,35.18,3.35,22.5,531.1,idle,51.7,14.8,47.71,0,none,0.0
2044-11-16,M07,Pump,1.94,48.57,11.34,119.5,1323.4,normal,52.12,15.2,47.29,0,none,0.0
2044-11-17,M07,Pump,2.03,52.04,12.91,110.5,1318.4,normal,52.2,13.0,47.21,0,none,0.0
2044-11-18,M07,Pump,1.74,55.62,12.78,95.6,1307.9,normal,52.23,11.8,47.17,0,none,0.0
2044-11-19,M07,Pump,2.11,48.87,12.61,83.8,1307.6,normal,52.6,10.2,46.81,0,none,0.0
2044-11-20,M07,Pump,2.29,67.43,12.67,105.8,1299.5,normal,52.68,14.5,46.72,0,none,0.0
2044-11-21,M07,Pump,0.68,35.58,3.39,21.0,499.6,idle,53.02,15.6,46.39,0,none,0.0
2044-11-22,M07,Pump,2.26,56.78,11.6,98.5,1325.3,normal,53.07,14.5,46.34,0,none,0.0
2044-11-23,M07,Pump,0.73,36.73,3.87,20.8,540.0,idle,53.23,13.8,46.17,0,none,0.0
2044-11-24,M07,Pump,0.71,37.93,3.7,18.2,505.4,idle,53.65,17.0,45.76,0,none,0.0
2044-11-25,M07,Pump,1.89,48.96,12.36,83.5,1282.0,normal,54.02,11.3,45.39,0,none,0.0
2044-11-26,M07,Pump,2.99,48.96,16.44,83.5,1282.0,peak,54.15,15.7,45.26,0,none,0.0
2044-11-27,M07,Pump,2.23,46.49,12.61,98.1,1287.9,normal,54.23,17.4,45.17,0,none,0.0
2044-11-28,M07,Pump,2.02,46.49,12.61,98.1,1287.9,normal,54.33,11.0,45.07,0,none,0.0
2044-11-29,M07,Pump,0.75,37.4,3.86,24.6,508.6,idle,54.6,10.0,44.81,0,none,0.0
2044-11-30,M07,Pump,2.13,53.85,11.95,117.2,1294.5,normal,54.9,8.3,44.51,0,none,0.0
2044-12-01,M07,Pump,0.77,38.06,3.74,19.5,562.1,idle,55.27,17.6,44.14,0,none,0.0
2044-12-02,M07,Pump,1.92,68.98,12.16,110.5,1248.9,normal,55.33,12.0,44.07,0,none,0.0
2044-12-03,M07,Pump,2.41,59.25,12.55,111.7,1249.1,normal,55.63,17.5,43.77,0,none,0.0
2044-12-04,M07,Pump,1.99,65.0,11.8,122.1,1285.2,normal,55.95,16.7,43.46,0,none,0.0
2044-12-05,M07,Pump,1.99,42.42,3.82,22.1,554.8,idle,56.13,16.4,43.27,0,none,0.0
2044-12-06,M07,Pump,0.61,45.98,3.66,23.6,512.8,idle,56.33,8.3,43.07,0,none,0.0
2044-12-07,M07,Pump,2.0,59.88,3.66,129.2,1208.8,normal,56.82,9.5,42.59,0,none,0.0
2044-12-08,M07,Pump,0.6,37.23,3.53,20.8,532.2,idle,57.12,17.7,42.29,0,none,0.0
2044-12-09,M07,Pump,2.23,48.93,11.76,87.6,1303.6,normal,57.45,14.5,41.96,0,none,0.0
2044-12-10,M07,Pump,2.51,64.87,13.29,124.0,1266.2,normal,57.82,8.8,41.59,0,none,0.0
2044-12-11,M07,Pump,2.31,68.16,12.56,93.3,1275.7,normal,58.13,17.4,41.27,0,none,0.0
2044-12-12,M07,Pump,2.69,66.76,11.9,127.5,1337.2,normal,58.52,14.0,40.89,0,none,0.0
2044-12-13,M07,Pump,2.69,67.98,13.17,80.1,1290.1,normal,59.02,9.1,40.39,0,none,0.0
2044-12-14,M07,Pump,2.32,63.04,13.26,103.9,1251.6,normal,59.47,11.9,39.94,0,none,0.0
2044-12-15,M07,Pump,2.32,69.93,11.49,126.0,1202.2,normal,59.5,13.3,39.91,0,none,0.0
2044-12-16,M07,Pump,2.37,65.21,13.0,115.7,1195.1,normal,59.97,14.2,39.44,0,none,0.0
2044-12-17,M07,Pump,2.26,69.29,11.57,82.1,1313.2,normal,60.23,15.6,39.17,0,none,0.0
2044-12-18,M07,Pump,3.56,78.06,15.9,162.1,1880.6,peak,60.35,12.2,39.06,0,none,0.0
2044-12-19,M07,Pump,3.14,81.22,16.12,160.8,1784.4,peak,60.73,10.6,38.67,0,none,0.0
2044-12-20,M07,Pump,2.67,81.22,12.56,122.6,1258.0,normal,60.9,16.0,38.51,0,none,0.0
2044-12-21,M07,Pump,2.76,56.4,11.81,101.7,1261.8,normal,61.13,9.8,38.27,0,none,0.0
2044-12-22,M07,Pump,2.54,66.68,12.63,124.2,1264.0,normal,61.3,13.2,38.11,0,none,0.0
2044-12-23,M07,Pump,0.71,39.53,4.08,124.2,502.7,idle,61.77,17.0,37.64,0,none,0.0
2044-12-24,M07,Pump,2.29,58.01,12.59,79.0,1263.5,normal,61.83,15.4,37.57,0,none,0.0
2044-12-25,M07,Pump,0.77,46.06,4.05,21.9,527.2,idle,62.02,17.3,37.39,0,none,0.0
2044-12-26,M07,Pump,2.42,67.83,12.2,96.5,1322.5,normal,62.12,14.6,37.29,0,none,0.0
2044-12-27,M07,Pump,2.94,69.07,12.2,123.2,1290.8,normal,62.33,14.0,37.07,0,none,0.0
2044-12-28,M07,Pump,2.5,70.44,13.35,123.2,1258.4,normal,62.67,17.3,36.74,0,none,0.0
2044-12-29,M07,Pump,2.36,70.5,12.73,90.8,1229.1,normal,62.82,10.5,36.59,0,none,0.0
2044-12-30,M07,Pump,2.36,62.76,12.41,104.0,1200.2,normal,62.93,10.7,36.47,0,none,0.0
2044-12-31,M07,Pump,2.36,62.32,12.61,96.7,1269.1,normal,63.2,16.2,36.21,0,none,0.0
2045-01-01,M07,Pump,0.7,48.25,3.69,15.7,505.4,idle,63.6,14.1,35.81,0,none,0.0
2045-01-02,M07,Pump,0.72,40.71,3.78,15.7,512.3,idle,63.97,8.0,35.44,0,none,0.0
2045-01-03,M07,Pump,0.83,48.35,3.7,22.9,504.1,idle,64.4,11.8,35.01,0,none,0.0
2045-01-04,M07,Pump,0.76,43.65,3.65,24.0,496.7,idle,64.5,16.9,34.91,0,none,0.0
2045-01-05,M07,Pump,0.88,45.19,3.54,24.0,525.5,idle,64.68,11.5,34.72,0,none,0.0
2045-01-06,M07,Pump,0.91,47.54,3.73,19.8,510.9,idle,65.08,10.6,34.32,0,none,0.0
2045-01-07,M07,Pump,0.78,39.42,4.2,19.4,493.5,idle,65.52,13.3,33.89,0,none,0.0
2045-01-08,M07,Pump,0.72,42.37,3.51,18.8,496.9,idle,65.78,15.8,33.62,0,none,0.0
2045-01-09,M07,Pump,0.74,46.23,4.17,19.1,550.1,idle,65.95,17.7,33.46,0,none,0.0
2045-01-10,M07,Pump,0.75,47.48,3.55,23.4,553.0,idle,66.43,15.0,32.97,0,none,0.0
2045-01-11,M07,Pump,3.1,68.72,12.9,91.8,1275.6,normal,66.9,13.1,32.51,0,none,0.0
2045-01-12,M07,Pump,0.88,39.92,3.87,21.5,492.8,idle,67.0,16.7,32.41,0,none,0.0
2045-01-13,M07,Pump,0.93,46.51,3.64,19.3,558.1,idle,67.33,13.0,32.07,0,none,0.0
2045-01-14,M07,Pump,1.02,44.18,3.78,16.2,494.0,idle,67.63,17.4,31.77,0,none,0.0
2045-01-15,M07,Pump,0.85,49.54,4.24,23.1,515.6,idle,67.87,18.0,31.54,0,none,0.0
2045-01-16,M07,Pump,0.8,46.13,4.01,19.2,539.0,idle,67.97,8.4,31.44,0,none,0.0
2045-01-17,M07,Pump,0.99,48.08,3.91,22.9,493.0,idle,68.2,14.0,31.21,0,none,0.0
2045-01-18,M07,Pump,3.13,55.78,12.36,82.8,1206.9,normal,68.55,12.1,30.86,0,none,0.0
2045-01-19,M07,Pump,1.08,44.61,4.24,16.6,504.9,idle,68.88,11.7,30.52,0,none,0.0
2045-01-20,M07,Pump,0.95,44.02,4.24,19.2,546.6,idle,69.07,12.8,30.34,0,none,0.0
2045-01-21,M07,Pump,3.01,63.83,12.52,114.6,1273.7,normal,69.55,17.1,29.86,0,none,0.0
2045-01-22,M07,Pump,0.91,43.46,4.01,24.4,499.6,idle,69.65,17.5,29.76,0,none,0.0
2045-01-23,M07,Pump,1.04,46.17,3.95,24.6,532.0,idle,69.77,11.9,29.64,0,none,0.0
2045-01-24,M07,Pump,3.34,62.6,12.39,114.1,1312.7,normal,69.88,13.6,29.52,0,none,0.0
2045-01-25,M07,Pump,1.06,42.78,3.79,20.2,529.6,idle,69.98,12.2,29.42,0,none,0.0
2045-01-26,M07,Pump,2.85,42.78,13.49,116.0,1300.1,normal,70.05,17.5,29.36,0,none,0.0
2045-01-27,M07,Pump,1.1,44.01,4.21,21.7,555.8,idle,70.38,9.8,29.02,0,none,0.0
2045-01-28,M07,Pump,0.88,43.79,4.1,24.3,546.4,idle,70.88,14.1,28.52,0,none,0.0
2045-01-29,M07,Pump,3.34,60.1,13.47,119.7,1285.9,normal,71.22,17.5,28.19,0,none,0.0
2045-01-30,M07,Pump,1.04,41.78,4.08,19.8,555.4,idle,71.6,13.9,27.81,0,none,0.0
2045-01-31,M07,Pump,3.29,65.43,14.11,82.9,1214.8,normal,72.02,17.5,27.39,0,none,0.0
2045-02-01,M07,Pump,3.36,58.79,12.71,124.4,1258.8,normal,72.33,11.2,27.07,0,none,0.0
2045-02-02,M07,Pump,0.87,44.75,3.65,20.6,500.8,idle,72.65,16.7,26.76,0,none,0.0
2045-02-03,M07,Pump,3.56,64.99,12.12,93.7,1263.5,normal,72.88,12.6,26.52,0,none,0.0
2045-02-04,M07,Pump,3.14,63.6,13.98,96.2,1222.0,normal,73.17,9.9,26.24,0,none,0.0
2045-02-05,M07,Pump,3.57,59.27,12.19,87.4,1311.3,normal,73.6,11.0,25.81,0,none,0.0
2045-02-06,M07,Pump,3.69,57.15,13.24,85.1,1270.9,normal,73.75,9.7,25.66,0,none,0.0
2045-02-07,M07,Pump,4.29,77.83,18.22,148.1,1724.6,peak,74.05,16.1,25.36,0,none,0.0
2045-02-08,M07,Pump,3.65,69.77,13.56,125.4,1242.7,normal,74.55,10.5,24.86,0,none,0.0
2045-02-09,M07,Pump,3.04,53.7,12.77,82.5,1249.2,normal,74.75,13.3,24.66,0,none,0.0
2045-02-10,M07,Pump,4.18,84.0,16.86,149.2,1806.0,peak,74.88,14.0,24.52,0,none,0.0
2045-02-11,M07,Pump,4.53,82.49,18.65,158.0,1782.2,peak,74.98,12.0,24.42,0,none,0.0
2045-02-12,M07,Pump,3.46,66.64,12.14,82.2,1265.5,normal,75.02,8.7,24.39,0,none,0.0
2045-02-13,M07,Pump,3.28,53.72,12.75,82.2,1304.3,normal,75.2,17.8,24.21,0,none,0.0
2045-02-14,M07,Pump,3.16,55.86,13.48,105.1,1254.0,normal,75.6,12.0,23.81,1,bearing,2775.0
2045-02-15,M07,Pump,3.4,63.44,13.85,89.4,1227.2,normal,76.05,14.5,23.36,1,bearing,3429.0
2045-02-16,M07,Pump,3.89,57.22,12.8,88.0,1171.6,normal,76.53,10.8,22.87,1,bearing,4810.0
2045-02-17,M07,Pump,3.27,53.94,12.5,96.9,1171.5,normal,76.6,9.2,22.81,1,bearing,3336.0
2045-02-18,M07,Pump,1.17,50.93,3.97,24.9,533.0,idle,76.9,13.0,22.51,1,bearing,3123.0
2045-02-19,M07,Pump,3.75,57.54,14.04,127.1,1202.0,normal,77.4,13.4,22.01,1,bearing,3042.0
2045-02-20,M07,Pump,3.7,70.32,12.87,102.7,1181.7,normal,77.45,13.4,21.96,1,bearing,3840.0
2045-02-21,M07,Pump,0.97,43.9,4.1,21.2,548.6,idle,77.92,11.0,21.49,1,bearing,3054.0
2045-02-22,M07,Pump,5.01,82.25,16.8,162.1,1771.2,peak,78.1,11.3,21.31,1,bearing,3119.0
2045-02-23,M07,Pump,3.8,53.7,13.31,94.9,1171.0,normal,78.15,10.3,21.26,1,bearing,3450.0
2045-02-24,M07,Pump,3.84,65.17,12.97,119.9,1231.7,normal,78.18,12.8,21.22,1,bearing,4247.0
2045-02-25,M07,Pump,3.14,75.17,12.81,121.2,1285.2,normal,78.43,16.0,20.97,1,bearing,3569.0
2045-02-26,M07,Pump,3.14,85.65,16.8,148.9,1806.7,peak,78.75,12.0,20.66,1,bearing,4828.0
2045-02-27,M07,Pump,1.03,44.86,4.07,20.4,531.5,idle,79.22,17.2,20.19,1,bearing,2639.0
2045-02-28,M07,Pump,5.38,89.24,18.65,145.6,1781.6,peak,79.58,11.7,19.82,1,bearing,4687.0
2045-03-01,M07,Pump,1.07,53.46,4.04,24.6,537.5,idle,79.68,8.9,19.72,1,bearing,3992.0
2045-03-02,M07,Pump,3.89,65.19,13.3,105.4,1207.2,normal,79.83,8.0,19.57,1,bearing,4173.0
2045-03-03,M07,Pump,4.08,72.23,14.11,100.5,1174.5,normal,80.08,13.3,19.32,1,bearing,4842.0
2045-03-04,M07,Pump,5.35,84.64,18.75,159.5,1718.5,peak,80.28,9.5,19.12,1,bearing,3689.0
2045-03-05,M07,Pump,1.19,51.09,4.15,20.1,500.2,idle,80.77,11.1,18.64,1,bearing,3758.0
2045-03-06,M07,Pump,3.51,71.92,12.4,118.5,1239.5,normal,81.05,15.1,18.36,1,bearing,3802.0
2045-03-07,M07,Pump,5.72,94.27,18.36,150.3,1764.7,peak,81.2,14.6,18.21,1,bearing,4474.0
2045-03-08,M07,Pump,3.5,56.71,13.69,119.9,1200.3,normal,81.58,16.5,17.82,1,bearing,2897.0
2045-03-09,M07,Pump,3.5,67.2,14.43,85.2,1196.7,normal,81.62,12.9,17.79,1,bearing,3304.0
2045-03-10,M07,Pump,4.22,55.46,14.43,111.3,1217.4,normal,81.98,13.0,17.42,1,bearing,3932.0
2045-03-11,M07,Pump,3.78,74.23,12.78,90.0,1236.1,normal,82.03,8.9,17.37,1,bearing,4857.0
2045-03-12,M07,Pump,1.14,50.45,4.45,24.2,499.4,idle,82.47,17.7,16.94,1,bearing,3100.0
2045-03-13,M07,Pump,3.67,58.56,14.55,98.7,1225.9,normal,82.87,14.2,16.54,1,bearing,4891.0
2045-03-14,M07,Pump,1.32,50.07,3.83,19.4,526.1,idle,83.22,13.9,16.19,1,bearing,4612.0
2045-03-15,M07,Pump,4.13,69.87,12.74,93.8,1266.2,normal,83.5,12.6,15.91,1,bearing,3277.0
2045-03-16,M07,Pump,1.37,45.56,3.78,93.8,520.3,idle,83.68,16.1,15.72,1,bearing,3771.0
2045-03-17,M07,Pump,1.07,50.62,4.52,21.3,513.5,idle,83.85,10.9,15.56,1,bearing,4994.0
2045-03-18,M07,Pump,1.35,47.28,4.08,20.3,517.2,idle,83.88,12.9,15.52,1,bearing,2605.0
2045-03-19,M07,Pump,3.65,48.16,3.8,24.2,497.6,idle,84.15,13.3,15.26,1,bearing,3027.0
2045-03-20,M07,Pump,3.85,48.16,14.74,105.8,1223.4,normal,84.58,17.9,14.82,1,bearing,2521.0
2045-03-21,M07,Pump,1.27,55.2,4.41,16.7,536.8,idle,84.98,12.1,14.42,1,bearing,2812.0
2045-03-22,M07,Pump,3.03,52.54,4.29,19.4,525.6,idle,85.42,8.7,13.99,1,bearing,4430.0
2045-03-23,M07,Pump,4.29,58.56,13.16,88.1,1278.7,normal,85.78,17.2,13.62,1,bearing,4782.0
2045-03-24,M07,Pump,1.34,50.4,4.44,22.2,1278.7,idle,86.27,11.6,13.14,1,bearing,4479.0
2045-03-25,M07,Pump,3.66,67.73,14.23,88.8,1203.2,normal,86.67,14.6,12.74,1,bearing,4704.0
2045-03-26,M07,Pump,4.03,74.39,13.77,103.6,1217.7,normal,87.0,10.7,12.41,1,bearing,4070.0
2045-03-27,M07,Pump,5.38,95.0,17.97,154.2,1706.4,peak,87.13,8.4,12.27,1,bearing,2800.0
2045-03-28,M07,Pump,1.25,55.3,4.6,18.6,491.6,idle,87.45,13.1,11.96,1,bearing,3910.0
2045-03-29,M07,Pump,1.19,49.6,4.32,18.6,532.9,idle,87.67,8.8,11.74,1,bearing,2890.0
2045-03-30,M07,Pump,4.39,62.17,14.48,18.6,1240.8,normal,87.87,12.5,11.54,1,bearing,3611.0
2045-03-31,M07,Pump,1.48,54.35,4.29,24.1,521.2,idle,88.27,11.9,11.14,1,bearing,3998.0
2045-04-01,M07,Pump,1.29,50.13,4.52,16.2,512.6,idle,88.42,9.2,10.99,1,bearing,4131.0
2045-04-02,M07,Pump,1.32,52.13,4.34,20.1,498.0,idle,88.47,16.2,10.94,1,bearing,2511.0
2045-04-03,M07,Pump,1.45,53.18,4.5,17.8,523.5,idle,88.52,13.9,10.89,1,bearing,2551.0
2045-04-04,M07,Pump,1.39,50.55,4.47,15.0,520.5,idle,88.92,16.9,10.49,1,bearing,2980.0
2045-04-05,M07,Pump,1.35,52.16,4.33,16.7,526.3,idle,89.23,8.2,10.17,1,bearing,3518.0
2045-04-06,M07,Pump,4.1,67.33,13.53,102.6,1241.8,normal,89.58,15.1,9.82,1,bearing,3112.0
2045-04-07,M07,Pump,1.47,51.8,4.09,19.9,526.4,idle,89.7,13.4,9.71,1,bearing,3356.0
2045-04-08,M07,Pump,1.26,51.21,4.28,17.9,493.9,idle,90.03,15.7,9.37,1,bearing,2663.0
2045-04-09,M07,Pump,1.17,50.65,3.87,20.8,491.6,idle,90.18,17.2,9.22,1,bearing,4728.0
2045-04-10,M07,Pump,1.29,49.91,4.35,23.5,522.2,idle,90.5,17.5,8.91,1,bearing,2586.0
2045-04-11,M07,Pump,1.36,54.03,3.87,16.2,485.8,idle,90.88,13.4,8.52,1,bearing,3120.0
2045-04-12,M07,Pump,1.17,50.01,4.28,16.1,542.1,idle,91.12,14.1,8.29,1,bearing,3884.0
2045-04-13,M07,Pump,4.78,79.78,12.93,122.3,1265.8,normal,91.18,11.8,8.22,1,bearing,4291.0
2045-04-14,M07,Pump,1.53,52.83,4.49,15.5,484.2,idle,91.58,16.7,7.82,1,bearing,3469.0
2045-04-15,M07,Pump,1.18,56.77,3.9,16.0,541.4,idle,91.78,9.3,7.62,1,bearing,2727.0
2045-04-16,M07,Pump,1.18,56.36,3.9,15.4,480.4,idle,91.92,12.7,7.49,1,bearing,3579.0
2045-04-17,M07,Pump,1.39,57.78,4.59,18.1,504.5,idle,92.4,17.1,7.01,1,bearing,2718.0
2045-04-18,M07,Pump,1.39,55.29,4.15,16.5,528.5,idle,92.83,12.3,6.57,1,bearing,2674.0
2045-04-19,M07,Pump,1.36,48.81,4.52,20.9,511.0,idle,93.13,14.1,6.27,1,bearing,4478.0
2045-04-20,M07,Pump,1.45,53.1,4.4,23.7,519.3,idle,93.18,8.4,6.22,1,bearing,2981.0
2045-04-21,M07,Pump,1.46,54.3,4.31,16.7,500.5,idle,93.53,8.9,5.87,1,bearing,3655.0
2045-04-22,M07,Pump,1.49,52.57,4.22,22.6,478.2,idle,94.02,8.9,5.39,1,bearing,3094.0
2045-04-23,M07,Pump,1.5,53.35,4.2,18.4,489.1,idle,94.47,9.0,4.94,1,bearing,3873.0
2045-04-24,M07,Pump,1.34,52.46,4.26,21.7,507.7,idle,94.78,11.4,4.62,1,bearing,2692.0
2045-04-25,M07,Pump,1.56,55.02,4.05,17.8,482.6,idle,94.98,12.0,4.42,1,bearing,3263.0
2045-04-26,M07,Pump,1.64,57.61,3.98,20.7,541.3,idle,95.37,13.9,4.04,1,bearing,4151.0
2045-04-27,M07,Pump,1.54,53.67,4.11,17.8,526.3,idle,95.42,12.5,3.99,1,bearing,3150.0
2045-04-28,M07,Pump,4.97,70.94,13.31,126.6,1265.8,normal,95.52,10.3,3.89,1,bearing,4426.0
2045-04-29,M07,Pump,4.23,60.2,14.31,92.8,1184.9,normal,95.9,12.8,3.51,1,bearing,3616.0
2045-04-30,M07,Pump,1.25,58.5,4.6,16.1,535.2,idle,96.12,11.0,3.29,1,bearing,2732.0
2045-05-01,M07,Pump,4.92,66.61,15.14,109.1,1264.8,normal,96.6,16.9,2.81,1,bearing,3063.0
2045-05-02,M07,Pump,1.43,54.25,4.16,18.9,514.1,idle,96.97,8.8,2.44,1,bearing,2760.0
2045-05-03,M07,Pump,5.27,73.09,13.44,78.4,1264.4,normal,97.15,8.7,2.26,1,bearing,4844.0
2045-05-04,M07,Pump,1.39,52.51,4.6,24.4,525.9,idle,97.35,13.8,2.06,1,bearing,4225.0
2045-05-05,M07,Pump,1.3,53.42,4.57,24.1,542.3,idle,97.85,16.0,1.56,1,bearing,4171.0
2045-05-06,M07,Pump,1.47,57.77,3.98,17.9,500.5,idle,97.95,9.8,1.46,1,bearing,3838.0
2045-05-07,M07,Pump,1.73,49.7,4.21,24.3,496.0,idle,98.35,11.8,1.06,1,bearing,2511.0
2045-05-08,M07,Pump,4.48,49.7,14.94,102.5,496.0,normal,98.57,8.1,0.84,1,bearing,4074.0
2045-05-09,M07,Pump,1.34,58.89,4.58,18.7,529.1,idle,98.63,11.0,0.77,1,bearing,3031.0
2045-05-10,M07,Pump,4.39,62.84,15.4,82.9,1141.3,normal,98.85,13.6,0.56,1,bearing,4336.0
2045-05-11,M07,Pump,4.69,62.23,15.25,126.0,1209.4,normal,98.88,11.9,0.52,1,bearing,4143.0
2045-05-12,M07,Pump,4.75,72.25,13.72,93.5,1155.0,normal,98.93,16.1,0.5,1,bearing,4111.0
2045-05-13,M07,Pump,4.78,73.97,15.41,116.4,1243.5,normal,99.08,12.0,0.5,1,bearing,4277.0
2045-05-14,M07,Pump,0.56,43.88,15.41,24.3,502.7,idle,0.0,8.9,71.32,0,none,0.0
2045-05-15,M07,Pump,2.0,59.79,11.59,129.6,1243.7,normal,0.37,16.4,70.95,0,none,0.0
2045-05-16,M07,Pump,1.81,56.14,11.65,126.0,1266.0,normal,0.72,9.2,70.6,0,none,0.0
2045-05-17,M07,Pump,1.91,59.39,11.16,117.3,1315.3,normal,1.2,8.4,70.12,0,none,0.0
2045-05-18,M07,Pump,2.68,84.34,16.16,157.4,1888.7,peak,1.28,8.6,70.04,0,none,0.0
2045-05-19,M07,Pump,2.03,54.93,11.05,115.9,1344.7,normal,1.7,8.3,69.62,0,none,0.0
2045-05-20,M07,Pump,1.94,52.81,12.04,115.9,1200.1,normal,1.92,14.1,69.4,0,none,0.0
2045-05-21,M07,Pump,0.68,43.86,3.68,16.2,547.0,idle,2.12,10.0,69.2,0,none,0.0
2045-05-22,M07,Pump,0.53,40.08,3.37,20.9,522.3,idle,2.38,13.7,68.94,0,none,0.0
2045-05-23,M07,Pump,0.67,43.0,4.0,17.6,504.3,idle,2.78,10.3,68.54,0,none,0.0
2045-05-24,M07,Pump,0.59,35.83,3.42,21.0,541.5,idle,2.87,16.2,68.45,0,none,0.0
2045-05-25,M07,Pump,0.51,35.83,3.67,17.7,561.0,idle,3.1,14.2,68.22,0,none,0.0
2045-05-26,M07,Pump,0.53,37.54,3.41,16.2,561.5,idle,3.42,9.3,67.9,0,none,0.0
2045-05-27,M07,Pump,0.56,42.23,3.6,21.4,565.0,idle,3.68,16.1,67.64,0,none,0.0
2045-05-28,M07,Pump,2.12,46.59,12.69,101.5,1252.5,normal,3.97,14.6,67.35,0,none,0.0
2045-05-29,M07,Pump,0.63,44.5,3.37,22.7,514.2,idle,4.13,17.8,67.19,0,none,0.0
2045-05-30,M07,Pump,1.89,65.1,12.09,81.5,1276.2,normal,4.47,8.4,66.85,0,none,0.0
2045-05-31,M07,Pump,0.66,40.29,3.42,19.4,564.7,idle,4.65,17.6,66.67,0,none,0.0
2045-06-01,M07,Pump,0.66,42.3,3.42,15.9,540.7,idle,4.83,17.3,66.49,0,none,0.0
2045-06-02,M07,Pump,0.58,36.39,3.44,22.8,511.3,idle,4.98,9.2,66.34,0,none,0.0
2045-06-03,M07,Pump,0.56,37.85,3.33,19.6,553.6,idle,5.02,9.2,66.3,0,none,0.0
2045-06-04,M07,Pump,0.5,36.13,3.8,20.9,550.1,idle,5.33,11.5,65.99,0,none,0.0
2045-06-05,M07,Pump,0.55,43.04,3.64,21.1,506.4,idle,5.55,10.8,65.77,0,none,0.0
2045-06-06,M07,Pump,0.54,42.73,3.46,15.9,541.8,idle,6.02,15.6,65.3,0,none,0.0
2045-06-07,M07,Pump,1.97,58.98,12.24,104.0,1274.1,normal,6.25,9.6,65.07,0,none,0.0
2045-06-08,M07,Pump,0.68,40.34,3.73,17.7,561.0,idle,6.37,14.9,64.95,0,none,0.0
2045-06-09,M07,Pump,0.5,40.57,3.73,21.0,525.2,idle,6.47,14.2,64.85,0,none,0.0
2045-06-10,M07,Pump,0.64,35.2,3.58,23.3,517.5,idle,6.52,12.1,64.8,0,none,0.0
2045-06-11,M07,Pump,0.51,39.97,3.98,15.6,504.9,idle,6.55,16.1,64.77,0,none,0.0
2045-06-12,M07,Pump,0.62,37.5,3.59,23.3,513.9,idle,6.63,16.4,64.69,0,none,0.0
2045-06-13,M07,Pump,0.64,40.04,3.93,24.7,534.0,idle,6.82,8.3,64.5,0,none,0.0
2045-06-14,M07,Pump,0.62,42.46,3.52,17.3,567.5,idle,6.85,16.6,64.47,0,none,0.0
2045-06-15,M07,Pump,0.59,35.02,3.89,21.0,511.8,idle,6.95,17.0,64.37,0,none,0.0
2045-06-16,M07,Pump,0.51,37.91,3.95,21.0,521.8,idle,7.18,10.0,64.14,0,none,0.0
2045-06-17,M07,Pump,2.12,55.16,12.31,95.4,1277.4,normal,7.63,11.7,63.69,0,none,0.0
2045-06-18,M07,Pump,0.56,35.61,3.4,17.9,568.3,idle,7.85,11.7,63.47,0,none,0.0
2045-06-19,M07,Pump,0.69,43.28,3.46,19.4,530.8,idle,7.98,8.7,63.34,0,none,0.0
2045-06-20,M07,Pump,0.58,35.45,3.67,15.7,556.1,idle,8.13,14.3,63.19,0,none,0.0
2045-06-21,M07,Pump,0.64,38.53,3.75,17.3,518.6,idle,8.2,16.1,63.12,0,none,0.0
2045-06-22,M07,Pump,0.56,42.97,3.45,20.6,514.0,idle,8.4,11.5,62.92,0,none,0.0
2045-06-23,M07,Pump,0.56,37.35,3.75,20.3,550.5,idle,8.67,11.7,62.65,0,none,0.0
2045-06-24,M07,Pump,0.54,35.09,3.78,16.1,517.2,idle,8.78,8.8,62.54,0,none,0.0
2045-06-25,M07,Pump,0.56,42.47,3.74,16.8,541.9,idle,8.93,11.1,62.39,0,none,0.0
2045-06-26,M07,Pump,0.64,38.89,3.47,21.8,542.8,idle,9.27,15.1,62.05,0,none,0.0
2045-06-27,M07,Pump,0.52,58.43,3.64,22.5,513.4,idle,9.43,11.7,61.89,0,none,0.0
2045-06-28,M07,Pump,0.52,40.43,3.64,18.9,552.2,idle,9.52,11.2,61.8,0,none,0.0
2045-06-29,M07,Pump,0.61,42.1,3.41,22.3,532.3,idle,9.78,11.2,61.54,0,none,0.0
2045-06-30,M07,Pump,1.72,50.39,11.05,101.8,1248.9,normal,10.05,17.3,61.27,0,none,0.0
2045-07-01,M07,Pump,0.7,43.69,3.88,20.0,556.5,idle,10.12,17.3,61.2,0,none,0.0
2045-07-02,M07,Pump,1.83,57.89,11.79,86.9,1210.9,normal,10.48,12.0,60.84,0,none,0.0
2045-07-03,M07,Pump,2.73,71.46,16.44,163.0,1774.3,peak,10.9,16.5,60.42,0,none,0.0
2045-07-04,M07,Pump,1.94,61.99,11.57,125.9,1333.3,normal,11.13,12.3,60.19,0,none,0.0
2045-07-05,M07,Pump,0.52,35.27,3.98,24.6,529.6,idle,11.37,13.5,59.95,0,none,0.0
2045-07-06,M07,Pump,0.51,41.19,3.51,24.4,555.6,idle,11.5,15.1,59.82,0,none,0.0
2045-07-07,M07,Pump,2.02,51.54,12.4,93.0,1205.6,normal,11.78,14.7,59.54,0,none,0.0
2045-07-08,M07,Pump,1.95,56.24,12.53,123.0,1253.2,normal,12.05,17.5,59.27,0,none,0.0
2045-07-09,M07,Pump,0.59,39.7,3.53,22.4,536.5,idle,12.27,8.5,59.05,0,none,0.0
2045-07-10,M07,Pump,2.95,79.75,15.42,144.1,1805.9,peak,12.38,17.9,58.94,0,none,0.0
2045-07-11,M07,Pump,1.87,54.36,11.37,128.9,1221.9,normal,12.78,12.7,58.54,0,none,0.0
2045-07-12,M07,Pump,2.03,45.3,11.81,94.1,1257.3,normal,13.2,10.7,58.12,0,none,0.0
2045-07-13,M07,Pump,1.95,58.81,12.17,110.8,1326.7,normal,13.68,14.4,57.64,0,none,0.0
2045-07-14,M07,Pump,2.14,61.96,11.16,128.0,1342.1,normal,14.02,8.3,57.3,0,none,0.0
2045-07-15,M07,Pump,2.06,56.9,11.5,117.3,1331.7,normal,14.23,10.4,57.09,0,none,0.0
2045-07-16,M07,Pump,0.63,41.29,11.5,18.6,550.6,idle,14.37,9.4,56.95,0,none,0.0
2045-07-17,M07,Pump,1.71,59.75,12.53,95.4,1211.4,normal,14.77,12.8,56.55,0,none,0.0
2045-07-18,M07,Pump,0.66,36.42,3.56,22.1,557.2,idle,15.22,10.1,56.1,0,none,0.0
2045-07-19,M07,Pump,2.13,57.2,11.95,122.1,1284.5,normal,15.7,10.6,55.62,0,none,0.0
2045-07-20,M07,Pump,0.62,39.34,3.56,19.8,525.5,idle,15.82,17.2,55.5,0,none,0.0
2045-07-21,M07,Pump,1.87,67.85,11.67,91.3,1253.1,normal,16.02,9.6,55.3,0,none,0.0
2045-07-22,M07,Pump,2.75,83.66,11.67,161.1,1878.8,peak,16.25,17.0,55.07,0,none,0.0
2045-07-23,M07,Pump,2.16,50.41,11.92,98.0,1257.3,normal,16.52,16.6,54.8,0,none,0.0
2045-07-24,M07,Pump,2.03,50.41,12.23,98.0,1246.7,normal,16.88,9.7,54.44,0,none,0.0
2045-07-25,M07,Pump,2.61,82.06,16.2,164.3,1874.9,peak,17.17,14.2,54.15,0,none,0.0
2045-07-26,M07,Pump,1.94,50.57,12.35,115.8,1269.6,normal,17.57,15.2,53.75,0,none,0.0
2045-07-27,M07,Pump,1.81,57.82,11.51,126.9,1294.3,normal,18.05,9.4,53.27,0,none,0.0
2045-07-28,M07,Pump,1.85,49.96,12.43,114.8,1289.6,normal,18.15,9.8,53.17,0,none,0.0
2045-07-29,M07,Pump,2.01,58.89,11.72,114.8,1271.9,normal,18.48,14.9,52.84,0,none,0.0
2045-07-30,M07,Pump,1.71,53.01,11.26,96.9,1291.2,normal,18.52,14.2,52.8,0,none,0.0
2045-07-31,M07,Pump,0.5,43.7,3.73,17.9,521.8,idle,18.67,9.8,52.65,0,none,0.0
2045-08-01,M07,Pump,1.93,50.71,11.01,79.4,1253.7,normal,18.83,10.1,52.49,0,none,0.0
2045-08-02,M07,Pump,1.76,45.51,12.72,92.3,1275.5,normal,19.02,8.7,52.3,0,none,0.0
2045-08-03,M07,Pump,1.79,46.07,12.49,84.5,1203.9,normal,19.35,16.9,51.97,0,none,0.0
2045-08-04,M07,Pump,0.62,35.13,3.61,17.9,522.4,idle,19.38,12.8,51.94,0,none,0.0
2045-08-05,M07,Pump,1.7,67.18,12.03,107.8,1299.9,normal,19.85,8.8,51.47,0,none,0.0
2045-08-06,M07,Pump,2.1,58.98,12.52,101.3,1255.7,normal,20.32,11.4,51.0,0,none,0.0
2045-08-07,M07,Pump,2.11,64.9,11.28,106.2,1302.5,normal,20.82,17.1,50.5,0,none,0.0
2045-08-08,M07,Pump,1.74,64.9,12.04,111.6,1226.7,normal,21.08,13.7,50.24,0,none,0.0
2045-08-09,M07,Pump,1.83,47.78,11.53,103.6,1325.0,normal,21.43,10.0,49.89,0,none,0.0
2045-08-10,M07,Pump,1.97,50.62,11.09,110.3,1263.0,normal,21.58,8.0,49.74,0,none,0.0
2045-08-11,M07,Pump,2.19,62.93,12.62,78.6,1263.0,normal,22.05,10.8,49.27,0,none,0.0
2045-08-12,M07,Pump,1.8,58.47,11.89,107.7,1220.0,normal,22.2,9.5,49.12,0,none,0.0
2045-08-13,M07,Pump,0.59,35.37,3.33,21.6,566.6,idle,22.63,17.9,48.69,0,none,0.0
2045-08-14,M07,Pump,0.66,39.69,3.34,15.4,511.1,idle,23.05,17.1,48.27,0,none,0.0
2045-08-15,M07,Pump,2.19,54.17,12.69,114.7,1290.8,normal,23.33,12.7,47.99,0,none,0.0
2045-08-16,M07,Pump,2.97,73.46,15.91,161.6,1832.8,peak,23.47,12.1,47.85,0,none,0.0
2045-08-17,M07,Pump,1.82,49.81,12.51,78.7,1337.1,normal,23.88,17.6,47.44,0,none,0.0
2045-08-18,M07,Pump,1.71,59.51,12.21,108.1,1271.2,normal,24.12,11.0,47.2,0,none,0.0
2045-08-19,M07,Pump,2.13,60.16,12.56,84.0,1207.5,normal,24.4,16.0,46.92,0,none,0.0
2045-08-20,M07,Pump,1.71,48.39,12.33,103.7,1312.8,normal,24.43,11.6,46.89,0,none,0.0
2045-08-21,M07,Pump,1.8,53.44,12.78,126.7,1338.3,normal,24.58,8.3,46.74,0,none,0.0
2045-08-22,M07,Pump,2.11,60.83,12.83,115.1,1343.1,normal,24.93,14.2,46.39,0,none,0.0
2045-08-23,M07,Pump,1.71,66.2,12.11,83.8,1232.2,normal,25.38,14.3,45.94,0,none,0.0
2045-08-24,M07,Pump,0.67,40.06,3.99,16.2,528.9,idle,25.45,8.4,45.87,0,none,0.0
2045-08-25,M07,Pump,0.57,40.16,3.74,21.6,500.1,idle,25.73,11.0,45.59,0,none,0.0
2045-08-26,M07,Pump,1.74,45.81,12.73,94.3,1255.1,normal,25.78,13.0,45.54,0,none,0.0
2045-08-27,M07,Pump,0.59,57.51,3.31,16.2,548.0,idle,25.82,16.7,45.5,0,none,0.0
2045-08-28,M07,Pump,0.69,41.43,3.48,20.2,568.2,idle,26.1,11.7,45.22,0,none,0.0
2045-08-29,M07,Pump,0.61,38.74,3.57,24.7,550.3,idle,26.22,12.2,45.1,0,none,0.0
2045-08-30,M07,Pump,0.64,37.32,3.69,18.6,516.8,idle,26.43,8.0,44.89,0,none,0.0
2045-08-31,M07,Pump,0.68,38.83,3.5,24.3,513.8,idle,26.68,8.1,44.64,0,none,0.0
2045-09-01,M07,Pump,0.65,41.53,3.94,23.3,549.4,idle,26.73,12.0,44.59,0,none,0.0
2045-09-02,M07,Pump,0.56,39.96,3.96,15.2,555.6,idle,27.18,17.8,44.14,0,none,0.0
2045-09-03,M07,Pump,0.56,36.85,3.46,15.6,569.4,idle,27.55,16.1,43.77,0,none,0.0
2045-09-04,M07,Pump,2.13,56.98,12.43,15.6,1321.7,normal,27.78,16.0,43.54,0,none,0.0
2045-09-05,M07,Pump,0.67,37.33,3.62,15.6,568.5,idle,28.03,10.8,43.29,0,none,0.0
2045-09-06,M07,Pump,0.64,43.98,3.89,20.8,562.6,idle,28.3,14.0,43.02,0,none,0.0
2045-09-07,M07,Pump,0.58,38.79,3.85,16.4,521.4,idle,28.67,9.0,42.65,0,none,0.0
2045-09-08,M07,Pump,2.0,54.66,12.88,127.8,1275.4,normal,28.8,15.0,42.52,0,none,0.0
2045-09-09,M07,Pump,0.61,42.25,3.62,16.9,552.3,idle,29.13,15.5,42.19,0,none,0.0
2045-09-10,M07,Pump,0.65,37.45,3.88,21.1,516.5,idle,29.6,10.8,41.72,0,none,0.0
2045-09-11,M07,Pump,0.63,37.34,3.49,23.5,565.1,idle,29.95,10.6,41.37,0,none,0.0
2045-09-12,M07,Pump,0.55,44.28,3.47,16.2,504.1,idle,30.35,8.3,40.97,0,none,0.0
2045-09-13,M07,Pump,0.55,38.85,3.95,17.4,525.6,idle,30.77,11.1,40.55,0,none,0.0
2045-09-14,M07,Pump,0.65,38.02,3.78,19.3,513.8,idle,30.97,10.8,40.35,0,none,0.0
2045-09-15,M07,Pump,0.65,35.27,3.5,18.6,532.1,idle,31.37,10.1,39.95,0,none,0.0
2045-09-16,M07,Pump,0.64,50.29,3.72,21.0,526.1,idle,31.83,16.7,39.49,0,none,0.0
2045-09-17,M07,Pump,0.69,44.56,3.71,15.7,534.4,idle,32.02,9.3,39.3,0,none,0.0
2045-09-18,M07,Pump,1.79,56.11,11.38,114.6,1212.1,normal,32.17,10.6,39.15,0,none,0.0
2045-09-19,M07,Pump,0.69,36.95,3.76,24.2,1212.1,idle,32.4,9.0,38.92,0,none,0.0
2045-09-20,M07,Pump,0.69,39.15,3.98,24.7,512.6,idle,32.8,15.0,47.64,0,none,0.0
2045-09-21,M07,Pump,0.67,37.56,3.48,15.8,509.6,idle,33.3,14.5,47.14,0,none,0.0
2045-09-22,M07,Pump,2.04,56.24,12.71,95.3,1340.1,normal,33.68,9.0,46.75,0,none,0.0
2045-09-23,M07,Pump,1.74,47.61,12.71,124.2,1312.7,normal,34.03,17.3,46.4,0,none,0.0
2045-09-24,M07,Pump,1.96,52.47,11.19,104.5,1264.4,normal,34.18,8.0,46.25,0,none,0.0
2045-09-25,M07,Pump,1.89,59.62,12.65,114.5,1232.5,normal,34.25,12.5,46.19,0,none,0.0
2045-09-26,M07,Pump,0.63,59.62,3.45,22.9,544.7,idle,34.67,17.2,45.77,0,none,0.0
2045-09-27,M07,Pump,2.11,50.22,13.08,84.9,1320.8,normal,34.78,9.9,45.65,0,none,0.0
2045-09-28,M07,Pump,2.65,73.53,15.92,144.5,1808.3,peak,35.12,15.0,45.32,0,none,0.0
2045-09-29,M07,Pump,3.02,77.01,16.61,162.3,1828.0,peak,35.3,11.0,45.14,0,none,0.0
2045-09-30,M07,Pump,0.58,47.34,3.53,20.2,550.0,idle,35.77,14.4,44.67,0,none,0.0
2045-10-01,M07,Pump,1.74,63.72,11.87,86.8,1227.4,normal,35.97,12.6,44.47,0,none,0.0
2045-10-02,M07,Pump,0.71,46.71,3.56,16.2,519.2,idle,36.27,8.6,44.17,0,none,0.0
2045-10-03,M07,Pump,0.64,46.68,4.12,22.5,534.9,idle,36.57,13.3,43.87,0,none,0.0
2045-10-04,M07,Pump,1.82,49.78,12.62,106.0,1309.4,normal,36.67,13.3,43.77,0,none,0.0
2045-10-05,M07,Pump,1.91,49.22,12.3,128.4,1300.6,normal,36.98,8.6,43.45,0,none,0.0
2045-10-06,M07,Pump,1.77,68.71,12.43,97.0,1232.7,normal,37.37,16.5,43.07,0,none,0.0
2045-10-07,M07,Pump,2.06,60.84,12.82,107.8,1202.5,normal,37.43,8.5,43.0,0,none,0.0
2045-10-08,M07,Pump,1.89,68.27,12.88,101.3,1206.7,normal,37.83,15.3,42.6,0,none,0.0
2045-10-09,M07,Pump,0.52,42.35,3.5,19.8,547.4,idle,38.23,13.8,42.2,0,none,0.0
2045-10-10,M07,Pump,1.91,68.88,13.03,84.5,1272.3,normal,38.45,12.7,41.99,0,none,0.0
2045-10-11,M07,Pump,1.85,64.69,11.89,98.4,1259.5,normal,38.78,17.7,41.65,0,none,0.0
2045-10-12,M07,Pump,1.8,53.28,12.27,102.0,1301.7,normal,38.95,15.5,41.49,0,none,0.0
2045-10-13,M07,Pump,1.87,57.88,12.62,93.4,1266.7,normal,39.15,14.9,41.29,0,none,0.0
2045-10-14,M07,Pump,1.91,67.91,12.72,82.5,1265.5,normal,39.5,15.8,40.94,0,none,0.0
2045-10-15,M07,Pump,1.91,58.11,11.69,88.4,1232.1,normal,39.73,14.8,40.7,0,none,0.0
2045-10-16,M07,Pump,2.64,58.11,17.44,161.4,1804.1,peak,39.88,16.6,40.55,0,none,0.0
2045-10-17,M07,Pump,2.95,84.91,18.09,146.5,1745.6,peak,40.37,9.5,40.07,0,none,0.0
2045-10-18,M07,Pump,0.56,45.81,3.6,17.7,520.2,idle,40.6,8.5,39.84,0,none,0.0
2045-10-19,M07,Pump,2.3,73.35,13.37,98.2,1294.5,normal,40.92,16.8,39.52,0,none,0.0
2045-10-20,M07,Pump,2.26,72.3,13.17,88.5,1180.6,normal,41.17,12.0,39.27,0,none,0.0
2045-10-21,M07,Pump,2.28,72.3,12.44,103.3,1170.3,normal,41.2,11.2,39.24,0,none,0.0
2045-10-22,M07,Pump,2.27,58.35,11.91,129.7,1210.6,normal,41.7,12.5,38.74,0,none,0.0
2045-10-23,M07,Pump,2.27,62.4,13.31,90.5,1237.3,normal,42.0,10.8,38.44,0,none,0.0
2045-10-24,M07,Pump,0.58,51.69,3.61,17.8,545.2,idle,42.28,13.2,38.15,0,none,0.0
2045-10-25,M07,Pump,2.06,51.69,13.33,81.7,1164.8,normal,42.52,15.5,37.92,0,none,0.0
2045-10-26,M07,Pump,0.73,45.23,3.88,21.8,499.9,idle,42.73,11.5,37.7,0,none,0.0
2045-10-27,M07,Pump,2.2,63.13,13.81,92.5,1190.5,normal,42.85,12.3,37.59,0,none,0.0
2045-10-28,M07,Pump,2.26,60.13,12.85,119.3,1253.1,normal,42.88,11.9,37.55,0,none,0.0
2045-10-29,M07,Pump,2.05,58.56,13.65,87.4,1294.4,normal,43.15,15.9,37.29,0,none,0.0
2045-10-30,M07,Pump,0.57,51.04,13.65,16.9,510.1,idle,43.4,16.6,37.04,0,none,0.0
2045-10-31,M07,Pump,0.58,44.49,3.79,23.7,489.7,idle,43.58,11.6,36.85,0,none,0.0
2045-11-01,M07,Pump,2.35,53.42,13.49,122.5,1292.4,normal,43.83,10.6,36.6,0,none,0.0
2045-11-02,M07,Pump,1.9,69.43,12.28,96.3,1262.8,normal,43.92,16.9,36.52,0,none,0.0
2045-11-03,M07,Pump,2.01,60.93,12.35,81.5,1262.8,normal,44.4,8.7,36.04,0,none,0.0
2045-11-04,M07,Pump,2.3,54.2,13.66,118.0,1235.9,normal,44.7,12.7,35.74,0,none,0.0
2045-11-05,M07,Pump,2.23,69.08,13.15,97.9,1289.0,normal,44.88,16.0,35.55,0,none,0.0
2045-11-06,M07,Pump,2.37,69.4,12.62,101.3,1223.1,normal,45.35,13.3,35.09,0,none,0.0
2045-11-07,M07,Pump,3.09,89.67,17.8,157.0,1681.1,peak,45.67,8.2,34.77,0,none,0.0
2045-11-08,M07,Pump,2.27,59.83,13.71,83.9,1165.2,normal,46.1,11.2,34.34,0,none,0.0
2045-11-09,M07,Pump,0.55,54.27,4.15,18.6,530.9,idle,46.38,15.3,34.05,0,none,0.0
2045-11-10,M07,Pump,2.19,69.62,13.39,78.4,530.9,normal,46.65,10.5,33.79,0,none,0.0
2045-11-11,M07,Pump,1.91,70.7,12.87,101.4,1196.8,normal,46.78,14.2,33.65,0,none,0.0
2045-11-12,M07,Pump,2.72,95.0,18.95,101.4,1787.4,peak,47.23,9.5,33.2,0,none,0.0
2045-11-13,M07,Pump,2.12,73.69,12.71,84.9,1271.4,normal,47.37,12.1,33.07,0,none,0.0
2045-11-14,M07,Pump,2.35,66.69,14.34,112.7,1170.0,normal,47.48,14.9,32.95,0,none,0.0
2045-11-15,M07,Pump,2.04,59.4,14.17,129.2,1220.0,normal,47.9,14.1,32.54,0,none,0.0
2045-11-16,M07,Pump,2.23,73.67,12.96,95.5,1199.6,normal,48.22,17.8,32.22,0,none,0.0
2045-11-17,M07,Pump,0.68,55.32,3.95,19.7,524.6,idle,48.65,15.5,31.79,0,none,0.0
2045-11-18,M07,Pump,1.92,68.72,12.83,106.0,1248.0,normal,48.78,13.8,31.65,0,none,0.0
2045-11-19,M07,Pump,0.61,68.72,4.02,16.9,504.8,idle,49.12,14.4,31.32,0,none,0.0
2045-11-20,M07,Pump,0.61,59.09,13.33,112.0,1186.5,normal,49.58,14.0,30.85,0,none,0.0
2045-11-21,M07,Pump,0.57,51.17,4.44,24.7,475.1,idle,50.07,16.2,30.37,0,none,0.0
2045-11-22,M07,Pump,2.2,60.52,14.21,78.4,1134.7,normal,50.4,9.3,30.04,0,none,0.0
2045-11-23,M07,Pump,0.73,48.96,4.04,24.6,536.7,idle,50.57,9.5,29.87,0,none,0.0
2045-11-24,M07,Pump,0.59,48.96,4.25,19.5,532.4,idle,50.73,11.6,29.7,0,none,0.0
2045-11-25,M07,Pump,0.73,56.25,4.03,19.3,503.0,idle,51.08,8.1,29.35,0,none,0.0
2045-11-26,M07,Pump,2.07,60.92,13.02,87.4,1158.1,normal,51.28,12.6,29.15,0,none,0.0
2045-11-27,M07,Pump,0.62,51.45,4.2,20.1,490.5,idle,51.5,11.8,28.94,0,none,0.0
2045-11-28,M07,Pump,0.76,54.72,4.47,24.2,480.3,idle,51.9,17.9,28.54,0,none,0.0
2045-11-29,M07,Pump,0.66,53.55,4.13,15.1,523.2,idle,51.93,13.0,28.5,0,none,0.0
2045-11-30,M07,Pump,1.98,82.38,14.63,108.2,1147.3,normal,52.3,13.7,28.14,0,none,0.0
2045-12-01,M07,Pump,1.82,52.37,4.07,23.3,493.3,idle,52.68,11.4,27.75,0,none,0.0
2045-12-02,M07,Pump,0.67,58.53,3.94,20.9,505.5,idle,53.15,13.5,27.29,0,none,0.0
2045-12-03,M07,Pump,0.67,58.48,4.65,19.6,497.3,idle,53.25,12.3,27.19,0,none,0.0
2045-12-04,M07,Pump,0.68,57.49,4.65,17.2,471.5,idle,53.37,10.5,27.07,0,none,0.0
2045-12-05,M07,Pump,0.78,52.94,4.41,23.3,486.8,idle,53.47,16.1,26.97,0,none,0.0
2045-12-06,M07,Pump,0.71,51.45,4.41,15.6,495.7,idle,53.52,17.7,26.92,0,none,0.0
2045-12-07,M07,Pump,2.23,78.71,13.23,100.9,495.7,normal,53.73,14.0,26.7,0,none,0.0
2045-12-08,M07,Pump,0.64,58.63,3.9,22.5,518.9,idle,54.17,13.2,26.27,0,none,0.0
2045-12-09,M07,Pump,0.77,57.37,4.18,19.3,528.7,idle,54.52,8.2,25.92,0,none,0.0
2045-12-10,M07,Pump,0.77,55.84,4.69,23.2,524.0,idle,54.65,9.5,25.79,0,none,0.0
2045-12-11,M07,Pump,0.73,59.89,4.65,15.9,527.9,idle,54.8,15.4,25.64,0,none,0.0
2045-12-12,M07,Pump,0.65,55.99,4.58,21.6,522.5,idle,55.18,10.9,25.25,0,none,0.0
2045-12-13,M07,Pump,0.65,55.5,3.96,19.6,511.1,idle,55.43,14.1,25.0,0,none,0.0
2045-12-14,M07,Pump,0.64,55.5,4.11,22.7,467.9,idle,55.52,8.7,24.92,0,none,0.0
2045-12-15,M07,Pump,0.73,55.98,3.98,23.5,494.8,idle,56.02,10.7,24.42,0,none,0.0
2045-12-16,M07,Pump,0.71,59.79,4.51,22.3,511.9,idle,56.4,9.6,24.04,0,none,0.0
2045-12-17,M07,Pump,0.71,56.16,4.16,24.0,525.3,idle,56.43,15.5,24.0,0,none,0.0
2045-12-18,M07,Pump,0.66,53.69,4.15,21.7,473.5,idle,56.53,11.2,23.9,1,motor_overheat,7259.0
2045-12-19,M07,Pump,0.76,62.15,4.78,15.1,523.5,idle,57.02,13.1,23.42,1,motor_overheat,5264.0
2045-12-20,M07,Pump,0.76,53.82,4.33,22.0,523.3,idle,57.1,9.6,23.34,1,motor_overheat,4800.0
2045-12-21,M07,Pump,2.06,66.01,14.41,128.3,1241.5,normal,57.22,12.3,23.22,1,motor_overheat,5953.0
2045-12-22,M07,Pump,0.64,56.56,4.77,22.4,523.3,idle,57.63,15.2,22.8,1,motor_overheat,5293.0
2045-12-23,M07,Pump,0.79,55.61,4.64,15.5,513.2,idle,57.75,16.4,22.69,1,motor_overheat,5396.0
2045-12-24,M07,Pump,2.32,85.67,4.64,80.6,1126.1,normal,58.05,16.5,22.39,1,motor_overheat,6632.0
2045-12-25,M07,Pump,0.7,62.56,4.7,24.6,499.6,idle,58.18,11.8,22.25,1,motor_overheat,4489.0
2045-12-26,M07,Pump,2.13,64.69,13.95,113.1,1229.3,normal,58.65,14.6,21.79,1,motor_overheat,3708.0
2045-12-27,M07,Pump,2.17,84.41,14.39,94.0,1170.9,normal,58.87,16.1,21.57,1,motor_overheat,3739.0
2045-12-28,M07,Pump,2.24,85.49,14.6,92.4,1215.7,normal,59.13,9.5,21.3,1,motor_overheat,4201.0
2045-12-29,M07,Pump,2.57,79.74,14.11,90.4,1105.9,normal,59.63,11.6,20.8,1,motor_overheat,5784.0
2045-12-30,M07,Pump,2.04,86.11,13.76,103.2,1192.5,normal,59.97,14.2,20.47,1,motor_overheat,7863.0
2045-12-31,M07,Pump,2.5,69.35,14.65,91.1,1130.0,normal,60.43,12.2,20.0,1,motor_overheat,4251.0
2046-01-01,M07,Pump,2.18,79.02,13.62,99.3,1120.0,normal,60.58,15.2,19.85,1,motor_overheat,4802.0
2046-01-02,M07,Pump,2.57,79.19,15.77,88.2,1203.8,normal,60.95,12.5,19.49,1,motor_overheat,7117.0
2046-01-03,M07,Pump,2.25,70.12,15.53,117.6,1227.7,normal,61.28,9.5,19.15,1,motor_overheat,4402.0
2046-01-04,M07,Pump,2.47,69.48,14.47,101.5,1108.5,normal,61.43,16.3,19.0,1,motor_overheat,3463.0
2046-01-05,M07,Pump,0.78,61.45,4.92,20.9,487.9,idle,61.48,16.0,18.95,1,motor_overheat,6509.0
2046-01-06,M07,Pump,0.78,57.82,4.84,24.9,480.7,idle,61.68,16.7,18.75,1,motor_overheat,7441.0
2046-01-07,M07,Pump,2.5,57.82,16.11,90.4,1163.1,normal,62.05,8.6,18.39,1,motor_overheat,7523.0
2046-01-08,M07,Pump,0.69,62.13,4.36,20.0,493.1,idle,62.22,17.8,18.22,1,motor_overheat,7758.0
2046-01-09,M07,Pump,0.62,64.29,4.74,23.8,480.2,idle,62.42,8.7,18.02,1,motor_overheat,6646.0
2046-01-10,M07,Pump,2.06,77.65,14.12,111.7,1093.0,normal,62.67,11.1,17.77,1,motor_overheat,7860.0
2046-01-11,M07,Pump,2.25,69.17,13.81,128.0,1220.7,normal,62.97,16.2,17.47,1,motor_overheat,7461.0
2046-01-12,M07,Pump,2.36,72.99,16.12,126.0,1200.2,normal,63.28,8.4,17.15,1,motor_overheat,6706.0
2046-01-13,M07,Pump,2.35,69.52,14.09,124.6,1201.3,normal,63.7,13.1,16.74,1,motor_overheat,5889.0
2046-01-14,M07,Pump,2.3,75.59,15.53,120.0,1180.4,normal,64.03,12.9,16.4,1,motor_overheat,3475.0
2046-01-15,M07,Pump,2.41,73.59,14.6,115.7,1188.7,normal,64.35,11.7,16.09,1,motor_overheat,7985.0
2046-01-16,M07,Pump,0.63,60.46,4.8,18.9,484.9,idle,64.78,11.9,15.65,1,motor_overheat,6317.0
2046-01-17,M07,Pump,2.42,86.78,16.06,92.6,1149.8,normal,65.25,13.1,15.19,1,motor_overheat,7509.0
2046-01-18,M07,Pump,2.12,86.78,16.19,93.6,1097.4,normal,65.55,10.1,14.89,1,motor_overheat,3187.0
2046-01-19,M07,Pump,2.11,82.72,14.31,113.4,1165.1,normal,66.03,8.2,14.4,1,motor_overheat,6923.0
2046-01-20,M07,Pump,2.43,89.83,15.08,124.9,1078.1,normal,66.27,10.4,14.17,1,motor_overheat,6269.0
2046-01-21,M07,Pump,2.14,79.43,15.67,79.7,1147.7,normal,66.65,9.1,13.79,1,motor_overheat,7936.0
2046-01-22,M07,Pump,2.25,90.37,15.51,108.6,1198.2,normal,66.68,11.3,13.75,1,motor_overheat,3722.0
2046-01-23,M07,Pump,0.79,64.58,4.68,21.5,458.5,idle,67.0,13.5,13.44,1,motor_overheat,4267.0
2046-01-24,M07,Pump,2.12,77.61,16.21,91.4,1086.6,normal,67.33,13.4,13.1,1,motor_overheat,6170.0
2046-01-25,M07,Pump,0.66,67.59,4.83,21.9,464.8,idle,67.82,15.6,12.62,1,motor_overheat,7184.0
2046-01-26,M07,Pump,0.66,81.5,15.62,127.3,1196.2,normal,68.25,16.1,12.19,1,motor_overheat,7001.0
2046-01-27,M07,Pump,3.43,95.0,20.88,147.7,1595.9,peak,68.28,11.9,12.15,1,motor_overheat,7882.0
2046-01-28,M07,Pump,0.75,67.22,4.69,23.8,470.4,idle,68.33,8.5,12.1,1,motor_overheat,7801.0
2046-01-29,M07,Pump,2.25,71.43,16.82,120.9,1147.0,normal,68.43,15.8,12.0,1,motor_overheat,7829.0
2046-01-30,M07,Pump,2.6,90.12,16.75,98.1,1137.6,normal,68.75,13.5,11.69,1,motor_overheat,4892.0
2046-01-31,M07,Pump,2.15,93.79,16.91,119.0,1123.6,normal,68.9,15.1,11.54,1,motor_overheat,6577.0
2046-02-01,M07,Pump,2.4,81.88,15.15,105.5,1068.9,normal,69.28,17.0,11.15,1,motor_overheat,3378.0
2046-02-02,M07,Pump,0.86,66.22,5.17,22.2,460.1,idle,69.43,8.4,11.0,1,motor_overheat,7020.0
2046-02-03,M07,Pump,2.23,95.0,16.43,91.0,1069.5,normal,69.63,14.1,10.8,1,motor_overheat,7248.0
2046-02-04,M07,Pump,0.79,65.48,4.53,22.4,483.1,idle,70.08,10.3,10.35,1,motor_overheat,4564.0
2046-02-05,M07,Pump,2.4,94.28,16.26,124.5,1083.3,normal,70.28,12.5,10.15,1,motor_overheat,6988.0
2046-02-06,M07,Pump,2.29,75.19,15.3,128.5,1184.3,normal,70.55,9.0,9.89,1,motor_overheat,4399.0
2046-02-07,M07,Pump,0.81,68.34,5.09,20.5,439.9,idle,71.02,17.0,9.42,1,motor_overheat,4786.0
2046-02-08,M07,Pump,2.42,86.97,15.24,88.6,1091.1,normal,71.1,11.4,9.34,1,motor_overheat,3349.0
2046-02-09,M07,Pump,0.77,64.93,5.04,19.2,460.7,idle,71.48,11.2,8.95,1,motor_overheat,3268.0
2046-02-10,M07,Pump,2.62,64.93,15.61,123.7,1101.2,normal,71.7,8.9,8.74,1,motor_overheat,6919.0
2046-02-11,M07,Pump,2.66,85.48,15.19,109.9,1089.0,normal,72.05,16.8,8.39,1,motor_overheat,4823.0
2046-02-12,M07,Pump,2.21,76.09,15.3,116.3,1160.3,normal,72.35,16.2,8.09,1,motor_overheat,5157.0
2046-02-13,M07,Pump,2.66,80.35,16.42,90.0,1131.9,normal,72.4,17.8,8.04,1,motor_overheat,7402.0
2046-02-14,M07,Pump,2.68,75.18,17.3,121.0,1149.6,normal,72.53,8.8,7.9,1,motor_overheat,3523.0
2046-02-15,M07,Pump,0.8,72.07,5.34,22.7,458.6,idle,72.72,17.5,7.72,1,motor_overheat,3838.0
2046-02-16,M07,Pump,2.52,82.44,17.33,124.8,1121.6,normal,73.15,10.3,7.29,1,motor_overheat,5643.0
2046-02-17,M07,Pump,2.63,95.0,15.43,108.1,1108.5,normal,73.63,12.0,6.8,1,motor_overheat,6636.0
2046-02-18,M07,Pump,2.63,83.82,16.69,99.0,1059.7,normal,73.72,15.5,6.72,1,motor_overheat,7373.0
2046-02-19,M07,Pump,0.66,66.54,4.47,20.3,475.9,idle,74.07,8.4,6.37,1,motor_overheat,6587.0
2046-02-20,M07,Pump,2.22,89.79,16.48,85.7,1094.6,normal,74.57,14.2,5.87,1,motor_overheat,7405.0
2046-02-21,M07,Pump,2.63,76.15,15.26,129.8,1137.4,normal,74.62,9.4,5.82,1,motor_overheat,5478.0
2046-02-22,M07,Pump,0.75,72.38,5.27,23.4,453.1,idle,75.07,10.7,5.37,1,motor_overheat,6492.0
2046-02-23,M07,Pump,0.76,72.68,4.55,24.5,459.1,idle,75.37,12.1,5.07,1,motor_overheat,6875.0
2046-02-24,M07,Pump,0.72,75.62,4.6,15.4,473.9,idle,75.7,8.2,4.74,1,motor_overheat,4899.0
2046-02-25,M07,Pump,0.74,74.53,4.57,18.8,445.9,idle,76.17,15.3,4.27,1,motor_overheat,6500.0
2046-02-26,M07,Pump,0.83,69.29,4.94,23.2,486.7,idle,76.35,8.7,4.09,1,motor_overheat,4785.0
2046-02-27,M07,Pump,0.82,71.38,4.94,21.9,484.1,idle,76.45,12.8,3.99,1,motor_overheat,7084.0
2046-02-28,M07,Pump,0.87,76.62,5.3,16.5,475.8,idle,76.75,16.7,3.69,1,motor_overheat,5908.0
2046-03-01,M07,Pump,2.7,95.0,17.63,104.5,1117.1,normal,77.08,11.7,3.35,1,motor_overheat,4312.0
2046-03-02,M07,Pump,2.18,90.98,16.43,128.0,1147.5,normal,77.43,14.7,3.0,1,motor_overheat,6597.0
2046-03-03,M07,Pump,0.85,68.49,4.93,22.0,431.2,idle,77.58,11.9,2.85,1,motor_overheat,7583.0
2046-03-04,M07,Pump,0.71,77.12,4.68,15.5,463.6,idle,78.02,15.1,2.42,1,motor_overheat,4119.0
2046-03-05,M07,Pump,0.89,76.83,5.5,22.5,454.5,idle,78.35,11.3,2.09,1,motor_overheat,6017.0
2046-03-06,M07,Pump,0.89,73.04,4.92,19.5,476.4,idle,78.75,14.4,1.69,1,motor_overheat,4857.0
2046-03-07,M07,Pump,0.88,72.46,5.02,24.0,430.2,idle,78.9,8.9,1.54,1,motor_overheat,6054.0
2046-03-08,M07,Pump,0.85,73.47,4.94,19.5,452.3,idle,78.97,14.3,1.47,1,motor_overheat,5083.0
2046-03-09,M07,Pump,0.84,78.44,5.06,23.3,470.5,idle,79.28,12.3,1.15,1,motor_overheat,6187.0
2046-03-10,M07,Pump,2.42,92.69,17.15,23.3,1074.9,normal,79.32,17.1,1.12,1,motor_overheat,5456.0
2046-03-11,M07,Pump,2.42,75.69,4.91,17.5,439.0,idle,79.5,16.5,0.94,1,motor_overheat,5085.0
2046-03-12,M07,Pump,0.75,71.42,4.73,18.6,462.3,idle,79.73,9.2,0.7,1,motor_overheat,7688.0
2046-03-13,M07,Pump,0.69,70.08,4.63,17.7,437.1,idle,79.95,14.5,0.5,1,motor_overheat,6989.0
2046-03-14,M07,Pump,0.79,74.33,4.93,23.3,455.6,idle,80.12,17.2,0.5,1,motor_overheat,7995.0
2046-03-15,M07,Pump,0.68,72.79,5.56,24.8,440.5,idle,80.2,12.4,0.5,1,motor_overheat,5758.0
2046-03-16,M07,Pump,2.31,91.25,16.72,99.3,1088.3,normal,80.23,17.0,0.5,1,motor_overheat,3630.0
2046-03-17,M07,Pump,1.82,47.64,12.14,126.5,1220.7,normal,0.0,17.4,82.13,0,none,0.0
2046-03-18,M07,Pump,2.82,76.57,15.59,161.3,1818.5,peak,0.5,10.3,81.63,0,none,0.0
2046-03-19,M07,Pump,1.99,55.19,11.16,108.9,1262.8,normal,0.93,10.7,81.2,0,none,0.0
2046-03-20,M07,Pump,1.74,58.7,11.02,88.8,1317.2,normal,1.22,16.9,80.92,0,none,0.0
2046-03-21,M07,Pump,1.72,59.87,11.02,86.9,1262.6,normal,1.62,16.2,80.52,0,none,0.0
2046-03-22,M07,Pump,0.62,39.5,3.73,19.0,510.4,idle,1.75,16.1,80.38,0,none,0.0
2046-03-23,M07,Pump,1.74,62.12,11.48,122.1,1311.5,normal,1.93,18.0,80.2,0,none,0.0
2046-03-24,M07,Pump,1.36,37.01,3.5,20.9,556.7,idle,2.27,16.6,79.87,0,none,0.0
2046-03-25,M07,Pump,1.73,50.74,11.75,87.5,1281.8,normal,2.58,14.6,79.55,0,none,0.0
2046-03-26,M07,Pump,2.69,50.74,16.03,148.9,1801.5,peak,2.73,15.7,79.4,0,none,0.0
2046-03-27,M07,Pump,0.55,40.4,3.61,17.0,500.9,idle,2.77,12.2,79.37,0,none,0.0
2046-03-28,M07,Pump,1.78,45.99,11.86,89.7,1263.1,normal,3.25,17.7,78.88,0,none,0.0
2046-03-29,M07,Pump,1.86,57.37,12.45,102.9,1209.3,normal,3.67,15.3,78.47,0,none,0.0
2046-03-30,M07,Pump,1.71,49.9,11.85,80.3,1249.2,normal,4.0,16.2,78.13,0,none,0.0
2046-03-31,M07,Pump,2.14,47.07,12.9,122.5,1324.8,normal,4.08,9.9,78.05,0,none,0.0
2046-04-01,M07,Pump,2.13,46.84,11.3,85.0,1324.8,normal,4.32,9.2,77.82,0,none,0.0
2046-04-02,M07,Pump,1.86,64.09,11.5,90.7,1301.4,normal,4.73,12.2,77.4,0,none,0.0
2046-04-03,M07,Pump,2.46,75.4,15.59,161.2,1827.2,peak,4.98,8.0,77.15,0,none,0.0
2046-04-04,M07,Pump,0.63,36.29,3.95,18.2,549.5,idle,5.18,17.2,76.95,0,none,0.0
2046-04-05,M07,Pump,2.18,56.7,12.02,84.1,1258.5,normal,5.35,17.5,76.78,0,none,0.0
2046-04-06,M07,Pump,2.13,48.11,12.84,112.7,1263.1,normal,5.4,16.5,76.73,0,none,0.0
2046-04-07,M07,Pump,1.97,48.46,11.43,92.9,1257.7,normal,5.5,15.0,76.63,0,none,0.0
2046-04-08,M07,Pump,2.16,53.45,12.05,92.9,1310.4,normal,5.65,13.9,76.48,0,none,0.0
2046-04-09,M07,Pump,1.98,55.12,12.89,124.3,1298.9,normal,5.7,17.9,76.43,0,none,0.0
2046-04-10,M07,Pump,2.16,57.99,12.65,99.3,1213.0,normal,6.12,12.2,76.02,0,none,0.0
2046-04-11,M07,Pump,0.7,36.66,3.48,16.6,523.6,idle,6.27,12.9,75.87,0,none,0.0
2046-04-12,M07,Pump,0.56,41.01,4.0,15.5,554.5,idle,6.62,8.9,75.52,0,none,0.0
2046-04-13,M07,Pump,1.76,45.46,12.28,123.4,1226.4,normal,7.1,8.7,75.03,0,none,0.0
2046-04-14,M07,Pump,1.87,48.88,12.81,92.1,1266.7,normal,7.2,10.8,74.93,0,none,0.0
2046-04-15,M07,Pump,2.15,57.72,12.87,126.2,1269.2,normal,7.43,10.9,74.7,0,none,0.0
2046-04-16,M07,Pump,1.99,50.3,12.98,92.5,1317.5,normal,7.78,10.5,74.35,0,none,0.0
2046-04-17,M07,Pump,1.99,50.3,11.21,92.5,1236.7,normal,8.27,12.6,73.87,0,none,0.0
2046-04-18,M07,Pump,1.77,50.21,11.5,104.2,1257.9,normal,8.75,11.6,73.38,0,none,0.0
2046-04-19,M07,Pump,0.52,40.36,11.5,20.7,568.2,idle,9.25,16.7,72.88,0,none,0.0
2046-04-20,M07,Pump,0.52,43.21,11.5,20.2,536.3,idle,9.48,9.1,72.65,0,none,0.0
2046-04-21,M07,Pump,0.57,38.25,3.74,15.4,541.2,idle,9.72,15.5,72.42,0,none,0.0
2046-04-22,M07,Pump,0.64,38.56,3.45,17.1,505.7,idle,9.95,13.7,72.18,0,none,0.0
2046-04-23,M07,Pump,0.52,36.67,3.31,17.7,521.5,idle,10.4,15.4,71.73,0,none,0.0
2046-04-24,M07,Pump,0.7,44.92,3.43,17.1,534.4,idle,10.77,14.1,71.37,0,none,0.0
2046-04-25,M07,Pump,0.53,40.04,3.58,18.2,557.6,idle,10.97,15.6,71.17,0,none,0.0
2046-04-26,M07,Pump,0.67,44.88,3.46,23.9,537.6,idle,11.33,14.9,70.8,0,none,0.0
2046-04-27,M07,Pump,2.0,65.61,12.89,115.8,1252.2,normal,11.57,10.6,70.57,0,none,0.0
2046-04-28,M07,Pump,0.6,65.61,3.88,21.6,525.6,idle,11.63,8.4,70.5,0,none,0.0
2046-04-29,M07,Pump,1.91,46.16,12.85,82.6,1287.0,normal,11.77,17.7,70.37,0,none,0.0
2046-04-30,M07,Pump,0.67,39.21,3.86,23.0,504.2,idle,12.23,8.0,69.9,0,none,0.0
2046-05-01,M07,Pump,0.58,41.91,3.6,20.4,541.6,idle,12.35,11.3,69.78,0,none,0.0
2046-05-02,M07,Pump,0.53,39.12,3.32,16.5,535.9,idle,12.42,17.8,69.72,0,none,0.0
2046-05-03,M07,Pump,1.99,48.36,12.51,97.4,1338.1,normal,12.88,17.7,69.25,0,none,0.0
2046-05-04,M07,Pump,0.58,36.5,3.83,20.7,527.1,idle,13.32,14.8,68.82,0,none,0.0
2046-05-05,M07,Pump,0.57,36.51,3.54,15.3,535.2,idle,13.82,12.8,68.32,0,none,0.0
2046-05-06,M07,Pump,0.68,42.95,3.32,23.8,531.7,idle,13.93,13.4,68.2,0,none,0.0
2046-05-07,M07,Pump,0.54,42.52,3.53,17.5,511.3,idle,14.27,12.7,67.87,0,none,0.0
2046-05-08,M07,Pump,1.94,47.15,12.57,102.5,1267.0,normal,14.42,8.7,67.72,0,none,0.0
2046-05-09,M07,Pump,0.5,43.18,3.64,19.4,553.3,idle,14.63,15.3,67.5,0,none,0.0
2046-05-10,M07,Pump,0.5,38.67,3.7,19.6,512.7,idle,15.03,14.9,67.1,0,none,0.0
2046-05-11,M07,Pump,0.56,38.0,3.99,18.3,514.4,idle,15.22,10.0,66.92,0,none,0.0
2046-05-12,M07,Pump,0.66,39.21,3.61,20.5,541.7,idle,15.43,10.6,66.7,0,none,0.0
2046-05-13,M07,Pump,0.62,35.34,3.87,16.9,520.5,idle,15.88,13.3,66.25,0,none,0.0
2046-05-14,M07,Pump,0.53,42.67,3.71,22.6,545.7,idle,16.15,11.2,65.98,0,none,0.0
2046-05-15,M07,Pump,0.52,38.01,3.66,18.1,514.5,idle,16.22,14.9,65.92,0,none,0.0
2046-05-16,M07,Pump,0.67,42.48,3.54,22.6,543.9,idle,16.4,11.2,65.73,0,none,0.0
2046-05-17,M07,Pump,0.5,42.48,3.5,17.2,517.6,idle,16.55,14.5,65.58,0,none,0.0
2046-05-18,M07,Pump,0.69,39.86,3.89,17.1,512.2,idle,16.8,9.9,65.33,0,none,0.0
2046-05-19,M07,Pump,2.14,56.4,12.79,81.3,1337.5,normal,17.2,11.7,64.93,0,none,0.0
2046-05-20,M07,Pump,1.91,56.4,12.37,119.4,1207.1,normal,17.25,15.2,64.88,0,none,0.0
2046-05-21,M07,Pump,2.19,61.03,11.64,85.9,1258.9,normal,17.57,10.4,64.57,0,none,0.0
2046-05-22,M07,Pump,1.81,56.37,12.56,112.3,1265.4,normal,17.75,8.8,64.38,0,none,0.0
2046-05-23,M07,Pump,2.47,84.36,15.54,146.9,1846.8,peak,17.82,10.5,64.32,0,none,0.0
2046-05-24,M07,Pump,2.09,67.64,12.94,125.5,1265.3,normal,18.07,12.1,64.07,0,none,0.0
2046-05-25,M07,Pump,1.78,58.44,11.03,88.2,1200.4,normal,18.43,16.0,63.7,0,none,0.0
2046-05-26,M07,Pump,0.54,39.75,3.58,18.7,558.2,idle,18.72,8.8,63.42,0,none,0.0
2046-05-27,M07,Pump,2.04,66.54,11.89,92.2,1218.4,normal,18.98,14.2,63.15,0,none,0.0
2046-05-28,M07,Pump,2.04,64.36,11.37,92.2,1278.9,normal,19.22,11.2,62.92,0,none,0.0
2046-05-29,M07,Pump,1.77,59.79,12.04,92.2,1259.9,normal,19.4,15.6,62.73,0,none,0.0
2046-05-30,M07,Pump,2.09,57.77,11.56,126.3,1235.7,normal,19.87,14.4,62.27,0,none,0.0
2046-05-31,M07,Pump,0.55,38.55,3.93,20.1,547.8,idle,20.23,9.4,61.9,0,none,0.0
2046-06-01,M07,Pump,0.55,42.83,3.42,22.9,552.4,idle,20.48,14.6,61.65,0,none,0.0
2046-06-02,M07,Pump,2.54,74.88,16.42,22.9,1781.2,peak,20.63,15.2,61.5,0,none,0.0
2046-06-03,M07,Pump,2.82,83.21,15.15,151.2,1841.1,peak,20.85,9.8,61.28,0,none,0.0
2046-06-04,M07,Pump,2.04,67.91,12.37,110.2,1348.5,normal,21.27,12.0,60.87,0,none,0.0
2046-06-05,M07,Pump,1.73,46.71,12.12,96.7,1214.5,normal,21.32,8.5,60.82,0,none,0.0
2046-06-06,M07,Pump,1.85,60.51,12.76,82.9,1281.0,normal,21.62,11.4,60.52,0,none,0.0
2046-06-07,M07,Pump,0.56,41.67,3.68,24.3,502.6,idle,21.98,11.4,60.15,0,none,0.0
2046-06-08,M07,Pump,0.56,49.43,12.07,122.4,1336.7,normal,22.38,11.3,59.75,0,none,0.0
2046-06-09,M07,Pump,1.9,63.67,11.56,78.3,1328.3,normal,22.85,10.9,59.28,0,none,0.0
2046-06-10,M07,Pump,1.76,45.41,11.71,97.7,1211.6,normal,22.93,15.9,59.2,0,none,0.0
2046-06-11,M07,Pump,1.76,54.33,11.98,91.8,1276.7,normal,22.97,12.8,59.17,0,none,0.0
2046-06-12,M07,Pump,2.08,65.84,12.94,100.2,1348.5,normal,23.05,10.6,59.08,0,none,0.0
2046-06-13,M07,Pump,1.85,45.16,12.54,87.3,1207.9,normal,23.47,9.4,58.67,0,none,0.0
2046-06-14,M07,Pump,2.95,81.88,15.21,159.4,1876.6,peak,23.55,12.0,58.58,0,none,0.0
2046-06-15,M07,Pump,2.15,81.88,12.41,117.6,1303.3,normal,24.05,16.5,58.08,0,none,0.0
2046-06-16,M07,Pump,2.02,57.59,11.96,129.8,1250.6,normal,24.35,9.4,57.78,0,none,0.0
2046-06-17,M07,Pump,1.74,62.6,11.43,105.7,1214.4,normal,24.45,8.3,57.68,0,none,0.0
2046-06-18,M07,Pump,2.01,66.71,12.45,89.2,1345.7,normal,24.65,17.8,57.48,0,none,0.0
2046-06-19,M07,Pump,1.85,55.04,12.0,129.5,1345.7,normal,24.75,9.8,57.38,0,none,0.0
2046-06-20,M07,Pump,2.05,53.32,11.16,126.6,1288.5,normal,24.97,14.6,57.17,0,none,0.0
2046-06-21,M07,Pump,2.85,73.61,11.16,160.7,1814.6,peak,25.05,15.4,57.08,0,none,0.0
2046-06-22,M07,Pump,1.99,67.35,12.69,101.1,1299.7,normal,25.48,8.8,56.65,0,none,0.0
2046-06-23,M07,Pump,2.09,45.56,12.18,129.2,1342.1,normal,25.92,13.3,56.22,0,none,0.0
2046-06-24,M07,Pump,2.12,47.44,12.99,109.7,1233.4,normal,26.05,9.0,56.08,0,none,0.0
2046-06-25,M07,Pump,2.04,64.7,11.22,125.7,1338.0,normal,26.2,11.6,55.93,0,none,0.0
2046-06-26,M07,Pump,1.71,65.71,12.89,80.0,1244.1,normal,26.5,17.7,55.63,0,none,0.0
2046-06-27,M07,Pump,1.89,53.02,12.52,96.6,1343.5,normal,26.95,10.4,55.18,0,none,0.0
2046-06-28,M07,Pump,1.89,52.29,12.02,107.0,1286.9,normal,27.3,16.3,54.83,0,none,0.0
2046-06-29,M07,Pump,0.57,36.66,3.34,16.1,1286.9,idle,27.55,11.3,54.58,0,none,0.0
2046-06-30,M07,Pump,1.84,46.77,12.25,81.9,1210.5,normal,27.68,13.0,54.45,0,none,0.0
2046-07-01,M07,Pump,0.62,40.91,3.33,19.6,530.5,idle,27.87,11.0,54.27,0,none,0.0
2046-07-02,M07,Pump,1.97,61.97,11.57,100.5,1318.9,normal,28.13,8.0,54.0,0,none,0.0
2046-07-03,M07,Pump,2.16,65.5,11.96,105.1,1279.4,normal,28.3,12.3,53.83,0,none,0.0
2046-07-04,M07,Pump,2.13,64.32,11.62,86.5,1256.8,normal,28.43,15.5,53.7,0,none,0.0
2046-07-05,M07,Pump,2.13,44.51,3.49,16.8,563.0,idle,28.85,17.5,53.28,0,none,0.0
2046-07-06,M07,Pump,1.74,50.99,11.88,109.0,1249.2,normal,29.0,12.5,53.13,0,none,0.0
2046-07-07,M07,Pump,1.74,50.99,11.88,99.2,1249.2,normal,29.38,17.0,52.75,0,none,0.0
2046-07-08,M07,Pump,1.91,55.21,12.18,84.4,1223.5,normal,29.85,14.6,52.28,0,none,0.0
2046-07-09,M07,Pump,2.1,51.29,12.37,83.1,1323.3,normal,30.17,11.6,51.97,0,none,0.0
2046-07-10,M07,Pump,2.19,53.59,12.01,101.0,1334.1,normal,30.52,10.3,51.62,0,none,0.0
2046-07-11,M07,Pump,2.19,41.53,3.76,18.8,515.4,idle,30.75,8.9,51.38,0,none,0.0
2046-07-12,M07,Pump,1.82,63.41,11.13,107.3,1246.0,normal,31.15,11.8,50.98,0,none,0.0
2046-07-13,M07,Pump,1.83,56.63,12.8,110.1,1318.3,normal,31.38,11.3,50.75,0,none,0.0
2046-07-14,M07,Pump,2.0,61.05,11.86,126.2,1275.3,normal,31.87,12.9,50.27,0,none,0.0
2046-07-15,M07,Pump,1.98,57.07,11.63,90.0,1211.1,normal,32.37,9.6,49.77,0,none,0.0
2046-07-16,M07,Pump,2.06,51.65,11.78,125.8,1285.0,normal,32.82,14.4,49.32,0,none,0.0
2046-07-17,M07,Pump,1.75,63.39,11.51,106.7,1276.5,normal,32.87,12.2,49.27,0,none,0.0
2046-07-18,M07,Pump,1.82,47.66,11.42,83.1,1241.3,normal,33.05,12.7,49.08,0,none,0.0
2046-07-19,M07,Pump,0.7,39.02,3.9,20.5,546.7,idle,33.27,12.0,48.87,0,none,0.0
2046-07-20,M07,Pump,0.53,37.75,3.66,23.8,503.0,idle,33.6,9.6,48.53,0,none,0.0
2046-07-21,M07,Pump,0.6,35.51,3.62,21.3,552.1,idle,34.1,17.9,48.03,0,none,0.0
2046-07-22,M07,Pump,1.77,48.83,11.94,129.9,1253.4,normal,34.27,11.9,47.87,0,none,0.0
2046-07-23,M07,Pump,0.59,39.32,3.36,22.7,517.7,idle,34.68,10.3,47.45,0,none,0.0
2046-07-24,M07,Pump,0.64,39.75,3.73,15.5,562.3,idle,34.82,15.0,47.32,0,none,0.0
2046-07-25,M07,Pump,1.82,60.41,12.6,106.1,1250.6,normal,35.22,9.3,46.92,0,none,0.0
2046-07-26,M07,Pump,2.19,51.4,12.9,86.1,1258.4,normal,35.58,13.8,46.55,0,none,0.0
2046-07-27,M07,Pump,0.53,35.02,3.48,15.9,569.0,idle,36.08,10.5,46.05,0,none,0.0
2046-07-28,M07,Pump,0.65,35.04,3.46,21.7,527.9,idle,36.27,17.1,45.87,0,none,0.0
2046-07-29,M07,Pump,2.12,56.61,12.31,109.0,1295.7,normal,36.7,12.9,45.43,0,none,0.0
2046-07-30,M07,Pump,0.55,38.73,3.34,20.9,532.1,idle,37.03,9.0,45.1,0,none,0.0
2046-07-31,M07,Pump,0.65,37.06,3.61,16.8,543.0,idle,37.32,14.4,44.82,0,none,0.0
2046-08-01,M07,Pump,0.67,42.65,3.96,24.7,554.0,idle,37.8,17.3,44.33,0,none,0.0
2046-08-02,M07,Pump,0.56,37.19,3.61,24.9,528.9,idle,37.93,13.5,44.2,0,none,0.0
2046-08-03,M07,Pump,0.54,44.44,3.57,21.9,555.2,idle,38.08,10.1,44.05,0,none,0.0
2046-08-04,M07,Pump,0.67,43.21,3.89,21.7,555.2,idle,38.47,13.5,43.67,0,none,0.0
2046-08-05,M07,Pump,0.63,43.37,3.55,18.0,524.1,idle,38.77,10.5,43.37,0,none,0.0
2046-08-06,M07,Pump,0.63,35.52,3.55,18.0,509.3,idle,39.1,15.8,43.03,0,none,0.0
2046-08-07,M07,Pump,0.54,40.77,3.5,18.7,565.2,idle,39.33,9.5,42.8,0,none,0.0
2046-08-08,M07,Pump,0.67,43.52,3.7,23.7,554.5,idle,39.67,14.4,42.47,0,none,0.0
2046-08-09,M07,Pump,0.69,35.64,3.32,16.8,565.0,idle,40.02,16.9,42.12,0,none,0.0
2046-08-10,M07,Pump,0.62,39.26,3.66,23.3,565.0,idle,40.33,8.8,41.8,0,none,0.0
2046-08-11,M07,Pump,0.65,42.6,3.52,19.7,562.0,idle,40.42,10.2,41.72,0,none,0.0
2046-08-12,M07,Pump,0.66,41.84,3.35,15.4,509.1,idle,40.72,11.9,41.42,0,none,0.0
2046-08-13,M07,Pump,1.99,57.34,12.89,114.1,1244.1,normal,41.17,10.0,40.97,0,none,0.0
2046-08-14,M07,Pump,1.78,64.54,11.92,112.0,1284.8,normal,41.43,10.4,40.7,0,none,0.0
2046-08-15,M07,Pump,0.52,35.57,3.56,18.6,547.2,idle,41.72,12.7,40.42,0,none,0.0
2046-08-16,M07,Pump,2.02,67.29,12.72,103.8,1275.0,normal,41.95,14.9,40.18,0,none,0.0
2046-08-17,M07,Pump,0.63,36.14,4.0,20.2,563.7,idle,42.38,8.0,39.75,0,none,0.0
2046-08-18,M07,Pump,2.18,58.38,11.21,20.2,1289.7,normal,42.47,14.1,39.67,0,none,0.0
2046-08-19,M07,Pump,2.09,46.11,11.93,126.0,1348.7,normal,42.93,13.5,39.2,0,none,0.0
2046-08-20,M07,Pump,1.8,65.02,11.29,121.7,1241.6,normal,43.33,17.0,38.8,0,none,0.0
2046-08-21,M07,Pump,0.69,41.95,3.58,121.7,516.5,idle,43.57,13.7,38.57,0,none,0.0
2046-08-22,M07,Pump,2.04,41.95,12.51,121.4,516.5,normal,43.65,9.2,38.48,0,none,0.0
2046-08-23,M07,Pump,2.19,62.43,11.42,119.2,1248.3,normal,43.83,10.0,38.3,0,none,0.0
2046-08-24,M07,Pump,2.2,53.66,11.59,90.4,1298.8,normal,44.27,15.7,37.87,0,none,0.0
2046-08-25,M07,Pump,1.75,66.93,11.59,93.4,1206.9,normal,44.5,14.4,37.63,0,none,0.0
2046-08-26,M07,Pump,1.82,54.64,11.74,92.2,1206.1,normal,44.97,13.8,37.17,0,none,0.0
2046-08-27,M07,Pump,1.85,62.9,11.88,93.1,1245.7,normal,45.43,11.9,36.7,0,none,0.0
2046-08-28,M07,Pump,1.98,51.95,12.26,129.4,1206.2,normal,45.83,15.5,36.3,0,none,0.0
2046-08-29,M07,Pump,2.5,72.69,15.89,141.0,1821.6,peak,45.97,9.9,36.17,0,none,0.0
2046-08-30,M07,Pump,2.16,45.27,11.73,117.6,1223.2,normal,46.05,15.5,36.08,0,none,0.0
2046-08-31,M07,Pump,0.52,41.31,3.31,23.0,504.7,idle,46.38,13.9,35.75,0,none,0.0
2046-09-01,M07,Pump,1.96,62.02,11.48,83.4,1226.3,normal,46.88,10.2,35.25,0,none,0.0
2046-09-02,M07,Pump,2.13,61.23,11.4,115.2,1306.3,normal,47.35,13.1,34.78,0,none,0.0
2046-09-03,M07,Pump,2.13,54.01,12.73,101.2,1334.7,normal,47.73,14.7,34.4,0,none,0.0
2046-09-04,M07,Pump,1.75,49.03,12.7,120.6,1245.8,normal,47.85,15.0,34.28,0,none,0.0
2046-09-05,M07,Pump,0.62,38.83,3.31,15.3,503.8,idle,48.08,13.7,34.05,0,none,0.0
2046-09-06,M07,Pump,2.0,51.42,11.29,126.9,1218.2,normal,48.15,12.5,33.98,0,none,0.0
2046-09-07,M07,Pump,2.04,51.42,11.33,89.2,1286.1,normal,48.53,14.8,33.6,0,none,0.0
2046-09-08,M07,Pump,1.95,56.98,12.11,127.4,1208.1,normal,48.85,11.3,33.28,0,none,0.0
2046-09-09,M07,Pump,2.08,50.35,11.75,82.6,1266.8,normal,49.2,9.0,32.93,0,none,0.0
2046-09-10,M07,Pump,2.1,47.27,11.55,97.4,1215.6,normal,49.43,11.5,32.7,0,none,0.0
2046-09-11,M07,Pump,2.08,63.1,11.55,108.4,1276.1,normal,49.87,9.1,32.27,0,none,0.0
2046-09-12,M07,Pump,0.55,41.55,3.61,24.7,567.8,idle,50.3,13.7,31.83,0,none,0.0
2046-09-13,M07,Pump,0.68,38.6,3.56,23.5,551.0,idle,50.47,8.3,31.67,0,none,0.0
2046-09-14,M07,Pump,2.05,51.43,12.67,108.1,1267.0,normal,50.9,10.3,31.23,0,none,0.0
2046-09-15,M07,Pump,2.92,75.91,16.31,151.7,1838.9,peak,51.07,10.2,31.07,0,none,0.0
2046-09-16,M07,Pump,1.72,55.61,12.11,103.6,1327.1,normal,51.45,12.8,30.68,0,none,0.0
2046-09-17,M07,Pump,1.86,65.33,11.81,114.1,1213.0,normal,51.9,14.9,30.23,0,none,0.0
2046-09-18,M07,Pump,0.54,42.61,3.31,24.7,513.3,idle,52.22,10.8,29.92,0,none,0.0
2046-09-19,M07,Pump,2.15,56.87,12.13,82.4,1254.8,normal,52.68,16.0,29.45,0,none,0.0
2046-09-20,M07,Pump,1.78,57.1,12.1,82.4,1331.7,normal,52.85,8.6,29.28,0,none,0.0
2046-09-21,M07,Pump,0.59,37.33,12.1,23.5,510.2,idle,52.92,12.9,29.22,0,none,0.0
2046-09-22,M07,Pump,2.01,45.3,11.49,108.8,1268.5,normal,53.05,17.9,29.08,0,none,0.0
2046-09-23,M07,Pump,1.95,60.19,11.47,92.6,1302.7,normal,53.37,12.0,28.77,0,none,0.0
2046-09-24,M07,Pump,1.97,45.34,12.34,110.2,1211.8,normal,53.55,15.1,28.58,0,none,0.0
2046-09-25,M07,Pump,1.97,40.22,12.34,110.2,541.7,idle,53.93,15.7,28.2,0,none,0.0
2046-09-26,M07,Pump,0.68,42.42,3.51,16.2,559.7,idle,53.98,14.6,28.15,0,none,0.0
2046-09-27,M07,Pump,0.67,36.75,3.34,22.1,550.6,idle,54.1,8.4,28.03,0,none,0.0
2046-09-28,M07,Pump,1.79,60.37,11.56,91.5,1248.7,normal,54.4,16.8,27.73,0,none,0.0
2046-09-29,M07,Pump,1.96,63.5,12.0,93.5,1332.6,normal,54.88,9.2,27.25,0,none,0.0
2046-09-30,M07,Pump,2.43,81.96,16.57,146.3,1779.7,peak,55.2,15.5,26.93,0,none,0.0
2046-10-01,M07,Pump,0.67,40.59,3.33,23.9,524.4,idle,55.27,14.0,26.87,0,none,0.0
2046-10-02,M07,Pump,1.87,59.8,12.32,96.4,1221.5,normal,55.42,9.2,26.72,0,none,0.0
2046-10-03,M07,Pump,0.61,41.25,3.9,19.8,545.2,idle,55.9,10.6,26.23,0,none,0.0
2046-10-04,M07,Pump,0.51,43.95,3.53,21.3,564.1,idle,56.4,11.3,25.73,0,none,0.0
2046-10-05,M07,Pump,2.11,59.67,12.41,125.9,1321.8,normal,56.72,9.6,25.42,0,none,0.0
2046-10-06,M07,Pump,2.0,60.15,11.29,102.5,1245.2,normal,56.77,10.0,25.37,0,none,0.0
2046-10-07,M07,Pump,1.92,60.23,11.3,78.9,1259.5,normal,57.02,12.8,25.12,0,none,0.0
2046-10-08,M07,Pump,1.92,39.2,3.95,22.1,522.9,idle,57.4,16.4,24.73,0,none,0.0
2046-10-09,M07,Pump,0.54,41.18,3.76,19.8,514.9,idle,57.73,17.2,24.4,0,none,0.0
2046-10-10,M07,Pump,0.51,37.66,3.62,22.9,559.8,idle,57.97,11.2,24.17,0,none,0.0
2046-10-11,M07,Pump,0.58,42.96,4.0,22.2,551.0,idle,58.25,15.0,23.88,0,none,0.0
2046-10-12,M07,Pump,0.58,38.38,3.31,24.9,534.3,idle,58.32,9.2,23.82,0,none,0.0
2046-10-13,M07,Pump,0.66,43.12,3.58,20.4,537.8,idle,58.82,15.1,23.32,0,none,0.0
2046-10-14,M07,Pump,0.54,36.18,3.68,20.4,537.8,idle,59.15,17.3,22.98,0,none,0.0
2046-10-15,M07,Pump,0.54,42.07,3.91,20.4,528.7,idle,59.62,9.4,22.52,0,none,0.0
2046-10-16,M07,Pump,0.7,42.07,3.51,17.8,524.9,idle,60.12,16.7,22.02,0,none,0.0
2046-10-17,M07,Pump,1.82,51.08,11.52,104.3,1258.7,normal,60.23,13.2,21.9,0,none,0.0
2046-10-18,M07,Pump,0.63,40.14,3.43,23.1,533.0,idle,60.68,10.9,21.45,0,none,0.0
2046-10-19,M07,Pump,0.53,36.67,3.86,22.0,535.5,idle,60.77,13.3,21.37,0,none,0.0
2046-10-20,M07,Pump,0.56,39.61,3.75,23.8,538.9,idle,61.25,11.2,20.88,0,none,0.0
2046-10-21,M07,Pump,1.84,45.98,11.35,111.8,1224.1,normal,61.53,8.8,20.6,0,none,0.0
2046-10-22,M07,Pump,0.6,41.99,3.52,21.7,540.7,idle,61.88,12.4,20.25,0,none,0.0
2046-10-23,M07,Pump,0.59,43.97,3.78,18.6,556.3,idle,62.37,12.9,19.77,0,none,0.0
2046-10-24,M07,Pump,2.07,63.21,12.28,97.7,1252.3,normal,62.55,9.9,19.58,0,none,0.0
2046-10-25,M07,Pump,0.63,36.31,3.87,18.7,544.1,idle,62.62,15.9,19.52,0,none,0.0
2046-10-26,M07,Pump,0.6,40.19,3.82,21.3,517.5,idle,62.68,14.4,19.45,0,none,0.0
2046-10-27,M07,Pump,0.51,43.4,3.92,16.6,521.7,idle,62.87,9.1,19.27,0,none,0.0
2046-10-28,M07,Pump,0.56,44.37,3.44,16.7,512.7,idle,63.1,13.8,19.03,0,none,0.0
2046-10-29,M07,Pump,0.65,43.88,3.58,16.4,541.0,idle,63.28,14.4,18.85,0,none,0.0
2046-10-30,M07,Pump,0.54,35.64,3.92,23.7,568.3,idle,63.37,16.8,18.77,0,none,0.0
2046-10-31,M07,Pump,0.59,37.94,3.84,16.8,517.0,idle,63.43,8.8,18.7,0,none,0.0
2046-11-01,M07,Pump,0.55,44.52,3.81,16.3,506.5,idle,63.63,8.5,18.5,0,none,0.0
2046-11-02,M07,Pump,0.67,43.02,3.77,17.0,533.6,idle,63.98,17.7,18.15,0,none,0.0
2046-11-03,M07,Pump,0.62,44.32,3.42,20.1,511.0,idle,64.1,12.1,18.03,0,none,0.0
2046-11-04,M07,Pump,0.59,37.0,3.89,17.6,529.2,idle,64.27,11.4,17.87,0,none,0.0
2046-11-05,M07,Pump,0.58,43.66,3.83,15.6,504.7,idle,64.47,14.6,17.67,0,none,0.0
2046-11-06,M07,Pump,0.61,39.28,3.49,22.9,509.0,idle,64.88,8.8,17.25,0,none,0.0
2046-11-07,M07,Pump,0.69,35.24,3.38,18.1,535.6,idle,64.98,10.8,17.15,0,none,0.0
2046-11-08,M07,Pump,0.54,35.24,3.55,15.4,561.4,idle,65.4,17.3,16.73,0,none,0.0
2046-11-09,M07,Pump,2.17,59.23,12.61,84.3,1240.3,normal,65.67,14.0,16.47,0,none,0.0
2046-11-10,M07,Pump,1.86,67.1,12.02,78.4,1257.0,normal,66.02,13.3,16.12,0,none,0.0
2046-11-11,M07,Pump,1.7,50.47,11.91,94.8,1204.9,normal,66.23,14.0,15.9,0,none,0.0
2046-11-12,M07,Pump,1.76,57.67,12.39,99.0,1204.9,normal,66.53,17.5,15.6,0,none,0.0
2046-11-13,M07,Pump,2.5,71.83,16.68,148.5,1814.8,peak,66.68,8.3,15.45,0,none,0.0
2046-11-14,M07,Pump,2.17,54.75,11.01,126.8,1202.1,normal,66.77,14.3,15.37,0,none,0.0
2046-11-15,M07,Pump,2.03,65.3,11.94,106.5,1261.3,normal,67.18,12.5,14.95,0,none,0.0
2046-11-16,M07,Pump,2.86,83.96,15.17,160.0,1769.3,peak,67.57,10.1,14.57,0,none,0.0
2046-11-17,M07,Pump,0.52,44.56,3.64,16.5,539.9,idle,67.78,11.0,14.35,0,none,0.0
2046-11-18,M07,Pump,0.55,39.64,3.74,23.7,500.2,idle,67.88,9.8,14.25,0,none,0.0
2046-11-19,M07,Pump,0.54,35.96,3.37,24.5,565.5,idle,68.25,12.6,13.88,0,none,0.0
2046-11-20,M07,Pump,2.07,59.79,12.7,81.0,1217.9,normal,68.48,15.6,13.65,0,none,0.0
2046-11-21,M07,Pump,1.86,64.15,11.94,104.2,1234.4,normal,68.7,8.3,13.43,0,none,0.0
2046-11-22,M07,Pump,0.63,43.88,3.53,21.2,523.2,idle,68.93,12.8,13.2,0,none,0.0
2046-11-23,M07,Pump,2.1,55.92,11.68,99.8,1213.7,normal,69.32,10.9,12.82,0,none,0.0
2046-11-24,M07,Pump,2.92,84.37,15.95,145.5,1849.7,peak,69.68,9.1,12.45,0,none,0.0
2046-11-25,M07,Pump,1.93,50.8,11.08,124.3,1319.5,normal,69.83,16.2,12.3,0,none,0.0
2046-11-26,M07,Pump,2.11,55.12,12.51,108.2,1256.2,normal,70.13,17.6,12.0,0,none,0.0
2046-11-27,M07,Pump,2.12,67.97,12.8,118.4,1312.1,normal,70.62,8.4,11.52,0,none,0.0
2046-11-28,M07,Pump,2.03,64.63,11.99,87.5,1315.2,normal,71.02,15.8,11.12,0,none,0.0
2046-11-29,M07,Pump,0.68,38.41,3.85,17.7,566.0,idle,71.1,8.0,11.03,0,none,0.0
2046-11-30,M07,Pump,2.81,78.54,16.56,160.3,1883.9,peak,71.47,12.1,10.67,0,none,0.0
2046-12-01,M07,Pump,2.15,46.21,11.25,121.0,1341.9,normal,71.78,14.7,10.35,0,none,0.0
2046-12-02,M07,Pump,0.56,35.09,3.53,18.8,553.3,idle,72.23,12.9,9.9,0,none,0.0
2046-12-03,M07,Pump,1.72,49.89,12.79,86.0,1313.9,normal,72.55,12.7,9.58,0,none,0.0
2046-12-04,M07,Pump,1.88,60.24,11.15,92.9,1263.7,normal,72.67,15.2,9.47,0,none,0.0
2046-12-05,M07,Pump,2.13,57.96,11.09,119.7,1208.2,normal,72.75,15.9,9.38,0,none,0.0
2046-12-06,M07,Pump,2.17,49.87,11.98,81.8,1284.3,normal,72.87,9.4,9.27,0,none,0.0
2046-12-07,M07,Pump,1.95,54.44,11.07,123.7,1320.4,normal,72.97,13.6,9.17,0,none,0.0
2046-12-08,M07,Pump,2.02,58.16,12.39,85.5,1339.9,normal,73.15,10.8,8.98,0,none,0.0
2046-12-09,M07,Pump,0.56,41.56,3.72,21.4,561.5,idle,73.35,13.3,8.78,0,none,0.0
2046-12-10,M07,Pump,2.58,81.23,16.2,141.9,1812.1,peak,73.57,13.9,8.57,0,none,0.0
2046-12-11,M07,Pump,2.12,52.25,11.96,103.4,1292.7,normal,73.75,10.7,8.38,0,none,0.0
2046-12-12,M07,Pump,0.68,36.74,3.65,19.2,520.7,idle,73.8,13.5,8.33,0,none,0.0
2046-12-13,M07,Pump,2.16,45.19,11.24,116.1,1239.5,normal,74.07,9.2,8.07,0,none,0.0
2046-12-14,M07,Pump,0.64,43.32,3.48,16.9,510.2,idle,74.28,9.0,7.85,0,none,0.0
2046-12-15,M07,Pump,2.52,74.01,16.74,159.2,1750.3,peak,74.37,11.5,7.77,0,none,0.0
2046-12-16,M07,Pump,0.67,35.79,3.76,16.5,504.4,idle,74.4,17.5,7.73,0,none,0.0
2046-12-17,M07,Pump,2.08,55.75,12.2,100.1,1210.1,normal,74.6,17.7,7.53,0,none,0.0
2046-12-18,M07,Pump,2.84,82.31,15.08,149.4,1833.6,peak,74.87,9.6,7.27,0,none,0.0
2046-12-19,M07,Pump,2.0,58.3,12.39,128.3,1258.6,normal,75.23,9.3,6.9,0,none,0.0
2046-12-20,M07,Pump,1.98,61.08,12.18,98.1,1293.6,normal,75.7,17.3,6.43,0,none,0.0
2046-12-21,M07,Pump,2.03,58.45,11.41,104.3,1332.7,normal,75.88,15.0,6.25,0,none,0.0
2046-12-22,M07,Pump,2.13,62.27,12.39,86.0,1268.9,normal,76.27,12.9,5.87,0,none,0.0
2046-12-23,M07,Pump,1.76,63.8,11.58,117.9,1322.2,normal,76.32,12.6,5.82,0,none,0.0
2046-12-24,M07,Pump,2.15,62.34,12.13,109.1,1248.1,normal,76.47,17.3,5.67,0,none,0.0
2046-12-25,M07,Pump,0.54,36.31,3.43,24.3,511.5,idle,76.5,8.2,5.63,0,none,0.0
2046-12-26,M07,Pump,2.06,49.25,12.95,97.1,1261.8,normal,76.68,10.9,5.45,0,none,0.0
2046-12-27,M07,Pump,0.58,43.16,3.45,23.3,546.0,idle,77.17,11.3,4.97,0,none,0.0
2046-12-28,M07,Pump,1.81,46.5,12.55,89.4,1333.4,normal,77.35,11.3,4.78,0,none,0.0
2046-12-29,M07,Pump,1.76,59.18,12.38,112.2,1247.4,normal,77.78,15.6,4.35,0,none,0.0
2046-12-30,M07,Pump,2.93,81.55,16.02,155.1,1835.0,peak,78.22,17.3,3.92,0,none,0.0
2046-12-31,M07,Pump,2.17,65.62,11.47,91.7,1347.2,normal,78.38,13.6,3.75,0,none,0.0
2047-01-01,M07,Pump,1.82,66.93,12.3,80.6,1250.4,normal,78.83,15.3,3.3,0,none,0.0
2047-01-02,M07,Pump,1.94,64.16,11.66,94.2,1338.0,normal,79.2,8.4,2.93,0,none,0.0
2047-01-03,M07,Pump,1.74,57.68,12.01,81.0,1213.2,normal,79.27,14.7,2.87,0,none,0.0
2047-01-04,M07,Pump,1.89,57.68,11.96,109.7,1303.7,normal,79.62,11.9,2.52,0,none,0.0
2047-01-05,M07,Pump,1.97,53.73,11.26,90.9,1303.7,normal,80.05,17.8,2.08,0,none,0.0
2047-01-06,M07,Pump,1.97,49.66,11.83,116.1,1305.8,normal,80.37,17.7,1.77,0,none,0.0
2047-01-07,M07,Pump,2.98,72.86,15.03,148.1,1772.5,peak,80.75,12.6,1.38,0,none,0.0
2047-01-08,M07,Pump,0.61,43.99,3.78,16.4,508.1,idle,81.08,14.7,1.05,0,none,0.0
2047-01-09,M07,Pump,0.68,39.88,3.78,22.4,569.5,idle,81.17,14.6,0.97,0,none,0.0
2047-01-10,M07,Pump,2.14,54.53,12.52,102.5,1235.0,normal,81.58,12.4,0.55,0,none,0.0
2047-01-11,M07,Pump,0.55,57.43,3.38,16.8,535.0,idle,82.08,15.2,0.5,0,none,0.0
2047-01-12,M07,Pump,0.69,40.78,3.59,17.4,513.7,idle,82.43,11.2,0.5,0,none,0.0
2047-01-13,M07,Pump,0.63,43.48,3.58,20.5,549.5,idle,82.63,17.6,0.5,0,none,0.0
2047-01-14,M07,Pump,0.51,38.51,3.81,21.9,503.7,idle,82.92,13.9,0.5,0,none,0.0
2047-01-15,M08,Pump,1.8,60.64,11.54,120.3,1204.4,normal,294.26,13.7,60.83,0,none,0.0
2047-01-16,M08,Pump,0.54,37.81,3.95,23.0,561.9,idle,294.31,11.6,60.78,0,none,0.0
2047-01-17,M08,Pump,0.59,43.23,3.9,19.0,569.6,idle,294.41,16.0,60.68,0,none,0.0
2047-01-18,M08,Pump,0.67,44.9,3.92,22.8,565.7,idle,294.66,8.7,47.77,0,none,0.0
2047-01-19,M08,Pump,0.58,43.03,3.46,22.3,554.5,idle,294.71,12.2,47.72,0,none,0.0
2047-01-20,M08,Pump,0.64,43.81,3.6,20.4,500.1,idle,294.86,15.6,47.57,0,none,0.0
2047-01-21,M08,Pump,0.53,41.91,3.71,17.0,516.0,idle,295.07,8.4,47.36,0,none,0.0
2047-01-22,M08,Pump,0.53,42.8,3.76,15.7,551.7,idle,295.31,12.4,47.12,0,none,0.0
2047-01-23,M08,Pump,1.84,61.14,11.34,129.9,1208.5,normal,295.37,12.2,47.06,0,none,0.0
2047-01-24,M08,Pump,0.66,61.14,3.4,15.3,523.3,idle,295.69,13.9,46.74,0,none,0.0
2047-01-25,M08,Pump,0.67,36.56,3.84,21.6,516.0,idle,296.01,11.6,46.42,0,none,0.0
2047-01-26,M08,Pump,0.53,45.57,3.57,16.1,544.4,idle,296.37,10.8,46.06,0,none,0.0
2047-01-27,M08,Pump,0.55,41.38,3.4,24.9,527.6,idle,296.66,14.2,45.77,0,none,0.0
2047-01-28,M08,Pump,0.71,40.57,3.61,24.1,519.2,idle,296.77,16.5,45.66,0,none,0.0
2047-01-29,M08,Pump,0.6,37.62,4.05,15.8,549.6,idle,296.96,12.6,45.47,0,none,0.0
2047-01-30,M08,Pump,0.62,37.79,3.38,24.4,546.8,idle,297.42,17.1,45.01,0,none,0.0
2047-01-31,M08,Pump,0.65,41.72,3.56,24.4,537.2,idle,297.62,16.1,44.81,0,none,0.0
2047-02-01,M08,Pump,0.66,41.22,4.11,15.7,500.0,idle,297.94,9.8,44.49,0,none,0.0
2047-02-02,M08,Pump,0.7,44.34,3.65,22.6,525.2,idle,298.36,10.5,44.07,0,none,0.0
2047-02-03,M08,Pump,0.51,44.47,3.59,16.1,525.2,idle,298.49,8.0,43.94,0,none,0.0
2047-02-04,M08,Pump,0.62,38.5,4.05,20.6,513.8,idle,298.54,12.5,43.89,0,none,0.0
2047-02-05,M08,Pump,0.66,46.11,3.86,17.0,501.0,idle,298.64,15.2,43.79,0,none,0.0
2047-02-06,M08,Pump,0.69,40.56,3.43,21.4,503.7,idle,298.84,16.7,43.59,0,none,0.0
2047-02-07,M08,Pump,0.72,47.17,3.88,23.3,525.0,idle,299.19,13.3,43.24,0,none,0.0
2047-02-08,M08,Pump,0.68,45.09,3.46,24.5,551.6,idle,299.39,16.5,43.04,0,none,0.0
2047-02-09,M08,Pump,2.25,65.68,12.34,88.8,1206.7,normal,299.72,11.8,42.71,0,none,0.0
2047-02-10,M08,Pump,0.55,41.41,3.87,21.8,512.6,idle,300.19,16.1,42.24,0,none,0.0
2047-02-11,M08,Pump,0.63,42.63,3.97,24.9,538.3,idle,300.22,9.6,42.21,0,none,0.0
2047-02-12,M08,Pump,1.8,60.4,13.17,106.2,1317.2,normal,300.49,18.0,41.94,0,none,0.0
2047-02-13,M08,Pump,1.8,56.21,12.03,117.9,1253.8,normal,300.62,9.4,41.81,0,none,0.0
2047-02-14,M08,Pump,1.84,56.41,12.72,129.8,1228.6,normal,301.07,14.0,41.36,0,none,0.0
2047-02-15,M08,Pump,1.86,61.43,12.28,107.4,1242.8,normal,301.29,10.2,41.14,0,none,0.0
2047-02-16,M08,Pump,2.13,71.08,12.06,120.7,1313.3,normal,301.36,13.4,41.07,0,none,0.0
2047-02-17,M08,Pump,1.98,52.99,13.42,114.5,1203.5,normal,301.81,11.9,40.62,0,none,0.0
2047-02-18,M08,Pump,2.01,63.7,12.04,115.2,1273.2,normal,301.86,17.1,40.57,0,none,0.0
2047-02-19,M08,Pump,2.24,63.54,12.91,110.2,1211.9,normal,301.96,11.9,40.47,0,none,0.0
2047-02-20,M08,Pump,0.68,47.47,4.15,22.7,531.0,idle,302.46,14.2,39.97,0,none,0.0
2047-02-21,M08,Pump,1.87,72.04,12.52,128.1,1228.4,normal,302.52,9.0,39.91,0,none,0.0
2047-02-22,M08,Pump,2.62,89.3,12.52,159.7,1717.8,peak,302.71,14.0,39.72,0,none,0.0
2047-02-23,M08,Pump,2.26,65.09,12.81,125.5,1264.4,normal,303.17,11.0,39.26,0,none,0.0
2047-02-24,M08,Pump,1.87,63.51,13.19,124.7,1207.1,normal,303.42,17.3,39.01,0,none,0.0
2047-02-25,M08,Pump,3.04,88.64,16.42,140.4,1784.9,peak,303.54,11.6,38.89,0,none,0.0
2047-02-26,M08,Pump,2.21,64.5,13.6,110.4,1260.4,normal,303.69,17.0,38.74,0,none,0.0
2047-02-27,M08,Pump,1.81,53.96,13.43,117.7,1243.3,normal,303.92,12.7,38.51,0,none,0.0
2047-02-28,M08,Pump,2.12,66.39,12.14,112.7,1232.2,normal,304.39,10.2,38.04,0,none,0.0
2047-03-01,M08,Pump,2.12,47.96,4.15,18.2,509.6,idle,304.49,15.5,37.94,0,none,0.0
2047-03-02,M08,Pump,2.02,69.97,12.87,87.2,1304.5,normal,304.62,10.3,37.81,0,none,0.0
2047-03-03,M08,Pump,2.08,55.03,13.4,116.4,1234.0,normal,304.74,11.0,37.69,0,none,0.0
2047-03-04,M08,Pump,2.98,80.42,17.15,144.1,1747.4,peak,305.17,11.6,37.26,0,none,0.0
2047-03-05,M08,Pump,2.11,63.1,13.29,104.1,1205.3,normal,305.29,12.2,37.14,0,none,0.0
2047-03-06,M08,Pump,1.89,59.01,12.47,114.8,1276.5,normal,305.67,9.1,36.76,0,none,0.0
2047-03-07,M08,Pump,2.21,68.12,12.72,115.0,1244.8,normal,305.82,10.1,36.61,0,none,0.0
2047-03-08,M08,Pump,1.85,74.44,12.25,104.1,1230.1,normal,306.17,14.0,36.26,0,none,0.0
2047-03-09,M08,Pump,2.28,74.61,14.15,107.6,1253.8,normal,306.24,8.0,36.19,0,none,0.0
2047-03-10,M08,Pump,1.87,65.1,14.1,101.7,1164.4,normal,306.61,15.1,35.82,0,none,0.0
2047-03-11,M08,Pump,1.94,64.03,12.68,98.4,1201.0,normal,306.97,9.0,35.46,0,none,0.0
2047-03-12,M08,Pump,2.01,56.32,14.12,114.0,1242.4,normal,307.07,11.4,35.36,0,none,0.0
2047-03-13,M08,Pump,0.67,48.48,4.3,24.3,480.0,idle,307.47,10.8,34.96,0,none,0.0
2047-03-14,M08,Pump,1.88,70.24,12.74,125.4,1246.0,normal,307.76,15.4,34.67,0,none,0.0
2047-03-15,M08,Pump,2.84,86.1,18.23,143.5,1802.8,peak,307.97,11.1,34.46,0,none,0.0
2047-03-16,M08,Pump,1.85,77.7,12.66,116.6,1153.4,normal,308.39,18.0,34.04,0,none,0.0
2047-03-17,M08,Pump,0.64,77.7,3.75,19.4,497.8,idle,308.84,10.3,33.59,0,none,0.0
2047-03-18,M08,Pump,0.65,50.69,4.32,16.2,482.7,idle,309.02,11.4,33.41,0,none,0.0
2047-03-19,M08,Pump,2.89,94.28,18.8,154.0,1794.8,peak,309.47,9.4,32.96,0,none,0.0
2047-03-20,M08,Pump,2.3,62.47,12.78,93.7,1175.5,normal,309.62,11.9,32.81,0,none,0.0
2047-03-21,M08,Pump,2.3,69.79,13.78,87.8,1254.7,normal,309.99,17.2,32.44,0,none,0.0
2047-03-22,M08,Pump,0.65,51.3,4.53,17.8,501.4,idle,310.31,10.8,32.12,0,none,0.0
2047-03-23,M08,Pump,2.25,77.0,12.76,116.2,1270.4,normal,310.54,15.3,31.89,0,none,0.0
2047-03-24,M08,Pump,2.11,63.68,14.07,90.8,1192.5,normal,311.01,8.1,31.42,0,none,0.0
2047-03-25,M08,Pump,2.38,70.97,12.77,95.1,1225.4,normal,311.42,11.0,31.01,0,none,0.0
2047-03-26,M08,Pump,2.15,72.9,14.34,103.0,1274.6,normal,311.86,14.8,30.57,0,none,0.0
2047-03-27,M08,Pump,3.28,83.9,17.84,147.5,1678.6,peak,312.26,17.2,30.17,0,none,0.0
2047-03-28,M08,Pump,2.07,68.05,17.84,84.6,1145.3,normal,312.64,13.0,29.79,0,none,0.0
2047-03-29,M08,Pump,0.57,53.27,4.07,24.4,1145.3,idle,312.89,11.4,29.54,0,none,0.0
2047-03-30,M08,Pump,2.41,60.61,14.14,90.9,1246.8,normal,313.11,12.7,29.32,0,none,0.0
2047-03-31,M08,Pump,0.57,58.51,3.86,17.4,500.6,idle,313.61,8.7,28.82,0,none,0.0
2047-04-01,M08,Pump,0.73,58.52,4.18,22.6,517.8,idle,313.64,9.6,28.79,0,none,0.0
2047-04-02,M08,Pump,0.68,55.96,3.86,19.4,521.6,idle,313.71,14.5,28.72,0,none,0.0
2047-04-03,M08,Pump,2.18,79.35,14.74,122.9,1145.0,normal,313.99,12.1,28.44,0,none,0.0
2047-04-04,M08,Pump,0.62,49.61,4.64,17.4,493.5,idle,314.06,14.2,28.37,0,none,0.0
2047-04-05,M08,Pump,2.07,60.3,13.41,83.1,1181.5,normal,314.16,8.7,28.27,0,none,0.0
2047-04-06,M08,Pump,2.45,75.5,14.46,101.6,1239.9,normal,314.24,14.3,28.19,0,none,0.0
2047-04-07,M08,Pump,3.31,95.0,17.76,162.0,1671.2,peak,314.62,8.2,27.81,0,none,0.0
2047-04-08,M08,Pump,0.65,53.44,4.42,21.0,475.0,idle,314.99,14.3,27.44,0,none,0.0
2047-04-09,M08,Pump,2.36,70.2,12.9,99.5,1194.8,normal,315.12,9.4,27.31,0,none,0.0
2047-04-10,M08,Pump,0.58,70.2,4.69,23.7,1194.8,idle,315.26,9.2,27.17,0,none,0.0
2047-04-11,M08,Pump,2.25,69.06,14.21,102.5,1194.8,normal,315.47,8.7,26.96,0,none,0.0
2047-04-12,M08,Pump,2.11,63.31,14.09,125.2,1260.2,normal,315.57,14.4,26.86,0,none,0.0
2047-04-13,M08,Pump,2.46,83.39,13.01,115.9,1157.3,normal,315.99,13.1,26.44,0,none,0.0
2047-04-14,M08,Pump,2.42,79.62,14.0,102.6,1155.3,normal,316.24,13.0,26.19,0,none,0.0
2047-04-15,M08,Pump,0.64,60.76,4.63,16.9,483.8,idle,316.31,9.5,26.12,0,none,0.0
2047-04-16,M08,Pump,0.59,60.97,4.66,20.5,510.7,idle,316.49,8.4,25.94,0,none,0.0
2047-04-17,M08,Pump,0.74,53.43,4.69,20.3,470.9,idle,316.91,16.3,25.52,0,none,0.0
2047-04-18,M08,Pump,2.17,75.54,13.95,114.4,1236.9,normal,317.34,13.7,25.09,0,none,0.0
2047-04-19,M08,Pump,0.74,58.36,4.37,17.5,493.2,idle,317.66,15.0,24.77,0,none,0.0
2047-04-20,M08,Pump,0.64,61.63,4.72,16.6,516.3,idle,318.14,15.0,24.29,0,none,0.0
2047-04-21,M08,Pump,0.74,61.63,4.34,22.2,496.3,idle,318.27,12.4,24.16,0,none,0.0
2047-04-22,M08,Pump,0.59,53.11,4.07,18.0,479.0,idle,318.62,13.0,23.81,1,motor_overheat,6113.0
2047-04-23,M08,Pump,0.75,59.97,4.79,18.1,522.5,idle,318.86,9.3,23.57,1,motor_overheat,6921.0
2047-04-24,M08,Pump,2.32,74.52,14.9,114.5,1130.6,normal,319.29,15.1,23.14,1,motor_overheat,3846.0
2047-04-25,M08,Pump,0.75,60.58,4.84,24.1,504.9,idle,319.57,10.0,22.86,1,motor_overheat,7070.0
2047-04-26,M08,Pump,0.74,62.97,4.82,23.3,509.8,idle,319.82,8.7,22.61,1,motor_overheat,5792.0
2047-04-27,M08,Pump,0.6,62.18,4.23,20.6,485.6,idle,320.32,13.2,22.11,1,motor_overheat,3337.0
2047-04-28,M08,Pump,0.66,57.04,4.74,22.7,493.1,idle,320.41,10.7,22.02,1,motor_overheat,3248.0
2047-04-29,M08,Pump,0.73,64.13,4.37,20.5,492.9,idle,320.87,11.5,21.56,1,motor_overheat,6505.0
2047-04-30,M08,Pump,0.81,57.97,4.88,18.1,465.3,idle,321.11,12.3,21.32,1,motor_overheat,4804.0
2047-05-01,M08,Pump,2.11,74.6,15.08,104.9,1149.8,normal,321.59,8.6,20.84,1,motor_overheat,4183.0
2047-05-02,M08,Pump,0.71,63.4,4.78,22.3,518.1,idle,321.87,10.8,20.56,1,motor_overheat,5829.0
2047-05-03,M08,Pump,2.34,65.3,14.24,95.1,1171.6,normal,322.02,17.1,20.41,1,motor_overheat,7005.0
2047-05-04,M08,Pump,0.8,63.84,4.27,20.2,498.3,idle,322.49,11.9,19.94,1,motor_overheat,6161.0
2047-05-05,M08,Pump,0.82,56.02,4.48,24.9,517.9,idle,322.84,12.1,19.59,1,motor_overheat,7333.0
2047-05-06,M08,Pump,0.67,55.91,4.6,23.7,475.9,idle,323.11,13.9,19.32,1,motor_overheat,4308.0
2047-05-07,M08,Pump,0.81,59.32,4.62,22.2,477.0,idle,323.22,16.0,19.21,1,motor_overheat,5359.0
2047-05-08,M08,Pump,0.67,60.99,4.82,16.0,494.6,idle,323.62,9.2,18.81,1,motor_overheat,5513.0
2047-05-09,M08,Pump,0.76,62.05,4.93,21.0,494.3,idle,323.87,11.1,18.56,1,motor_overheat,6385.0
2047-05-10,M08,Pump,0.74,63.93,4.23,23.9,456.2,idle,324.21,13.7,18.22,1,motor_overheat,5678.0
2047-05-11,M08,Pump,2.4,81.04,14.28,80.1,1106.3,normal,324.44,11.3,17.99,1,motor_overheat,3899.0
2047-05-12,M08,Pump,2.4,65.77,4.88,15.6,471.3,idle,324.54,8.5,17.89,1,motor_overheat,6454.0
2047-05-13,M08,Pump,2.55,72.71,16.3,91.4,1185.8,normal,324.97,12.5,17.46,1,motor_overheat,6423.0
2047-05-14,M08,Pump,2.28,70.69,14.48,113.1,1129.6,normal,325.37,14.0,17.06,1,motor_overheat,4895.0
2047-05-15,M08,Pump,2.39,72.6,15.01,104.6,1138.3,normal,325.79,8.2,16.64,1,motor_overheat,6611.0
2047-05-16,M08,Pump,0.65,62.73,4.79,24.6,500.3,idle,326.12,10.6,16.31,1,motor_overheat,5206.0
2047-05-17,M08,Pump,2.14,74.73,14.15,85.0,1113.2,normal,326.61,9.3,15.82,1,motor_overheat,3903.0
2047-05-18,M08,Pump,2.16,73.5,14.55,93.6,1095.6,normal,326.79,15.8,15.64,1,motor_overheat,6041.0
2047-05-19,M08,Pump,2.22,84.79,14.61,86.9,1085.9,normal,327.29,9.5,15.14,1,motor_overheat,4604.0
2047-05-20,M08,Pump,0.72,67.51,4.26,20.4,489.2,idle,327.47,12.6,14.96,1,motor_overheat,3051.0
2047-05-21,M08,Pump,3.33,95.0,21.36,141.4,1616.8,peak,327.66,17.7,14.77,1,motor_overheat,7646.0
2047-05-22,M08,Pump,0.76,68.94,4.94,16.8,465.2,idle,327.92,9.4,14.51,1,motor_overheat,3952.0
2047-05-23,M08,Pump,0.76,80.61,15.51,109.7,1086.4,normal,328.41,15.0,14.02,1,motor_overheat,3425.0
2047-05-24,M08,Pump,2.59,89.82,15.35,110.6,1160.0,normal,328.67,10.3,13.76,1,motor_overheat,7339.0
2047-05-25,M08,Pump,2.17,72.63,14.2,125.5,1117.5,normal,328.77,12.5,13.66,1,motor_overheat,4179.0
2047-05-26,M08,Pump,2.12,81.07,14.38,82.4,1135.0,normal,329.21,12.4,13.22,1,motor_overheat,4278.0
2047-05-27,M08,Pump,2.38,83.99,15.92,112.8,1125.9,normal,329.61,13.7,12.82,1,motor_overheat,5209.0
2047-05-28,M08,Pump,2.47,77.8,15.38,98.5,1111.3,normal,329.81,17.2,12.62,1,motor_overheat,6999.0
2047-05-29,M08,Pump,0.67,61.74,4.73,20.4,465.3,idle,330.04,12.5,12.39,1,motor_overheat,6239.0
2047-05-30,M08,Pump,2.68,83.87,16.59,107.6,1091.3,normal,330.17,10.2,12.26,1,motor_overheat,4151.0
2047-05-31,M08,Pump,0.85,70.26,4.73,17.4,457.2,idle,330.66,17.8,11.77,1,motor_overheat,7261.0
2047-06-01,M08,Pump,2.58,73.19,16.01,111.3,1087.5,normal,330.91,9.1,11.52,1,motor_overheat,4133.0
2047-06-02,M08,Pump,0.79,69.01,4.64,19.8,493.8,idle,331.41,9.5,11.02,1,motor_overheat,3401.0
2047-06-03,M08,Pump,0.74,68.51,4.71,16.5,503.1,idle,331.91,14.8,10.52,1,motor_overheat,5393.0
2047-06-04,M08,Pump,3.36,68.51,21.6,155.5,1574.2,peak,332.21,9.3,10.22,1,motor_overheat,5073.0
2047-06-05,M08,Pump,3.63,95.0,21.37,151.9,1583.1,peak,332.64,13.4,9.79,1,motor_overheat,4676.0
2047-06-06,M08,Pump,2.62,88.27,16.55,99.6,1179.4,normal,333.07,16.5,9.36,1,motor_overheat,7720.0
2047-06-07,M08,Pump,2.32,88.27,16.55,82.3,1068.6,normal,333.31,15.9,9.12,1,motor_overheat,4363.0
2047-06-08,M08,Pump,2.74,95.0,16.64,103.2,1119.3,normal,333.71,12.1,8.72,1,motor_overheat,3702.0
2047-06-09,M08,Pump,2.28,83.88,15.78,79.9,1110.8,normal,334.11,8.1,8.32,1,motor_overheat,5748.0
2047-06-10,M08,Pump,0.75,70.86,4.88,23.6,459.9,idle,334.47,14.1,7.96,1,motor_overheat,5343.0
2047-06-11,M08,Pump,2.38,87.7,15.26,98.5,1137.9,normal,334.97,17.2,7.46,1,motor_overheat,4090.0
2047-06-12,M08,Pump,2.39,95.0,16.37,86.0,1111.7,normal,335.01,11.7,7.42,1,motor_overheat,6434.0
2047-06-13,M08,Pump,2.61,89.51,17.11,117.0,1055.3,normal,335.17,16.3,7.26,1,motor_overheat,3931.0
2047-06-14,M08,Pump,2.21,90.0,15.42,108.6,1148.9,normal,335.66,10.6,6.77,1,motor_overheat,6027.0
2047-06-15,M08,Pump,0.78,69.53,5.05,16.4,478.9,idle,336.09,17.1,6.34,1,motor_overheat,4762.0
2047-06-16,M08,Pump,2.59,87.36,15.59,119.5,1109.5,normal,336.31,14.5,6.12,1,motor_overheat,3007.0
2047-06-17,M08,Pump,2.18,95.0,16.92,119.5,1099.7,normal,336.37,11.3,6.06,1,motor_overheat,6207.0
2047-06-18,M08,Pump,2.75,93.47,16.3,112.0,1079.0,normal,336.46,15.9,5.97,1,motor_overheat,7346.0
2047-06-19,M08,Pump,0.68,68.66,4.75,22.4,442.2,idle,336.86,15.1,5.57,1,motor_overheat,3491.0
2047-06-20,M08,Pump,0.84,71.4,4.84,18.0,464.3,idle,337.17,10.2,5.26,1,motor_overheat,7291.0
2047-06-21,M08,Pump,2.36,86.35,16.97,110.5,1135.2,normal,337.59,14.4,4.84,1,motor_overheat,3292.0
2047-06-22,M08,Pump,2.62,95.0,15.52,129.8,1099.2,normal,337.77,8.7,4.66,1,motor_overheat,5308.0
2047-06-23,M08,Pump,2.62,92.23,16.52,129.8,1065.5,normal,337.82,8.6,4.61,1,motor_overheat,6323.0
2047-06-24,M08,Pump,0.74,68.09,4.68,22.1,432.1,idle,338.06,11.4,4.37,1,motor_overheat,4749.0
2047-06-25,M08,Pump,2.73,91.71,16.25,95.2,1051.0,normal,338.52,13.2,3.91,1,motor_overheat,3844.0
2047-06-26,M08,Pump,2.76,93.65,15.97,81.7,1076.1,normal,338.69,10.2,3.74,1,motor_overheat,5541.0
2047-06-27,M08,Pump,2.29,95.0,17.06,103.9,1147.4,normal,338.96,13.1,3.47,1,motor_overheat,4614.0
2047-06-28,M08,Pump,2.29,87.9,17.03,81.5,1081.0,normal,339.01,8.1,3.42,1,motor_overheat,6303.0
2047-06-29,M08,Pump,3.51,95.0,17.03,155.2,1552.1,peak,339.31,11.8,3.12,1,motor_overheat,6664.0
2047-06-30,M08,Pump,2.24,80.99,16.56,87.1,1146.1,normal,339.39,16.2,3.04,1,motor_overheat,7496.0
2047-07-01,M08,Pump,2.72,85.93,17.42,105.7,1051.3,normal,339.56,17.6,2.87,1,motor_overheat,7982.0
2047-07-02,M08,Pump,2.58,93.57,15.38,94.3,1031.3,normal,339.61,12.6,2.82,1,motor_overheat,3841.0
2047-07-03,M08,Pump,0.72,71.46,5.16,94.3,430.9,idle,339.84,13.3,2.59,1,motor_overheat,7577.0
2047-07-04,M08,Pump,0.72,76.64,4.95,19.1,456.6,idle,340.21,12.8,2.22,1,motor_overheat,3842.0
2047-07-05,M08,Pump,0.84,73.36,4.65,17.1,439.3,idle,340.46,11.7,1.97,1,motor_overheat,6188.0
2047-07-06,M08,Pump,2.51,79.43,16.03,109.6,1072.0,normal,340.71,13.2,1.72,1,motor_overheat,6460.0
2047-07-07,M08,Pump,0.83,72.71,5.53,24.6,475.4,idle,340.79,13.7,1.64,1,motor_overheat,6157.0
2047-07-08,M08,Pump,0.83,71.05,5.32,18.2,470.5,idle,341.06,15.4,1.37,1,motor_overheat,7270.0
2047-07-09,M08,Pump,0.74,71.98,5.52,17.1,472.3,idle,341.19,9.6,1.24,1,motor_overheat,3537.0
2047-07-10,M08,Pump,2.64,86.28,16.59,85.4,1141.5,normal,341.47,15.2,0.96,1,motor_overheat,3230.0
2047-07-11,M08,Pump,2.82,95.0,17.7,82.3,1071.9,normal,341.67,13.4,0.76,1,motor_overheat,6071.0
2047-07-12,M08,Pump,0.74,75.19,4.78,20.6,465.0,idle,341.81,14.4,0.62,1,motor_overheat,3548.0
2047-07-13,M08,Pump,0.69,71.11,4.64,22.6,445.2,idle,342.14,11.3,0.5,1,motor_overheat,4228.0
2047-07-14,M08,Pump,1.83,63.71,12.2,100.2,1295.8,normal,0.0,14.6,43.14,0,none,0.0
2047-07-15,M08,Pump,0.62,41.42,3.71,16.8,533.6,idle,0.43,9.6,42.71,0,none,0.0
2047-07-16,M08,Pump,1.73,65.89,12.75,99.7,1222.0,normal,0.55,14.6,42.59,0,none,0.0
2047-07-17,M08,Pump,2.16,60.7,12.99,99.7,1239.8,normal,0.63,15.8,42.51,0,none,0.0
2047-07-18,M08,Pump,1.95,54.19,12.96,94.4,1194.2,normal,0.92,8.4,42.22,0,none,0.0
2047-07-19,M08,Pump,1.74,50.03,12.68,124.3,1271.8,normal,1.3,16.1,41.84,0,none,0.0
2047-07-20,M08,Pump,2.21,53.88,13.06,115.4,1266.1,normal,1.55,12.8,41.59,0,none,0.0
2047-07-21,M08,Pump,1.99,59.39,13.57,117.8,1277.8,normal,2.03,16.1,41.11,0,none,0.0
2047-07-22,M08,Pump,2.21,68.02,13.29,79.9,1179.6,normal,2.47,9.5,40.67,0,none,0.0
2047-07-23,M08,Pump,1.79,47.99,13.24,80.8,1269.1,normal,2.77,9.6,40.37,0,none,0.0
2047-07-24,M08,Pump,1.83,58.17,12.72,121.0,1290.3,normal,3.23,12.8,39.91,0,none,0.0
2047-07-25,M08,Pump,1.92,67.33,12.95,120.3,1255.2,normal,3.47,13.6,39.67,0,none,0.0
2047-07-26,M08,Pump,1.89,48.39,12.98,122.9,1263.0,normal,3.83,11.2,39.31,0,none,0.0
2047-07-27,M08,Pump,1.85,57.91,12.91,122.9,1305.9,normal,4.2,15.4,38.94,0,none,0.0
2047-07-28,M08,Pump,1.97,54.84,14.86,98.8,1222.0,normal,4.25,9.3,38.89,0,none,0.0
2047-07-29,M08,Pump,1.88,59.57,14.02,78.8,1267.6,normal,4.55,11.0,38.59,0,none,0.0
2047-07-30,M08,Pump,2.93,80.82,19.39,146.9,1736.6,peak,4.63,8.0,38.51,0,none,0.0
2047-07-31,M08,Pump,2.09,50.98,13.01,83.0,1283.0,normal,4.95,9.9,38.19,0,none,0.0
2047-08-01,M08,Pump,1.75,53.3,13.11,117.3,1244.1,normal,4.98,13.6,38.16,0,none,0.0
2047-08-02,M08,Pump,1.84,63.95,14.61,105.2,1244.1,normal,5.27,15.2,37.87,0,none,0.0
2047-08-03,M08,Pump,2.03,68.16,12.98,105.2,1211.2,normal,5.3,15.7,37.84,0,none,0.0
2047-08-04,M08,Pump,2.06,61.7,13.37,89.2,1304.7,normal,5.45,15.2,37.69,0,none,0.0
2047-08-05,M08,Pump,2.91,85.75,19.56,150.1,1722.2,peak,5.57,15.9,37.57,0,none,0.0
2047-08-06,M08,Pump,2.05,54.89,13.97,100.2,1304.6,normal,5.85,15.5,37.29,0,none,0.0
2047-08-07,M08,Pump,2.05,54.89,13.97,100.2,1300.4,normal,6.28,16.8,36.86,0,none,0.0
2047-08-08,M08,Pump,2.03,47.7,13.97,125.8,1238.5,normal,6.58,11.2,36.56,0,none,0.0
2047-08-09,M08,Pump,0.67,39.66,3.98,20.8,541.9,idle,6.98,14.5,36.16,0,none,0.0
2047-08-10,M08,Pump,2.26,66.48,14.55,109.7,1283.7,normal,7.22,15.8,35.92,0,none,0.0
2047-08-11,M08,Pump,1.75,68.91,14.5,127.5,1274.8,normal,7.27,17.1,35.87,0,none,0.0
2047-08-12,M08,Pump,1.83,50.84,14.1,91.7,1227.2,normal,7.37,16.3,35.77,0,none,0.0
2047-08-13,M08,Pump,0.64,50.84,4.04,24.8,513.0,idle,7.77,9.4,35.37,0,none,0.0
2047-08-14,M08,Pump,0.69,37.88,4.7,16.7,530.0,idle,7.95,12.9,35.19,0,none,0.0
2047-08-15,M08,Pump,0.65,46.32,4.3,16.1,541.9,idle,8.45,8.5,34.69,0,none,0.0
2047-08-16,M08,Pump,0.59,39.62,4.47,16.5,502.9,idle,8.87,16.5,34.27,0,none,0.0
2047-08-17,M08,Pump,0.6,40.12,4.47,18.9,534.6,idle,9.27,17.9,33.87,0,none,0.0
2047-08-18,M08,Pump,0.7,38.38,4.8,24.3,528.6,idle,9.35,16.3,33.79,0,none,0.0
2047-08-19,M08,Pump,0.72,40.79,4.83,21.7,503.5,idle,9.8,12.3,33.34,0,none,0.0
2047-08-20,M08,Pump,0.66,56.0,4.27,16.7,529.7,idle,9.88,13.8,33.26,0,none,0.0
2047-08-21,M08,Pump,2.12,59.71,15.01,87.4,1216.9,normal,10.17,11.6,32.97,0,none,0.0
2047-08-22,M08,Pump,2.21,67.22,15.48,129.9,1282.7,normal,10.52,15.7,32.62,0,none,0.0
2047-08-23,M08,Pump,0.55,41.59,4.27,19.7,532.7,idle,10.75,12.1,32.39,0,none,0.0
2047-08-24,M08,Pump,1.84,67.86,15.31,117.0,1159.5,normal,10.8,15.2,32.34,0,none,0.0
2047-08-25,M08,Pump,1.81,61.93,16.04,123.4,1251.5,normal,11.03,10.3,32.11,0,none,0.0
2047-08-26,M08,Pump,0.56,39.63,4.97,16.1,526.0,idle,11.22,8.2,31.92,0,none,0.0
2047-08-27,M08,Pump,0.63,41.95,4.6,24.4,537.3,idle,11.57,9.5,31.57,0,none,0.0
2047-08-28,M08,Pump,0.69,41.89,4.32,25.0,488.6,idle,12.03,17.4,31.11,0,none,0.0
2047-08-29,M08,Pump,2.03,53.97,15.48,93.9,1276.9,normal,12.42,15.1,30.72,0,none,0.0
2047-08-30,M08,Pump,0.72,42.0,4.32,21.6,503.4,idle,12.55,14.2,30.59,0,none,0.0
2047-08-31,M08,Pump,2.27,50.03,4.32,114.4,1255.3,normal,12.95,16.4,30.19,0,none,0.0
2047-09-01,M08,Pump,2.01,54.4,15.13,95.6,1177.8,normal,13.28,10.6,29.86,0,none,0.0
2047-09-02,M08,Pump,0.7,38.73,4.7,22.5,477.1,idle,13.63,12.6,29.51,0,none,0.0
2047-09-03,M08,Pump,0.71,45.18,4.39,23.9,509.1,idle,13.85,12.8,29.29,0,none,0.0
2047-09-04,M08,Pump,2.11,68.43,16.77,99.2,1177.4,normal,14.0,15.6,29.14,0,none,0.0
2047-09-05,M08,Pump,1.9,65.8,16.95,81.8,1145.0,normal,14.2,14.4,28.94,0,none,0.0
2047-09-06,M08,Pump,2.19,57.08,15.24,87.8,1192.1,normal,14.28,17.4,28.86,0,none,0.0
2047-09-07,M08,Pump,0.72,47.97,4.66,24.6,496.0,idle,14.33,9.0,28.81,0,none,0.0
2047-09-08,M08,Pump,2.22,53.09,16.71,96.4,1170.2,normal,14.4,16.3,28.74,0,none,0.0
2047-09-09,M08,Pump,2.26,53.16,17.17,83.7,1143.3,normal,14.5,8.3,28.64,0,none,0.0
2047-09-10,M08,Pump,2.23,61.73,15.67,82.3,1223.8,normal,14.55,11.5,28.59,0,none,0.0
2047-09-11,M08,Pump,0.6,43.13,4.97,21.4,539.2,idle,14.88,14.7,28.26,0,none,0.0
2047-09-12,M08,Pump,2.12,56.18,15.59,102.8,1176.3,normal,15.37,11.4,27.77,0,none,0.0
2047-09-13,M08,Pump,0.6,46.84,5.23,21.3,513.1,idle,15.63,17.2,27.51,0,none,0.0
2047-09-14,M08,Pump,1.99,63.07,16.95,116.4,1143.2,normal,15.77,10.9,27.37,0,none,0.0
2047-09-15,M08,Pump,0.68,45.69,4.55,16.5,526.1,idle,16.07,11.6,27.07,0,none,0.0
2047-09-16,M08,Pump,0.64,46.79,4.65,15.3,483.9,idle,16.57,9.9,26.57,0,none,0.0
2047-09-17,M08,Pump,0.62,43.83,5.3,22.2,538.6,idle,16.75,12.7,26.39,0,none,0.0
2047-09-18,M08,Pump,0.62,39.91,4.57,20.4,490.6,idle,16.82,11.8,26.32,0,none,0.0
2047-09-19,M08,Pump,0.67,40.03,4.62,19.6,497.1,idle,17.32,17.2,25.82,0,none,0.0
2047-09-20,M08,Pump,0.7,47.14,4.65,23.1,509.1,idle,17.68,10.8,25.46,0,none,0.0
2047-09-21,M08,Pump,0.63,39.79,5.28,15.6,489.6,idle,18.15,9.6,24.99,0,none,0.0
2047-09-22,M08,Pump,0.55,44.23,5.22,23.9,519.0,idle,18.65,17.4,24.49,0,none,0.0
2047-09-23,M08,Pump,0.72,46.58,4.9,20.5,500.4,idle,18.93,16.2,24.21,0,none,0.0
2047-09-24,M08,Pump,0.64,44.73,5.31,15.8,519.1,idle,19.18,9.5,23.96,1,electrical,4123.0
2047-09-25,M08,Pump,0.56,39.28,5.13,20.8,472.1,idle,19.28,13.4,23.86,1,electrical,3080.0
2047-09-26,M08,Pump,2.06,61.4,15.66,115.0,1155.7,normal,19.77,17.0,23.37,1,electrical,4951.0
2047-09-27,M08,Pump,0.69,42.26,5.14,23.9,521.8,idle,20.05,10.9,23.09,1,electrical,2161.0
2047-09-28,M08,Pump,0.69,40.83,4.74,21.1,495.2,idle,20.5,16.8,22.64,1,electrical,4766.0
2047-09-29,M08,Pump,0.72,42.79,5.13,20.3,520.0,idle,20.88,13.5,22.26,1,electrical,4720.0
2047-09-30,M08,Pump,0.58,48.72,5.26,23.4,502.2,idle,20.93,14.7,22.21,1,electrical,3544.0
2047-10-01,M08,Pump,0.69,39.88,5.55,20.2,496.6,idle,21.38,8.9,21.76,1,electrical,2098.0
2047-10-02,M08,Pump,0.55,46.85,4.89,16.9,475.1,idle,21.7,10.8,21.44,1,electrical,5374.0
2047-10-03,M08,Pump,0.53,46.06,5.04,16.5,487.6,idle,21.8,9.1,21.34,1,electrical,5909.0
2047-10-04,M08,Pump,0.63,44.53,5.16,19.9,494.1,idle,22.17,8.6,20.97,1,electrical,4641.0
2047-10-05,M08,Pump,0.7,39.87,5.7,17.4,512.8,idle,22.57,17.9,20.57,1,electrical,3311.0
2047-10-06,M08,Pump,0.61,42.59,5.47,22.7,494.4,idle,23.07,14.6,20.07,1,electrical,2889.0
2047-10-07,M08,Pump,0.62,40.28,5.8,23.5,490.7,idle,23.3,15.6,19.84,1,electrical,5673.0
2047-10-08,M08,Pump,0.69,42.85,5.61,20.2,494.6,idle,23.43,8.9,19.71,1,electrical,2238.0
2047-10-09,M08,Pump,0.54,49.37,5.73,22.9,484.4,idle,23.48,13.9,19.66,1,electrical,4155.0
2047-10-10,M08,Pump,1.95,62.98,18.78,126.6,1151.0,normal,23.95,10.3,19.19,1,electrical,4265.0
2047-10-11,M08,Pump,2.12,66.5,17.0,99.2,1138.8,normal,24.22,15.3,18.92,1,electrical,5315.0
2047-10-12,M08,Pump,0.68,48.52,5.82,21.7,485.9,idle,24.4,13.3,18.74,1,electrical,2183.0
2047-10-13,M08,Pump,2.15,69.78,18.25,99.5,485.9,normal,24.52,17.8,18.62,1,electrical,2944.0
2047-10-14,M08,Pump,0.71,69.78,5.87,18.9,518.7,idle,24.72,10.8,18.42,1,electrical,3372.0
2047-10-15,M08,Pump,0.65,40.36,5.62,19.7,480.5,idle,25.03,14.0,18.11,1,electrical,2736.0
2047-10-16,M08,Pump,0.73,40.59,5.96,16.6,486.6,idle,25.38,14.2,17.76,1,electrical,2942.0
2047-10-17,M08,Pump,2.82,86.02,23.22,164.7,1721.3,peak,25.43,15.1,17.71,1,electrical,4594.0
2047-10-18,M08,Pump,2.22,52.54,18.04,127.2,1145.7,normal,25.7,8.9,17.44,1,electrical,5155.0
2047-10-19,M08,Pump,1.88,61.3,19.46,103.3,1163.6,normal,25.95,13.3,17.19,1,electrical,4632.0
2047-10-20,M08,Pump,2.16,71.69,16.81,86.0,1125.8,normal,25.98,16.1,17.16,1,electrical,2574.0
2047-10-21,M08,Pump,0.55,43.18,5.24,20.5,482.5,idle,26.08,12.3,17.06,1,electrical,2273.0
2047-10-22,M08,Pump,0.62,49.61,5.18,18.9,477.6,idle,26.3,16.7,16.84,1,electrical,4343.0
2047-10-23,M08,Pump,0.65,47.58,5.89,20.1,516.0,idle,26.48,16.9,16.66,1,electrical,3050.0
2047-10-24,M08,Pump,2.23,53.91,17.58,112.9,1239.3,normal,26.92,8.0,16.22,1,electrical,3423.0
2047-10-25,M08,Pump,5.61,55.65,19.57,88.4,1199.7,normal,27.32,17.9,15.82,1,electrical,5535.0
2047-10-26,M08,Pump,1.84,50.81,18.29,112.1,1122.9,normal,27.38,11.5,15.76,1,electrical,4246.0
2047-10-27,M08,Pump,0.69,41.69,5.65,18.1,507.9,idle,27.52,15.4,15.62,1,electrical,2034.0
2047-10-28,M08,Pump,2.24,52.0,17.63,124.4,1158.6,normal,28.0,13.0,15.14,1,electrical,2830.0
2047-10-29,M08,Pump,2.07,54.4,20.18,126.0,1100.6,normal,28.35,13.0,14.79,1,electrical,2571.0
2047-10-30,M08,Pump,2.12,70.61,18.44,100.7,1152.3,normal,28.43,17.9,14.71,1,electrical,5059.0
2047-10-31,M08,Pump,1.83,68.76,18.56,105.6,1134.7,normal,28.62,12.2,14.52,1,electrical,2953.0
2047-11-01,M08,Pump,3.07,87.54,25.17,162.6,1618.2,peak,28.9,15.3,14.24,1,electrical,3458.0
2047-11-02,M08,Pump,2.24,63.54,17.98,84.9,1138.9,normal,29.27,15.3,13.87,1,electrical,3661.0
2047-11-03,M08,Pump,2.28,68.88,19.37,82.7,1227.1,normal,29.72,12.8,13.42,1,electrical,5550.0
2047-11-04,M08,Pump,1.98,64.74,19.89,84.9,1185.4,normal,29.8,12.8,13.34,1,electrical,5562.0
2047-11-05,M08,Pump,1.85,53.2,19.75,86.1,1155.2,normal,30.3,13.3,12.84,1,electrical,5319.0
2047-11-06,M08,Pump,1.95,60.57,17.71,117.2,1104.9,normal,30.43,10.4,12.71,1,electrical,4231.0
2047-11-07,M08,Pump,3.12,85.87,25.22,161.7,1619.7,peak,30.73,14.7,12.41,1,electrical,2100.0
2047-11-08,M08,Pump,1.19,42.31,5.69,24.9,465.7,idle,30.8,12.0,12.34,1,electrical,5178.0
2047-11-09,M08,Pump,2.28,66.01,17.67,127.1,1224.2,normal,31.25,12.6,11.89,1,electrical,3644.0
2047-11-10,M08,Pump,2.32,62.58,18.35,98.3,1175.1,normal,31.37,9.8,11.77,1,electrical,3770.0
2047-11-11,M08,Pump,2.03,67.37,20.24,88.9,1145.8,normal,31.62,16.3,11.52,1,electrical,4108.0
2047-11-12,M08,Pump,2.35,56.84,18.8,79.8,1135.8,normal,31.65,14.9,11.49,1,electrical,3833.0
2047-11-13,M08,Pump,2.04,53.45,17.76,107.9,1130.4,normal,32.02,17.5,11.12,1,electrical,5346.0
2047-11-14,M08,Pump,1.84,70.96,19.69,86.9,1206.5,normal,32.22,13.5,10.92,1,electrical,4624.0
2047-11-15,M08,Pump,0.59,43.51,6.38,16.8,509.0,idle,32.57,15.1,10.57,1,electrical,5962.0
2047-11-16,M08,Pump,2.27,58.42,18.04,82.3,1101.5,normal,32.92,10.9,10.22,1,electrical,4390.0
2047-11-17,M08,Pump,0.73,45.36,5.42,20.6,465.8,idle,33.07,13.7,10.07,1,electrical,2434.0
2047-11-18,M08,Pump,1.96,55.04,20.45,78.0,1145.5,normal,33.17,14.2,9.97,1,electrical,3967.0
2047-11-19,M08,Pump,1.88,64.08,19.15,79.5,1147.6,normal,33.43,11.2,9.71,1,electrical,4470.0
2047-11-20,M08,Pump,2.15,57.16,20.62,97.3,1185.2,normal,33.9,11.0,9.24,1,electrical,4248.0
2047-11-21,M08,Pump,2.15,71.53,19.99,87.7,1193.6,normal,34.37,13.6,8.77,1,electrical,5930.0
2047-11-22,M08,Pump,2.26,73.97,18.58,87.7,1147.5,normal,34.78,11.2,8.36,1,electrical,5785.0
2047-11-23,M08,Pump,3.03,91.32,26.69,157.1,1623.2,peak,34.85,17.4,8.29,1,electrical,3191.0
2047-11-24,M08,Pump,0.61,55.72,5.54,17.9,461.2,idle,34.93,9.1,8.21,1,electrical,5879.0
2047-11-25,M08,Pump,2.09,62.3,20.93,104.1,1141.8,normal,35.37,12.8,7.77,1,electrical,4386.0
2047-11-26,M08,Pump,2.09,71.34,18.7,129.1,1143.1,normal,35.5,17.5,7.64,1,electrical,2569.0
2047-11-27,M08,Pump,2.72,82.09,25.22,144.2,1617.1,peak,35.83,16.6,7.31,1,electrical,5552.0
2047-11-28,M08,Pump,2.15,54.8,20.77,121.9,1154.3,normal,36.07,8.9,7.07,1,electrical,4182.0
2047-11-29,M08,Pump,2.01,54.66,18.6,116.0,1161.0,normal,36.33,9.1,6.81,1,electrical,3263.0
2047-11-30,M08,Pump,2.11,54.27,19.3,120.4,1140.0,normal,36.63,8.6,6.51,1,electrical,4668.0
2047-12-01,M08,Pump,0.75,51.95,6.54,17.6,462.4,idle,36.85,8.0,6.29,1,electrical,4471.0
2047-12-02,M08,Pump,1.99,74.67,19.81,17.6,1203.3,normal,36.97,13.9,6.17,1,electrical,4615.0
2047-12-03,M08,Pump,2.29,65.73,19.27,87.1,1140.3,normal,37.08,12.5,6.06,1,electrical,5421.0
2047-12-04,M08,Pump,2.37,72.87,19.34,93.0,1151.6,normal,37.58,14.4,5.56,1,electrical,2203.0
2047-12-05,M08,Pump,2.11,54.89,20.12,127.7,1199.0,normal,37.95,8.2,5.19,1,electrical,2578.0
2047-12-06,M08,Pump,2.16,66.8,19.67,116.6,1077.6,normal,38.28,9.2,4.86,1,electrical,4994.0
2047-12-07,M08,Pump,1.97,52.41,20.33,122.2,1200.4,normal,38.78,14.3,4.36,1,electrical,2261.0
2047-12-08,M08,Pump,2.22,69.47,19.99,105.1,1166.3,normal,39.15,16.4,3.99,1,electrical,2147.0
2047-12-09,M08,Pump,2.13,54.42,21.69,89.4,1080.1,normal,39.43,13.7,3.71,1,electrical,5969.0
2047-12-10,M08,Pump,2.12,54.11,21.32,111.3,1101.3,normal,39.47,14.4,3.67,1,electrical,3411.0
2047-12-11,M08,Pump,3.26,89.77,26.49,158.7,1602.7,peak,39.57,9.6,3.57,1,electrical,5485.0
2047-12-12,M08,Pump,2.27,70.85,19.69,112.4,1181.3,normal,39.7,10.1,3.44,1,electrical,2487.0
2047-12-13,M08,Pump,0.61,43.29,5.81,16.1,444.1,idle,40.07,11.8,3.07,1,electrical,5630.0
2047-12-14,M08,Pump,0.62,45.49,5.91,16.1,505.4,idle,40.12,17.5,3.02,1,electrical,4617.0
2047-12-15,M08,Pump,0.74,45.05,6.73,24.4,499.9,idle,40.25,9.4,2.89,1,electrical,3071.0
2047-12-16,M08,Pump,0.74,50.45,6.18,15.8,473.3,idle,40.7,11.8,2.44,1,electrical,4910.0
2047-12-17,M08,Pump,0.56,63.22,6.26,24.6,490.7,idle,40.95,15.0,2.19,1,electrical,4351.0
2047-12-18,M08,Pump,0.64,43.86,6.13,21.7,493.8,idle,41.22,12.7,1.92,1,electrical,5246.0
2047-12-19,M08,Pump,0.77,44.07,6.05,15.4,458.0,idle,41.63,17.9,1.51,1,electrical,4856.0
2047-12-20,M08,Pump,0.72,44.8,6.56,19.5,461.5,idle,42.08,16.8,1.06,1,electrical,4827.0
2047-12-21,M08,Pump,0.68,47.86,6.3,21.9,458.5,idle,42.15,15.6,0.99,1,electrical,3249.0
2047-12-22,M08,Pump,2.22,74.89,22.27,99.8,1157.2,normal,42.38,17.6,0.76,1,electrical,3505.0
2047-12-23,M08,Pump,0.73,46.22,6.81,19.3,490.8,idle,42.88,15.8,0.5,1,electrical,4031.0
2047-12-24,M08,Pump,0.62,52.37,6.65,18.5,466.0,idle,43.05,11.8,0.5,1,electrical,5699.0
2047-12-25,M08,Pump,2.61,72.19,15.14,148.0,1818.8,peak,0.0,10.2,80.86,0,none,0.0
2047-12-26,M08,Pump,0.57,35.14,3.71,16.4,514.8,idle,0.2,10.8,80.66,0,none,0.0
2047-12-27,M08,Pump,1.76,56.97,11.19,16.4,1267.8,normal,0.57,13.5,80.29,0,none,0.0
2047-12-28,M08,Pump,0.53,39.46,3.54,23.6,555.6,idle,0.88,12.2,79.97,0,none,0.0
2047-12-29,M08,Pump,2.2,57.16,12.15,127.2,1259.9,normal,1.37,14.7,79.49,0,none,0.0
2047-12-30,M08,Pump,1.98,53.72,12.09,82.2,1317.6,normal,1.85,10.0,79.01,0,none,0.0
2047-12-31,M08,Pump,2.19,46.51,12.6,90.6,1229.6,normal,2.03,16.6,78.82,0,none,0.0
2048-01-01,M08,Pump,2.82,70.66,15.93,140.0,1833.2,peak,2.42,11.5,78.44,0,none,0.0
2048-01-02,M08,Pump,2.68,83.73,16.44,143.2,1803.2,peak,2.73,14.3,78.12,0,none,0.0
2048-01-03,M08,Pump,2.17,61.68,12.19,107.1,1259.7,normal,3.22,12.9,77.64,0,none,0.0
2048-01-04,M08,Pump,2.75,81.57,15.26,164.2,1785.9,peak,3.47,16.3,77.39,0,none,0.0
2048-01-05,M08,Pump,1.92,45.52,12.1,97.9,1237.5,normal,3.77,9.5,77.09,0,none,0.0
2048-01-06,M08,Pump,0.7,39.28,3.59,19.6,508.1,idle,4.25,12.6,76.61,0,none,0.0
2048-01-07,M08,Pump,1.9,52.74,11.93,122.5,1228.9,normal,4.47,8.0,76.39,0,none,0.0
2048-01-08,M08,Pump,2.76,70.56,15.63,151.8,1761.1,peak,4.77,10.9,76.09,0,none,0.0
2048-01-09,M08,Pump,0.61,38.1,3.99,21.3,517.1,idle,4.88,14.5,75.97,0,none,0.0
2048-01-10,M08,Pump,0.52,35.41,3.36,21.8,559.9,idle,5.32,13.6,75.54,0,none,0.0
2048-01-11,M08,Pump,0.53,39.02,3.55,21.4,512.8,idle,5.7,10.5,75.16,0,none,0.0
2048-01-12,M08,Pump,0.69,42.29,3.97,17.8,541.1,idle,5.85,15.3,75.01,0,none,0.0
2048-01-13,M08,Pump,0.65,42.11,3.31,25.0,565.0,idle,6.2,16.7,74.66,0,none,0.0
2048-01-14,M08,Pump,1.76,57.5,11.63,123.7,1304.6,normal,6.25,15.6,74.61,0,none,0.0
2048-01-15,M08,Pump,1.81,45.78,11.58,80.0,1221.2,normal,6.7,16.0,74.16,0,none,0.0
2048-01-16,M08,Pump,2.78,81.18,15.94,155.0,1773.4,peak,6.92,8.3,73.94,0,none,0.0
2048-01-17,M08,Pump,1.86,61.4,11.73,96.1,1229.1,normal,7.03,12.0,73.82,0,none,0.0
2048-01-18,M08,Pump,0.62,43.1,3.63,16.2,558.7,idle,7.15,8.1,73.71,0,none,0.0
2048-01-19,M08,Pump,1.74,55.85,11.52,126.7,1310.6,normal,7.42,9.7,73.44,0,none,0.0
2048-01-20,M08,Pump,1.98,60.36,12.07,85.7,1306.4,normal,7.85,10.0,73.01,0,none,0.0
2048-01-21,M08,Pump,0.6,60.36,3.33,16.4,541.3,idle,7.9,12.5,72.96,0,none,0.0
2048-01-22,M08,Pump,1.93,50.22,11.48,110.8,1208.8,normal,8.32,9.4,72.54,0,none,0.0
2048-01-23,M08,Pump,1.92,57.03,11.62,120.7,1208.5,normal,8.65,14.3,72.21,0,none,0.0
2048-01-24,M08,Pump,0.67,42.23,3.61,24.2,549.2,idle,8.87,17.7,71.99,0,none,0.0
2048-01-25,M08,Pump,2.17,55.87,11.91,105.6,1209.8,normal,8.9,17.3,71.96,0,none,0.0
2048-01-26,M08,Pump,2.15,60.36,12.24,126.2,1349.0,normal,8.97,11.4,71.89,0,none,0.0
2048-01-27,M08,Pump,1.78,62.23,12.16,102.0,1346.6,normal,9.18,8.4,71.67,0,none,0.0
2048-01-28,M08,Pump,0.67,41.97,3.57,21.7,537.2,idle,9.28,14.4,71.57,0,none,0.0
2048-01-29,M08,Pump,2.55,76.76,15.42,152.5,1858.0,peak,9.47,8.2,71.39,0,none,0.0
2048-01-30,M08,Pump,2.42,81.48,15.04,152.9,1836.0,peak,9.58,8.9,71.27,0,none,0.0
2048-01-31,M08,Pump,2.08,62.5,11.83,81.5,1836.0,normal,9.72,16.8,71.14,0,none,0.0
2048-02-01,M08,Pump,2.71,75.0,15.47,143.0,1836.0,peak,9.82,14.0,71.04,0,none,0.0
2048-02-02,M08,Pump,0.59,39.78,3.71,18.6,1836.0,idle,10.25,14.7,70.61,0,none,0.0
2048-02-03,M08,Pump,0.6,39.24,3.33,21.0,542.2,idle,10.4,15.5,70.46,0,none,0.0
2048-02-04,M08,Pump,0.62,43.88,3.83,23.7,504.2,idle,10.75,15.6,70.11,0,none,0.0
2048-02-05,M08,Pump,1.86,43.88,12.31,101.3,1316.6,normal,10.88,15.2,69.97,0,none,0.0
2048-02-06,M08,Pump,1.89,50.1,11.58,87.5,1229.7,normal,11.38,9.4,69.47,0,none,0.0
2048-02-07,M08,Pump,1.81,45.37,12.43,98.8,1203.4,normal,11.77,8.3,69.09,0,none,0.0
2048-02-08,M08,Pump,1.89,65.82,12.02,129.3,1281.0,normal,12.25,11.6,68.61,0,none,0.0
2048-02-09,M08,Pump,2.18,49.64,11.58,114.4,1348.0,normal,12.75,10.6,68.11,0,none,0.0
2048-02-10,M08,Pump,2.11,57.74,11.17,97.0,1213.0,normal,13.07,14.8,67.79,0,none,0.0
2048-02-11,M08,Pump,1.86,50.95,11.78,121.5,1222.6,normal,13.57,14.7,67.29,0,none,0.0
2048-02-12,M08,Pump,0.56,37.61,3.51,18.6,517.1,idle,13.65,13.2,67.21,0,none,0.0
2048-02-13,M08,Pump,2.17,54.66,11.23,102.3,1227.7,normal,13.93,9.9,66.92,0,none,0.0
2048-02-14,M08,Pump,0.54,37.85,3.39,22.2,555.4,idle,14.33,11.5,66.52,0,none,0.0
2048-02-15,M08,Pump,1.9,37.85,11.78,86.5,1259.6,normal,14.53,10.6,66.32,0,none,0.0
2048-02-16,M08,Pump,0.61,35.41,3.76,22.4,560.2,idle,14.97,8.4,65.89,0,none,0.0
2048-02-17,M08,Pump,0.52,35.0,3.35,24.2,553.6,idle,15.32,14.3,65.54,0,none,0.0
2048-02-18,M08,Pump,0.67,40.17,3.67,18.0,559.0,idle,15.65,8.9,65.21,0,none,0.0
2048-02-19,M08,Pump,0.67,40.17,3.53,18.0,559.0,idle,15.93,17.2,64.92,0,none,0.0
2048-02-20,M08,Pump,0.67,39.46,3.61,21.7,545.2,idle,16.15,11.1,64.71,0,none,0.0
2048-02-21,M08,Pump,0.67,44.43,3.99,20.3,539.3,idle,16.53,12.5,64.32,0,none,0.0
2048-02-22,M08,Pump,1.98,56.17,12.89,90.7,1216.2,normal,16.58,12.2,64.27,0,none,0.0
2048-02-23,M08,Pump,0.69,37.13,3.82,17.0,567.2,idle,16.87,16.5,63.99,0,none,0.0
2048-02-24,M08,Pump,0.66,44.19,3.97,15.8,530.3,idle,17.12,10.5,63.74,0,none,0.0
2048-02-25,M08,Pump,0.63,43.02,3.47,24.1,515.5,idle,17.28,18.0,63.57,0,none,0.0
2048-02-26,M08,Pump,0.67,40.13,3.66,18.7,507.2,idle,17.38,14.7,63.47,0,none,0.0
2048-02-27,M08,Pump,0.57,39.27,3.64,22.4,524.6,idle,17.85,17.6,63.01,0,none,0.0
2048-02-28,M08,Pump,0.58,44.06,3.83,15.2,556.9,idle,18.27,16.7,62.59,0,none,0.0
2048-02-29,M08,Pump,0.7,44.4,3.89,21.3,519.5,idle,18.38,10.6,62.47,0,none,0.0
2048-03-01,M08,Pump,0.7,41.96,3.5,17.6,527.8,idle,18.47,12.2,62.39,0,none,0.0
2048-03-02,M08,Pump,0.63,37.93,3.69,24.0,520.7,idle,18.77,9.2,62.09,0,none,0.0
2048-03-03,M08,Pump,0.69,39.73,3.37,15.6,523.7,idle,19.22,11.9,61.64,0,none,0.0
2048-03-04,M08,Pump,0.55,43.44,3.82,23.9,541.2,idle,19.25,17.3,61.61,0,none,0.0
2048-03-05,M08,Pump,0.59,37.71,3.71,21.2,527.5,idle,19.5,8.8,61.36,0,none,0.0
2048-03-06,M08,Pump,0.69,41.4,3.89,21.2,522.2,idle,19.97,8.2,60.89,0,none,0.0
2048-03-07,M08,Pump,0.65,37.3,3.72,19.0,510.5,idle,20.45,14.2,60.41,0,none,0.0
2048-03-08,M08,Pump,1.91,37.3,11.22,120.8,1274.8,normal,20.65,12.4,60.21,0,none,0.0
2048-03-09,M08,Pump,1.87,56.61,12.51,79.0,1282.0,normal,20.93,11.1,59.92,0,none,0.0
2048-03-10,M08,Pump,0.6,43.93,3.69,16.4,527.2,idle,20.98,15.2,59.87,0,none,0.0
2048-03-11,M08,Pump,0.62,35.46,3.92,15.7,502.1,idle,21.45,9.4,59.41,0,none,0.0
2048-03-12,M08,Pump,0.5,41.84,3.62,16.0,559.9,idle,21.92,14.8,58.94,0,none,0.0
2048-03-13,M08,Pump,1.8,52.51,11.36,126.2,1313.7,normal,22.33,10.3,58.52,0,none,0.0
2048-03-14,M08,Pump,2.06,52.51,12.05,107.9,1257.4,normal,22.78,9.7,58.07,0,none,0.0
2048-03-15,M08,Pump,1.86,64.59,11.05,110.5,1259.1,normal,23.22,15.8,57.64,0,none,0.0
2048-03-16,M08,Pump,0.63,36.98,3.47,20.9,568.6,idle,23.68,17.2,57.17,0,none,0.0
2048-03-17,M08,Pump,2.98,73.73,15.2,154.8,1813.0,peak,23.98,11.1,56.87,0,none,0.0
2048-03-18,M08,Pump,2.98,40.28,3.66,21.5,508.9,idle,24.2,8.9,56.66,0,none,0.0
2048-03-19,M08,Pump,0.64,39.89,3.87,16.4,521.0,idle,24.38,8.6,56.47,0,none,0.0
2048-03-20,M08,Pump,2.18,57.72,12.86,113.8,1339.0,normal,24.6,10.4,56.26,0,none,0.0
2048-03-21,M08,Pump,1.86,47.08,12.6,119.8,1292.8,normal,24.78,16.6,56.07,0,none,0.0
2048-03-22,M08,Pump,1.99,66.04,11.35,110.1,1207.5,normal,24.88,15.9,55.97,0,none,0.0
2048-03-23,M08,Pump,1.77,55.06,12.64,116.1,1346.1,normal,25.03,10.6,55.82,0,none,0.0
2048-03-24,M08,Pump,1.72,53.77,11.32,79.9,1239.7,normal,25.32,11.7,55.54,0,none,0.0
2048-03-25,M08,Pump,1.82,54.66,11.28,103.4,1338.0,normal,25.55,14.1,55.31,0,none,0.0
2048-03-26,M08,Pump,2.07,64.37,12.61,98.3,1306.3,normal,25.62,11.3,55.24,0,none,0.0
2048-03-27,M08,Pump,2.08,49.73,12.72,101.8,1202.5,normal,25.95,10.9,54.91,0,none,0.0
2048-03-28,M08,Pump,2.02,60.57,12.1,89.0,1272.3,normal,26.12,8.9,54.74,0,none,0.0
2048-03-29,M08,Pump,0.58,44.75,3.88,22.6,512.7,idle,26.6,14.5,54.26,0,none,0.0
2048-03-30,M08,Pump,1.87,53.73,11.99,79.6,1289.0,normal,26.75,14.2,54.11,0,none,0.0
2048-03-31,M08,Pump,2.61,78.43,15.02,148.0,1865.3,peak,26.9,8.8,53.96,0,none,0.0
2048-04-01,M08,Pump,0.6,42.89,3.79,23.6,500.5,idle,26.95,16.6,53.91,0,none,0.0
2048-04-02,M08,Pump,2.56,78.23,16.88,157.0,1818.5,peak,27.33,12.8,53.52,0,none,0.0
2048-04-03,M08,Pump,0.53,39.93,3.61,22.8,528.9,idle,27.42,9.1,53.44,0,none,0.0
2048-04-04,M08,Pump,1.86,47.06,11.09,100.8,1252.0,normal,27.45,14.8,53.41,0,none,0.0
2048-04-05,M08,Pump,2.73,80.68,15.08,152.4,1252.0,peak,27.53,17.4,53.32,0,none,0.0
2048-04-06,M08,Pump,1.93,56.99,11.97,98.3,1216.5,normal,27.88,17.0,52.97,0,none,0.0
2048-04-07,M08,Pump,0.53,36.79,3.85,17.8,566.4,idle,28.08,17.1,52.77,0,none,0.0
2048-04-08,M08,Pump,0.66,41.85,3.8,15.5,539.8,idle,28.22,13.1,52.64,0,none,0.0
2048-04-09,M08,Pump,2.17,45.9,11.58,80.7,1285.5,normal,28.68,14.9,52.17,0,none,0.0
2048-04-10,M08,Pump,0.52,39.79,3.8,16.6,1285.5,idle,28.75,15.3,52.11,0,none,0.0
2048-04-11,M08,Pump,1.73,48.44,3.8,119.4,1327.5,normal,29.03,14.2,51.82,0,none,0.0
2048-04-12,M08,Pump,1.81,47.2,12.7,111.8,1223.7,normal,29.15,13.5,51.71,0,none,0.0
2048-04-13,M08,Pump,1.98,65.06,11.14,82.3,1241.0,normal,29.38,8.8,51.47,0,none,0.0
2048-04-14,M08,Pump,2.03,49.09,12.63,117.0,1284.2,normal,29.58,14.8,51.27,0,none,0.0
2048-04-15,M08,Pump,0.52,44.88,3.64,19.5,569.7,idle,29.83,9.1,51.02,0,none,0.0
2048-04-16,M08,Pump,2.13,55.5,11.84,83.0,1339.0,normal,29.87,13.6,50.99,0,none,0.0
2048-04-17,M08,Pump,2.12,52.13,11.84,117.7,1234.2,normal,30.25,8.0,50.61,0,none,0.0
2048-04-18,M08,Pump,2.01,50.87,12.58,86.0,1300.3,normal,30.62,16.5,50.24,0,none,0.0
2048-04-19,M08,Pump,1.86,45.83,11.25,112.0,1236.0,normal,31.03,15.3,49.82,0,none,0.0
2048-04-20,M08,Pump,0.63,39.15,3.78,19.9,521.6,idle,31.25,8.6,49.61,0,none,0.0
2048-04-21,M08,Pump,1.77,52.85,12.27,116.5,1224.0,normal,31.42,8.1,49.44,0,none,0.0
2048-04-22,M08,Pump,2.03,52.85,11.44,105.6,1243.4,normal,31.53,15.8,49.32,0,none,0.0
2048-04-23,M08,Pump,0.63,44.56,3.4,20.7,564.6,idle,31.77,13.2,49.09,0,none,0.0
2048-04-24,M08,Pump,1.79,53.44,11.25,111.4,1300.4,normal,32.08,14.1,48.77,0,none,0.0
2048-04-25,M08,Pump,2.03,57.47,12.49,79.9,1343.6,normal,32.58,17.4,48.27,0,none,0.0
2048-04-26,M08,Pump,1.81,47.8,12.88,121.2,1314.7,normal,32.95,8.6,47.91,0,none,0.0
2048-04-27,M08,Pump,1.75,63.57,12.22,116.1,1346.7,normal,33.3,12.0,47.56,0,none,0.0
2048-04-28,M08,Pump,1.8,63.57,12.51,100.5,1208.2,normal,33.73,10.4,47.12,0,none,0.0
2048-04-29,M08,Pump,1.76,58.85,11.57,85.2,1251.0,normal,34.17,8.1,46.69,0,none,0.0
2048-04-30,M08,Pump,0.54,35.24,3.41,23.8,500.8,idle,34.6,10.1,46.26,0,none,0.0
2048-05-01,M08,Pump,0.54,42.53,3.69,17.1,561.5,idle,34.85,12.6,46.01,0,none,0.0
2048-05-02,M08,Pump,1.94,48.98,11.86,88.1,1256.4,normal,35.07,8.7,45.79,0,none,0.0
2048-05-03,M08,Pump,0.6,38.6,3.76,24.4,524.4,idle,35.47,10.4,45.39,0,none,0.0
2048-05-04,M08,Pump,1.88,61.98,12.06,100.3,1322.1,normal,35.72,9.0,45.14,0,none,0.0
2048-05-05,M08,Pump,0.68,40.91,3.43,19.7,535.3,idle,35.78,16.3,45.07,0,none,0.0
2048-05-06,M08,Pump,1.92,51.04,11.94,101.2,1231.4,normal,36.17,9.7,44.69,0,none,0.0
2048-05-07,M08,Pump,0.68,43.85,3.83,19.0,525.9,idle,36.22,11.1,44.64,0,none,0.0
2048-05-08,M08,Pump,2.06,58.99,12.2,84.5,1292.7,normal,36.37,11.8,44.49,0,none,0.0
2048-05-09,M08,Pump,2.15,46.97,11.68,104.5,1302.9,normal,36.45,9.6,44.41,0,none,0.0
2048-05-10,M08,Pump,1.74,46.97,11.08,122.6,1204.2,normal,36.48,13.4,44.37,0,none,0.0
2048-05-11,M08,Pump,1.78,63.41,12.72,129.1,1217.4,normal,36.8,16.0,44.06,0,none,0.0
2048-05-12,M08,Pump,1.96,46.77,11.31,87.1,1209.5,normal,36.92,13.5,43.94,0,none,0.0
2048-05-13,M08,Pump,0.68,36.26,3.74,21.3,513.9,idle,37.05,8.8,43.81,0,none,0.0
2048-05-14,M08,Pump,0.7,38.47,3.93,24.5,566.4,idle,37.48,13.2,43.37,0,none,0.0
2048-05-15,M08,Pump,0.65,37.54,3.38,20.7,525.2,idle,37.9,12.1,42.96,0,none,0.0
2048-05-16,M08,Pump,0.67,42.45,3.49,15.2,516.6,idle,38.15,10.4,42.71,0,none,0.0
2048-05-17,M08,Pump,0.61,35.79,3.76,21.7,511.9,idle,38.48,14.8,42.37,0,none,0.0
2048-05-18,M08,Pump,2.0,58.96,11.96,127.6,1216.2,normal,38.85,12.8,42.01,0,none,0.0
2048-05-19,M08,Pump,0.58,43.83,3.57,19.2,546.8,idle,39.0,14.0,41.86,0,none,0.0
2048-05-20,M08,Pump,0.63,35.23,3.62,18.3,543.9,idle,39.27,13.9,41.59,0,none,0.0
2048-05-21,M08,Pump,0.61,41.51,3.76,17.6,517.2,idle,39.45,12.3,41.41,0,none,0.0
2048-05-22,M08,Pump,0.57,37.42,3.78,21.0,515.1,idle,39.57,8.2,41.29,0,none,0.0
2048-05-23,M08,Pump,0.68,39.61,3.39,17.1,537.8,idle,39.67,15.0,41.19,0,none,0.0
2048-05-24,M08,Pump,0.57,43.51,3.65,24.1,507.1,idle,39.75,17.7,41.11,0,none,0.0
2048-05-25,M08,Pump,0.63,43.86,3.51,16.4,532.0,idle,39.78,12.3,41.07,0,none,0.0
2048-05-26,M08,Pump,0.69,41.33,3.75,21.7,502.8,idle,39.95,16.7,40.91,0,none,0.0
2048-05-27,M08,Pump,0.69,35.78,3.52,23.2,502.8,idle,39.98,14.7,40.87,0,none,0.0
2048-05-28,M08,Pump,0.7,36.72,3.58,23.2,515.1,idle,40.45,9.0,40.41,0,none,0.0
2048-05-29,M08,Pump,0.53,39.28,3.57,24.8,531.9,idle,40.58,13.3,40.27,0,none,0.0
2048-05-30,M08,Pump,0.67,43.88,3.41,22.1,519.4,idle,40.65,16.8,40.21,0,none,0.0
2048-05-31,M08,Pump,0.52,43.75,3.5,18.4,522.7,idle,40.98,14.2,39.87,0,none,0.0
2048-06-01,M08,Pump,0.54,39.35,3.6,18.4,564.1,idle,41.43,11.6,39.42,0,none,0.0
2048-06-02,M08,Pump,0.57,35.3,3.42,22.2,541.4,idle,41.65,12.7,39.21,0,none,0.0
2048-06-03,M08,Pump,0.69,41.94,3.44,16.2,536.5,idle,42.0,11.4,38.86,0,none,0.0
2048-06-04,M08,Pump,0.63,36.66,3.72,23.6,550.9,idle,42.47,9.9,38.39,0,none,0.0
2048-06-05,M08,Pump,0.63,42.89,3.37,17.0,502.7,idle,42.72,10.4,38.14,0,none,0.0
2048-06-06,M08,Pump,0.53,44.13,3.46,17.0,548.4,idle,42.98,16.1,37.87,0,none,0.0
2048-06-07,M08,Pump,0.63,40.54,3.64,19.2,564.2,idle,43.38,13.0,37.47,0,none,0.0
2048-06-08,M08,Pump,0.5,35.53,3.64,18.3,528.6,idle,43.63,16.5,37.22,0,none,0.0
2048-06-09,M08,Pump,0.7,42.75,3.91,18.7,516.8,idle,43.78,12.0,37.07,0,none,0.0
2048-06-10,M08,Pump,0.65,43.08,3.68,24.0,567.7,idle,43.88,15.6,36.97,0,none,0.0
2048-06-11,M08,Pump,1.94,50.12,12.03,129.5,1243.9,normal,44.12,12.4,36.74,0,none,0.0
2048-06-12,M08,Pump,2.01,60.96,11.43,108.6,1247.2,normal,44.27,11.7,36.59,0,none,0.0
2048-06-13,M08,Pump,0.67,42.15,3.88,17.0,502.4,idle,44.55,9.0,36.31,0,none,0.0
2048-06-14,M08,Pump,0.67,38.87,3.43,15.9,536.2,idle,44.87,13.2,35.99,0,none,0.0
2048-06-15,M08,Pump,0.53,40.67,3.81,20.4,563.3,idle,45.28,17.9,35.57,0,none,0.0
2048-06-16,M08,Pump,0.53,39.94,3.41,23.8,565.3,idle,45.4,10.2,35.46,0,none,0.0
2048-06-17,M08,Pump,1.9,52.03,11.56,122.7,1302.4,normal,45.77,15.6,35.09,0,none,0.0
2048-06-18,M08,Pump,0.68,36.18,3.63,21.8,562.8,idle,45.95,17.6,34.91,0,none,0.0
2048-06-19,M08,Pump,1.89,52.2,12.83,80.5,1271.9,normal,46.13,11.9,34.72,0,none,0.0
2048-06-20,M08,Pump,1.93,48.36,11.79,115.6,1255.0,normal,46.37,12.2,34.49,0,none,0.0
2048-06-21,M08,Pump,1.85,48.36,12.98,118.5,1327.0,normal,46.78,11.0,34.07,0,none,0.0
2048-06-22,M08,Pump,1.85,63.44,12.96,116.9,1299.2,normal,47.17,16.1,33.69,0,none,0.0
2048-06-23,M08,Pump,0.64,44.0,3.78,22.6,515.1,idle,47.42,14.8,33.44,0,none,0.0
2048-06-24,M08,Pump,2.16,55.29,11.32,119.6,1253.5,normal,47.53,9.0,33.32,0,none,0.0
2048-06-25,M08,Pump,1.79,50.89,11.07,82.7,1288.9,normal,47.65,10.3,33.21,0,none,0.0
2048-06-26,M08,Pump,2.13,55.32,12.25,120.1,1253.5,normal,48.0,13.3,32.86,0,none,0.0
2048-06-27,M08,Pump,5.52,53.06,12.29,89.3,1346.7,normal,48.25,17.2,32.61,0,none,0.0
2048-06-28,M08,Pump,1.74,56.62,11.57,109.2,1264.2,normal,48.42,16.4,32.44,0,none,0.0
2048-06-29,M08,Pump,1.85,50.75,11.36,118.7,1233.3,normal,48.65,13.4,32.21,0,none,0.0
2048-06-30,M08,Pump,2.09,56.16,11.14,86.6,1333.9,normal,48.98,13.1,31.87,0,none,0.0
2048-07-01,M08,Pump,2.76,72.76,16.41,160.6,1799.6,peak,49.27,10.2,31.59,0,none,0.0
2048-07-02,M08,Pump,1.98,51.75,11.16,98.8,1312.7,normal,49.58,17.6,31.27,0,none,0.0
2048-07-03,M08,Pump,1.93,51.75,11.73,98.8,1247.7,normal,49.62,13.4,31.24,0,none,0.0
2048-07-04,M08,Pump,0.62,35.64,3.87,16.7,544.3,idle,49.9,17.2,30.96,0,none,0.0
2048-07-05,M08,Pump,1.92,62.79,12.65,88.6,1301.6,normal,50.05,10.3,30.81,0,none,0.0
2048-07-06,M08,Pump,1.79,47.85,12.86,86.5,1234.2,normal,50.52,11.4,30.34,0,none,0.0
2048-07-07,M08,Pump,0.53,39.7,3.94,17.6,537.9,idle,50.63,9.4,30.22,0,none,0.0
2048-07-08,M08,Pump,2.65,75.04,16.14,154.0,1803.9,peak,51.03,13.9,29.82,0,none,0.0
2048-07-09,M08,Pump,2.13,46.22,11.17,129.5,1312.2,normal,51.42,12.8,29.44,0,none,0.0
2048-07-10,M08,Pump,2.1,58.86,11.84,110.7,1213.9,normal,51.47,14.0,29.39,0,none,0.0
2048-07-11,M08,Pump,2.08,57.44,12.91,111.2,1222.8,normal,51.63,17.1,29.22,0,none,0.0
2048-07-12,M08,Pump,1.94,46.33,12.49,104.1,1255.5,normal,51.68,17.4,29.17,0,none,0.0
2048-07-13,M08,Pump,2.18,66.63,12.91,89.5,1309.3,normal,51.78,8.8,29.07,0,none,0.0
2048-07-14,M08,Pump,2.17,58.13,11.43,120.5,1332.0,normal,52.05,13.1,28.81,0,none,0.0
2048-07-15,M08,Pump,2.05,51.75,11.43,110.5,1272.4,normal,52.22,13.2,28.64,0,none,0.0
2048-07-16,M08,Pump,2.03,47.57,11.27,96.9,1238.8,normal,52.25,9.1,28.61,0,none,0.0
2048-07-17,M08,Pump,2.01,53.45,12.37,118.0,1228.1,normal,52.65,17.9,28.21,0,none,0.0
2048-07-18,M08,Pump,0.68,42.87,3.74,24.1,518.6,idle,52.88,16.5,27.97,0,none,0.0
2048-07-19,M08,Pump,1.91,46.97,11.91,104.3,1292.4,normal,53.17,12.5,27.69,0,none,0.0
2048-07-20,M08,Pump,0.51,35.32,11.91,16.9,553.1,idle,53.52,16.4,27.34,0,none,0.0
2048-07-21,M08,Pump,0.63,38.26,3.33,16.8,548.4,idle,53.82,16.3,27.04,0,none,0.0
2048-07-22,M08,Pump,0.7,38.26,3.86,23.7,503.4,idle,54.1,13.8,26.76,0,none,0.0
2048-07-23,M08,Pump,0.7,55.72,12.93,106.0,1235.3,normal,54.37,8.6,26.49,0,none,0.0
2048-07-24,M08,Pump,2.98,73.65,16.76,144.3,1851.2,peak,54.48,9.3,26.37,0,none,0.0
2048-07-25,M08,Pump,1.91,67.36,11.37,99.3,1296.0,normal,54.77,10.8,26.09,0,none,0.0
2048-07-26,M08,Pump,2.19,51.99,11.79,102.0,1237.9,normal,55.25,11.4,25.61,0,none,0.0
2048-07-27,M08,Pump,2.11,47.12,12.41,105.8,1236.3,normal,55.5,15.4,25.36,0,none,0.0
2048-07-28,M08,Pump,1.95,64.09,11.89,84.3,1206.1,normal,55.82,14.6,25.04,0,none,0.0
2048-07-29,M08,Pump,2.87,74.96,16.86,155.4,1815.4,peak,56.32,12.3,24.54,0,none,0.0
2048-07-30,M08,Pump,1.98,55.51,12.81,101.8,1215.6,normal,56.6,16.0,24.26,0,none,0.0
2048-07-31,M08,Pump,2.76,79.34,16.53,101.8,1816.5,peak,57.08,15.1,23.77,0,none,0.0
2048-08-01,M08,Pump,0.57,39.91,3.93,24.8,568.0,idle,57.33,8.9,23.52,0,none,0.0
2048-08-02,M08,Pump,1.81,56.43,11.52,97.1,1204.8,normal,57.58,8.9,23.27,0,none,0.0
2048-08-03,M08,Pump,1.78,54.13,11.73,92.5,1234.5,normal,57.93,17.6,22.92,0,none,0.0
2048-08-04,M08,Pump,1.78,51.77,12.41,97.2,1234.5,normal,58.4,16.2,22.46,0,none,0.0
2048-08-05,M08,Pump,0.53,36.58,3.78,24.1,510.0,idle,58.82,12.1,22.04,0,none,0.0
2048-08-06,M08,Pump,1.74,66.5,11.23,91.0,1339.4,normal,59.07,14.1,21.79,0,none,0.0
2048-08-07,M08,Pump,2.1,52.88,12.91,107.5,1210.8,normal,59.2,13.6,21.66,0,none,0.0
2048-08-08,M08,Pump,2.05,57.36,12.15,129.7,1222.9,normal,59.27,16.4,21.59,0,none,0.0
2048-08-09,M08,Pump,2.03,55.55,11.54,114.1,1300.2,normal,59.4,14.9,21.46,0,none,0.0
2048-08-10,M08,Pump,2.13,65.21,12.12,94.9,1279.4,normal,59.73,16.9,21.12,0,none,0.0
2048-08-11,M08,Pump,1.88,51.38,12.1,112.2,1288.6,normal,59.78,17.8,21.07,0,none,0.0
2048-08-12,M08,Pump,1.88,37.99,3.56,21.7,542.0,idle,59.9,9.1,20.96,0,none,0.0
2048-08-13,M08,Pump,1.7,52.18,11.51,121.7,1329.9,normal,60.03,8.1,20.82,0,none,0.0
2048-08-14,M08,Pump,1.84,47.35,11.41,121.7,1235.6,normal,60.1,12.9,20.76,0,none,0.0
2048-08-15,M08,Pump,0.55,39.8,3.52,20.6,524.1,idle,60.23,15.0,20.62,0,none,0.0
2048-08-16,M08,Pump,2.11,66.87,11.81,80.6,1235.9,normal,60.32,16.0,20.54,0,none,0.0
2048-08-17,M08,Pump,1.75,52.93,12.29,105.0,1236.4,normal,60.72,17.2,20.14,0,none,0.0
2048-08-18,M08,Pump,0.65,36.31,3.46,21.8,513.8,idle,61.17,8.8,19.69,0,none,0.0
2048-08-19,M08,Pump,0.64,44.77,3.88,16.6,536.4,idle,61.52,11.3,19.34,0,none,0.0
2048-08-20,M08,Pump,0.64,67.81,12.93,84.6,1336.3,normal,61.85,16.5,19.01,0,none,0.0
2048-08-21,M08,Pump,0.64,38.19,3.55,17.9,559.7,idle,62.03,16.3,18.82,0,none,0.0
2048-08-22,M08,Pump,0.57,43.17,4.0,17.9,524.2,idle,62.18,9.6,18.67,0,none,0.0
2048-08-23,M08,Pump,0.64,40.34,3.85,16.5,544.7,idle,62.4,11.7,18.46,0,none,0.0
2048-08-24,M08,Pump,0.65,42.61,3.97,15.6,524.2,idle,62.83,10.2,18.02,0,none,0.0
2048-08-25,M08,Pump,0.6,38.1,3.52,16.8,556.9,idle,63.23,17.7,17.62,0,none,0.0
2048-08-26,M08,Pump,0.68,35.82,3.41,17.3,535.6,idle,63.72,14.0,17.14,0,none,0.0
2048-08-27,M08,Pump,0.66,35.71,3.75,16.5,568.0,idle,64.05,16.3,16.81,0,none,0.0
2048-08-28,M08,Pump,0.68,44.5,3.37,19.9,511.6,idle,64.15,10.8,16.71,0,none,0.0
2048-08-29,M08,Pump,0.62,37.33,3.84,21.4,511.6,idle,64.57,14.3,16.29,0,none,0.0
2048-08-30,M08,Pump,2.11,56.51,11.54,110.3,1343.6,normal,64.67,15.8,16.19,0,none,0.0
2048-08-31,M08,Pump,0.62,41.3,3.95,20.1,1343.6,idle,65.17,12.4,15.69,0,none,0.0
2048-09-01,M08,Pump,0.53,40.37,3.45,19.5,511.9,idle,65.33,14.0,15.52,0,none,0.0
2048-09-02,M08,Pump,0.53,37.11,3.52,16.4,556.6,idle,65.75,13.6,15.11,0,none,0.0
2048-09-03,M08,Pump,0.54,39.17,3.31,16.1,562.7,idle,66.25,15.4,14.61,0,none,0.0
2048-09-04,M08,Pump,2.12,64.34,11.82,85.4,1216.2,normal,66.75,10.5,14.11,0,none,0.0
2048-09-05,M08,Pump,2.0,64.05,12.8,93.0,1248.2,normal,67.03,17.0,13.82,0,none,0.0
2048-09-06,M08,Pump,1.75,62.81,11.55,103.0,1339.3,normal,67.53,16.2,13.32,0,none,0.0
2048-09-07,M08,Pump,0.65,35.53,3.31,22.9,538.7,idle,67.65,12.1,13.21,0,none,0.0
2048-09-08,M08,Pump,0.64,36.57,3.91,22.7,562.4,idle,67.7,13.4,13.16,0,none,0.0
2048-09-09,M08,Pump,0.57,37.76,3.41,24.3,512.4,idle,67.85,10.6,13.01,0,none,0.0
2048-09-10,M08,Pump,0.52,36.93,3.84,23.9,556.8,idle,68.02,10.1,12.84,0,none,0.0
2048-09-11,M08,Pump,0.61,44.94,3.35,23.7,529.9,idle,68.45,11.2,12.41,0,none,0.0
2048-09-12,M08,Pump,0.59,36.28,3.32,18.2,512.2,idle,68.53,10.2,12.32,0,none,0.0
2048-09-13,M08,Pump,0.6,36.47,3.4,23.8,564.5,idle,68.58,8.1,12.27,0,none,0.0
2048-09-14,M08,Pump,0.69,41.81,3.84,23.4,546.1,idle,69.02,14.0,11.84,0,none,0.0
2048-09-15,M08,Pump,0.57,36.56,3.47,23.4,548.7,idle,69.32,11.4,11.54,0,none,0.0
2048-09-16,M08,Pump,0.59,35.29,3.49,22.3,535.9,idle,69.67,13.9,11.19,0,none,0.0
2048-09-17,M08,Pump,0.59,38.14,3.72,24.7,563.1,idle,70.07,11.6,10.79,0,none,0.0
2048-09-18,M08,Pump,1.72,56.06,11.66,104.5,1290.9,normal,70.52,12.6,10.34,0,none,0.0
2048-09-19,M08,Pump,1.8,62.98,11.95,129.6,1203.8,normal,70.88,15.3,9.97,0,none,0.0
2048-09-20,M08,Pump,2.51,80.34,16.39,154.6,1895.8,peak,71.2,14.1,9.66,0,none,0.0
2048-09-21,M08,Pump,1.91,54.59,12.82,106.0,1253.1,normal,71.68,9.1,9.17,0,none,0.0
2048-09-22,M08,Pump,2.06,59.25,11.61,93.5,1253.1,normal,71.97,16.9,8.89,0,none,0.0
2048-09-23,M08,Pump,0.51,44.43,3.43,16.9,545.3,idle,72.17,15.6,8.69,0,none,0.0
2048-09-24,M08,Pump,2.06,61.95,11.75,123.4,1281.6,normal,72.23,13.1,8.62,0,none,0.0
2048-09-25,M08,Pump,0.59,43.1,3.47,23.6,537.7,idle,72.3,10.2,8.56,0,none,0.0
2048-09-26,M08,Pump,2.15,49.64,12.87,113.8,1292.8,normal,72.65,17.3,8.21,0,none,0.0
2048-09-27,M08,Pump,1.91,67.0,11.89,103.9,1317.2,normal,72.92,14.9,7.94,0,none,0.0
2048-09-28,M08,Pump,1.84,51.7,12.55,84.7,1323.4,normal,73.0,10.3,7.86,0,none,0.0
2048-09-29,M08,Pump,2.78,78.09,15.46,159.7,1870.7,peak,73.18,15.1,7.67,0,none,0.0
2048-09-30,M08,Pump,1.94,53.95,11.49,117.2,1295.9,normal,73.3,14.5,7.56,0,none,0.0
2048-10-01,M08,Pump,1.8,53.95,12.76,81.1,1315.9,normal,73.67,16.5,7.19,0,none,0.0
2048-10-02,M08,Pump,2.13,67.8,11.48,97.3,1344.9,normal,73.83,14.2,7.02,0,none,0.0
2048-10-03,M08,Pump,0.52,40.24,3.65,21.1,523.2,idle,74.33,15.2,6.52,0,none,0.0
2048-10-04,M08,Pump,0.69,37.7,3.75,20.0,518.7,idle,74.78,12.1,6.07,0,none,0.0
2048-10-05,M08,Pump,1.79,67.0,12.12,109.4,1317.4,normal,74.93,10.3,5.92,0,none,0.0
2048-10-06,M08,Pump,1.79,61.42,11.33,116.5,1221.2,normal,75.13,8.1,5.72,0,none,0.0
2048-10-07,M08,Pump,2.12,60.66,11.77,96.7,1222.3,normal,75.63,14.5,5.22,0,none,0.0
2048-10-08,M08,Pump,5.23,47.73,11.94,90.3,1349.5,normal,75.82,9.7,5.04,0,none,0.0
2048-10-09,M08,Pump,2.75,72.24,16.34,164.8,1840.8,peak,76.25,16.7,4.61,0,none,0.0
2048-10-10,M08,Pump,1.93,51.75,11.18,89.9,1283.0,normal,76.42,17.9,4.44,0,none,0.0
2048-10-11,M08,Pump,2.08,65.19,12.59,84.5,1316.0,normal,76.45,10.8,4.41,0,none,0.0
2048-10-12,M08,Pump,0.62,39.69,3.7,15.1,504.7,idle,76.9,11.7,3.96,0,none,0.0
2048-10-13,M08,Pump,1.96,48.99,12.09,15.1,1336.1,normal,77.3,12.4,3.56,0,none,0.0
2048-10-14,M08,Pump,0.69,44.8,3.93,24.9,549.4,idle,77.52,17.4,3.34,0,none,0.0
2048-10-15,M08,Pump,0.69,41.42,3.87,16.3,547.8,idle,77.6,13.1,3.26,0,none,0.0
2048-10-16,M08,Pump,0.69,57.42,11.37,105.4,1306.0,normal,77.98,11.4,2.87,0,none,0.0
2048-10-17,M08,Pump,2.08,57.05,11.43,126.2,1316.0,normal,78.15,16.0,2.71,0,none,0.0
2048-10-18,M08,Pump,1.84,63.67,11.7,94.2,1329.5,normal,78.33,12.9,2.52,0,none,0.0
2048-10-19,M08,Pump,2.14,54.17,11.02,87.7,1336.4,normal,78.47,14.2,2.39,0,none,0.0
2048-10-20,M08,Pump,0.68,39.53,3.51,18.0,562.8,idle,78.53,12.7,2.32,0,none,0.0
2048-10-21,M08,Pump,1.86,56.77,12.46,88.9,1238.1,normal,78.73,14.4,2.12,0,none,0.0
2048-10-22,M08,Pump,0.57,41.54,3.87,20.5,509.3,idle,78.92,17.9,1.94,0,none,0.0
2048-10-23,M08,Pump,1.92,47.94,11.18,108.7,1343.4,normal,79.3,8.6,1.56,0,none,0.0
2048-10-24,M08,Pump,2.12,62.81,12.45,124.7,1312.9,normal,79.77,16.6,1.09,0,none,0.0
2048-10-25,M08,Pump,2.78,75.47,15.2,151.5,1888.7,peak,80.15,15.8,0.71,0,none,0.0
2048-10-26,M08,Pump,1.99,49.24,12.3,102.2,1339.7,normal,80.18,11.2,0.67,0,none,0.0
2048-10-27,M08,Pump,1.78,61.38,12.36,129.1,1284.7,normal,80.38,9.8,0.5,0,none,0.0
2048-10-28,M08,Pump,2.14,45.57,11.25,96.0,1292.9,normal,80.72,9.8,0.5,0,none,0.0
2048-10-29,M08,Pump,2.67,73.04,16.18,154.2,1828.7,peak,81.08,10.4,0.5,0,none,0.0
2048-10-30,M08,Pump,0.52,44.27,3.71,17.6,548.1,idle,81.32,12.3,0.5,0,none,0.0
2048-10-31,M08,Pump,2.59,77.59,15.68,162.0,1899.1,peak,81.7,12.2,0.5,0,none,0.0
2048-11-01,M08,Pump,0.53,35.24,3.45,20.9,512.2,idle,81.82,13.7,0.5,0,none,0.0
2048-11-02,M08,Pump,2.11,54.4,12.22,101.7,1335.5,normal,81.97,11.8,0.5,0,none,0.0
2048-11-03,M08,Pump,1.72,61.77,12.3,101.7,1262.1,normal,82.3,16.3,0.5,0,none,0.0
2048-11-04,M08,Pump,0.5,41.89,3.88,15.8,530.9,idle,82.67,15.8,0.5,0,none,0.0
2048-11-05,M08,Pump,1.78,59.05,12.57,112.7,1247.7,normal,82.8,8.2,0.5,0,none,0.0
2048-11-06,M08,Pump,0.53,42.94,3.53,15.2,540.0,idle,83.15,15.8,0.5,0,none,0.0
2048-11-07,M08,Pump,1.82,64.35,11.29,100.6,1238.0,normal,83.33,14.5,0.5,0,none,0.0
2048-11-08,M08,Pump,2.04,57.62,12.58,101.8,1200.7,normal,83.82,8.0,0.5,0,none,0.0
2048-11-09,M08,Pump,0.54,44.99,3.58,21.2,563.4,idle,84.07,13.1,0.5,0,none,0.0
2048-11-10,M08,Pump,1.71,60.17,11.58,92.5,1233.7,normal,84.2,9.9,0.5,0,none,0.0
2048-11-11,M08,Pump,2.11,53.58,11.13,83.0,1222.3,normal,84.65,13.2,0.5,0,none,0.0
2048-11-12,M08,Pump,2.15,54.83,12.83,120.5,1325.7,normal,85.0,10.4,0.5,0,none,0.0
2048-11-13,M08,Pump,1.84,51.24,12.12,99.7,1276.4,normal,85.13,9.0,0.5,0,none,0.0
2048-11-14,M08,Pump,1.73,67.35,11.12,87.3,1301.7,normal,85.55,12.4,0.5,0,none,0.0
2048-11-15,M08,Pump,1.78,47.46,11.31,87.3,1237.7,normal,85.9,8.4,0.5,0,none,0.0
2048-11-16,M08,Pump,0.55,39.99,3.61,19.7,543.1,idle,86.15,11.6,0.5,0,none,0.0
2048-11-17,M08,Pump,0.55,36.35,3.92,21.3,504.2,idle,86.33,10.5,0.5,0,none,0.0
2048-11-18,M08,Pump,0.69,41.93,3.92,24.7,525.6,idle,86.65,17.4,0.5,0,none,0.0
2048-11-19,M08,Pump,0.7,36.03,3.41,21.6,501.6,idle,86.75,11.4,0.5,0,none,0.0
2048-11-20,M08,Pump,0.5,42.92,3.42,24.2,529.8,idle,87.02,11.4,0.5,0,none,0.0
2048-11-21,M08,Pump,0.67,39.18,3.67,18.2,546.1,idle,87.48,16.6,0.5,0,none,0.0
2048-11-22,M08,Pump,1.86,50.13,11.16,81.0,1245.9,normal,87.6,16.5,0.5,0,none,0.0
2048-11-23,M08,Pump,2.07,49.73,11.6,125.1,1245.9,normal,87.97,13.2,0.5,0,none,0.0
2048-11-24,M08,Pump,2.16,65.96,11.13,127.7,1207.7,normal,88.32,14.1,0.5,0,none,0.0
2048-11-25,M08,Pump,2.16,57.57,12.07,115.1,1331.9,normal,88.82,12.8,0.5,0,none,0.0
2048-11-26,M08,Pump,2.01,54.78,11.22,119.0,1219.2,normal,89.18,10.5,0.5,0,none,0.0
2048-11-27,M08,Pump,0.65,40.28,3.57,21.1,554.1,idle,89.43,14.1,0.5,0,none,0.0
2048-11-28,M08,Pump,0.69,37.65,3.96,24.6,557.0,idle,89.68,10.1,0.5,0,none,0.0
2048-11-29,M08,Pump,0.68,41.92,3.33,20.8,552.3,idle,90.03,16.6,0.5,0,none,0.0
2048-11-30,M08,Pump,0.69,40.7,3.86,22.1,519.7,idle,90.27,10.6,0.5,0,none,0.0
2048-12-01,M08,Pump,0.53,42.51,3.46,17.4,545.1,idle,90.35,13.2,0.5,0,none,0.0
2048-12-02,M08,Pump,0.66,40.82,3.92,17.1,517.7,idle,90.38,13.9,0.5,0,none,0.0
2048-12-03,M08,Pump,0.63,43.29,3.68,15.1,547.4,idle,90.72,9.4,0.5,0,none,0.0
2048-12-04,M08,Pump,2.11,51.36,11.11,104.9,1206.3,normal,91.02,10.1,0.5,0,none,0.0
2048-12-05,M08,Pump,1.91,45.41,11.45,98.2,1216.8,normal,91.18,15.4,0.5,0,none,0.0
2048-12-06,M08,Pump,0.52,43.27,3.33,21.9,557.0,idle,91.53,14.7,0.5,0,none,0.0
2048-12-07,M08,Pump,1.77,49.49,12.28,94.4,1271.5,normal,91.83,12.3,0.5,0,none,0.0
2048-12-08,M08,Pump,0.67,36.38,3.73,24.4,504.0,idle,92.17,13.8,0.5,0,none,0.0
2048-12-09,M08,Pump,0.51,40.55,3.97,17.2,523.2,idle,92.43,15.0,0.5,0,none,0.0
2048-12-10,M08,Pump,0.52,38.62,3.33,17.2,538.9,idle,92.7,16.6,0.5,0,none,0.0
2048-12-11,M08,Pump,2.19,63.82,12.64,89.9,1213.1,normal,92.73,16.7,0.5,0,none,0.0
2048-12-12,M08,Pump,0.62,40.21,3.66,16.1,534.6,idle,92.98,8.9,0.5,0,none,0.0
2048-12-13,M08,Pump,0.53,39.22,3.34,23.6,500.9,idle,93.15,17.1,0.5,0,none,0.0
2048-12-14,M08,Pump,0.69,43.63,3.83,24.8,503.8,idle,93.22,15.6,0.5,0,none,0.0
2048-12-15,M08,Pump,0.63,43.49,3.39,20.9,527.6,idle,93.67,16.0,0.5,0,none,0.0
2048-12-16,M08,Pump,1.92,65.99,12.08,82.8,1340.6,normal,94.07,12.5,0.5,0,none,0.0
2048-12-17,M08,Pump,1.79,65.53,12.94,123.7,1301.6,normal,94.27,16.3,0.5,0,none,0.0
2048-12-18,M08,Pump,2.07,61.1,11.92,92.3,1242.8,normal,94.52,11.3,0.5,0,none,0.0
2048-12-19,M08,Pump,2.07,59.4,12.17,111.9,1316.2,normal,94.88,13.4,0.5,0,none,0.0
2048-12-20,M08,Pump,2.07,47.42,11.73,111.9,1280.7,normal,95.18,8.2,0.5,0,none,0.0
2048-12-21,M08,Pump,1.73,62.54,11.21,92.1,1317.4,normal,95.27,14.6,0.5,0,none,0.0
2048-12-22,M08,Pump,1.73,60.18,12.85,110.1,1306.9,normal,95.43,15.2,0.5,0,none,0.0
2048-12-23,M08,Pump,2.1,50.11,12.16,94.1,1237.4,normal,95.55,14.9,0.5,0,none,0.0
2048-12-24,M08,Pump,1.8,58.46,12.59,123.5,1264.3,normal,95.77,14.4,0.5,0,none,0.0
2048-12-25,M08,Pump,1.89,58.46,12.56,91.2,1244.6,normal,96.02,11.3,0.5,0,none,0.0
2048-12-26,M08,Pump,2.72,76.67,16.41,152.6,1766.7,peak,96.52,17.3,0.5,0,none,0.0
2048-12-27,M08,Pump,0.53,44.02,3.46,15.5,551.2,idle,96.72,8.2,0.5,0,none,0.0
2048-12-28,M08,Pump,0.64,41.0,3.65,24.7,508.4,idle,96.92,12.1,0.5,0,none,0.0
2048-12-29,M08,Pump,1.96,57.97,11.04,99.4,1317.4,normal,97.32,17.5,0.5,0,none,0.0
2048-12-30,M08,Pump,1.94,65.13,12.29,117.8,1320.7,normal,97.6,8.5,0.5,0,none,0.0
2048-12-31,M08,Pump,0.64,42.49,3.79,20.5,539.7,idle,98.07,17.0,0.5,0,none,0.0
2049-01-01,M08,Pump,1.79,64.03,11.62,105.9,1237.4,normal,98.57,13.6,0.5,0,none,0.0
2049-01-02,M08,Pump,2.05,67.43,12.6,110.2,1285.1,normal,98.63,15.0,0.5,0,none,0.0
2049-01-03,M08,Pump,1.94,49.71,11.7,99.1,1341.7,normal,98.97,11.3,0.5,0,none,0.0
2049-01-04,M08,Pump,1.91,58.48,12.84,105.0,1237.7,normal,99.23,17.6,0.5,0,none,0.0
2049-01-05,M08,Pump,1.89,53.64,12.43,93.4,1309.5,normal,99.72,8.6,0.5,0,none,0.0
2049-01-06,M08,Pump,0.68,38.36,3.39,21.4,525.3,idle,100.2,10.4,0.5,0,none,0.0
2049-01-07,M08,Pump,0.61,41.34,3.59,24.2,528.0,idle,100.4,18.0,0.5,0,none,0.0
2049-01-08,M08,Pump,0.56,43.86,3.4,16.2,565.5,idle,100.65,15.6,0.5,0,none,0.0
2049-01-09,M08,Pump,0.54,36.48,3.67,16.2,543.4,idle,101.13,13.1,0.5,0,none,0.0
2049-01-10,M08,Pump,1.93,59.73,11.57,125.1,1240.6,normal,101.58,12.1,0.5,0,none,0.0
2049-01-11,M08,Pump,2.02,66.74,11.8,86.4,1210.3,normal,102.02,14.5,0.5,0,none,0.0
2049-01-12,M08,Pump,2.18,62.57,12.84,114.3,1251.4,normal,102.35,15.5,0.5,0,none,0.0
2049-01-13,M08,Pump,2.18,66.37,11.98,98.6,1286.7,normal,102.83,8.5,0.5,0,none,0.0
2049-01-14,M08,Pump,1.75,66.37,11.98,83.2,1286.7,normal,103.07,13.1,0.5,0,none,0.0
2049-01-15,M08,Pump,1.96,59.34,11.37,79.7,1343.8,normal,103.22,16.4,0.5,0,none,0.0
2049-01-16,M08,Pump,0.51,35.02,3.53,17.2,540.1,idle,103.25,16.5,0.5,0,none,0.0
2049-01-17,M08,Pump,2.15,56.07,12.55,125.3,1228.4,normal,103.35,13.8,0.5,0,none,0.0
2049-01-18,M08,Pump,1.94,59.77,11.66,116.5,1305.8,normal,103.7,17.7,0.5,0,none,0.0
2049-01-19,M08,Pump,1.91,47.02,11.02,97.2,1212.3,normal,104.05,8.0,0.5,0,none,0.0
2049-01-20,M08,Pump,2.09,52.69,12.33,96.0,1319.4,normal,104.23,13.0,0.5,0,none,0.0
2049-01-21,M08,Pump,2.14,64.26,11.97,96.0,1255.8,normal,104.45,16.7,0.5,0,none,0.0
2049-01-22,M08,Pump,1.91,67.09,12.13,111.3,1317.3,normal,104.85,11.5,0.5,0,none,0.0
2049-01-23,M08,Pump,0.61,40.98,3.47,15.6,550.5,idle,105.08,8.5,0.5,0,none,0.0
2049-01-24,M08,Pump,2.12,54.48,12.1,94.0,1267.5,normal,105.22,12.1,0.5,0,none,0.0
2049-01-25,M08,Pump,2.53,81.4,15.98,153.7,1755.6,peak,105.27,15.5,0.5,0,none,0.0
2049-01-26,M08,Pump,2.01,49.66,11.77,99.5,1267.3,normal,105.4,14.8,0.5,0,none,0.0
2049-01-27,M08,Pump,1.81,64.55,11.86,109.8,1292.1,normal,105.53,10.6,0.5,0,none,0.0
2049-01-28,M08,Pump,0.62,40.59,3.88,23.1,529.2,idle,105.83,11.8,0.5,0,none,0.0
2049-01-29,M08,Pump,0.63,36.03,3.36,19.8,563.0,idle,106.25,10.3,0.5,0,none,0.0
2049-01-30,M08,Pump,2.02,60.39,11.32,101.6,563.0,normal,106.57,17.6,0.5,0,none,0.0
2049-01-31,M08,Pump,2.09,48.17,12.08,125.4,1333.9,normal,106.7,12.4,0.5,0,none,0.0
2049-02-01,M08,Pump,2.13,53.62,12.88,119.9,1327.7,normal,106.95,15.1,0.5,0,none,0.0
2049-02-02,M08,Pump,2.96,84.06,15.48,143.2,1853.6,peak,107.37,12.5,0.5,0,none,0.0
2049-02-03,M08,Pump,2.96,38.27,3.78,15.6,503.3,idle,107.52,16.9,0.5,0,none,0.0
2049-02-04,M08,Pump,1.88,49.46,12.44,127.3,1299.2,normal,107.7,11.6,0.5,0,none,0.0
2049-02-05,M08,Pump,0.63,35.07,3.66,23.2,545.8,idle,107.97,9.7,0.5,0,none,0.0
2049-02-06,M08,Pump,0.55,43.48,3.98,17.8,514.5,idle,108.22,11.9,0.5,0,none,0.0
2049-02-07,M08,Pump,1.87,46.45,12.75,126.3,1295.0,normal,108.45,11.1,0.5,0,none,0.0
2049-02-08,M08,Pump,2.08,60.38,11.75,110.9,1325.5,normal,108.5,17.0,0.5,0,none,0.0
2049-02-09,M08,Pump,2.89,71.22,15.93,149.9,1862.8,peak,108.82,14.1,0.5,0,none,0.0
2049-02-10,M08,Pump,1.95,53.04,12.41,102.6,1238.5,normal,109.28,15.8,0.5,0,none,0.0
2049-02-11,M08,Pump,0.68,36.13,3.31,16.4,511.5,idle,109.72,14.1,0.5,0,none,0.0
2049-02-12,M08,Pump,1.97,59.37,11.9,88.6,1219.8,normal,110.1,10.4,0.5,0,none,0.0
2049-02-13,M08,Pump,0.6,59.37,3.51,17.2,505.6,idle,110.28,15.1,0.5,0,none,0.0
2049-02-14,M08,Pump,0.51,36.06,3.82,18.4,501.9,idle,110.38,16.5,0.5,0,none,0.0
2049-02-15,M08,Pump,0.6,40.36,3.6,16.1,552.9,idle,110.65,15.9,0.5,0,none,0.0
2049-02-16,M08,Pump,0.64,38.95,3.57,16.6,552.8,idle,111.15,8.3,0.5,0,none,0.0
2049-02-17,M08,Pump,0.62,35.86,3.56,24.0,531.7,idle,111.58,12.8,0.5,0,none,0.0
2049-02-18,M08,Pump,0.56,41.44,3.44,20.2,546.9,idle,111.85,12.8,0.5,0,none,0.0
2049-02-19,M08,Pump,0.67,41.93,3.57,22.7,562.9,idle,111.88,9.5,0.5,0,none,0.0
2049-02-20,M08,Pump,0.6,35.05,3.92,16.6,508.8,idle,112.37,12.7,0.5,0,none,0.0
2049-02-21,M08,Pump,0.56,38.8,3.86,18.9,503.4,idle,112.43,12.5,0.5,0,none,0.0
2049-02-22,M08,Pump,0.63,41.71,3.87,18.9,503.4,idle,112.57,8.8,0.5,0,none,0.0
2049-02-23,M08,Pump,0.63,36.21,3.31,22.8,528.2,idle,113.0,10.1,0.5,0,none,0.0
2049-02-24,M08,Pump,0.61,41.63,3.58,15.5,517.7,idle,113.43,14.2,0.5,0,none,0.0
2049-02-25,M08,Pump,0.54,44.77,3.82,19.5,504.4,idle,113.48,14.4,0.5,0,none,0.0
2049-02-26,M08,Pump,0.52,43.13,3.96,15.3,563.7,idle,113.53,10.8,0.5,0,none,0.0
2049-02-27,M08,Pump,0.58,37.14,3.37,22.7,532.8,idle,113.58,11.7,0.5,0,none,0.0
2049-02-28,M08,Pump,0.67,37.26,3.77,16.2,506.3,idle,113.8,9.5,0.5,0,none,0.0
2049-03-01,M08,Pump,0.53,43.09,3.76,16.7,526.9,idle,114.22,10.6,0.5,0,none,0.0
2049-03-02,M08,Pump,0.65,37.86,3.94,24.1,538.7,idle,114.37,17.6,0.5,0,none,0.0
2049-03-03,M08,Pump,0.63,41.53,3.48,18.6,509.5,idle,114.57,12.2,0.5,0,none,0.0
2049-03-04,M08,Pump,0.68,42.24,3.33,20.5,524.0,idle,114.72,9.8,0.5,0,none,0.0
2049-03-05,M08,Pump,2.11,52.91,12.29,86.6,1283.8,normal,114.85,9.3,0.5,0,none,0.0
2049-03-06,M08,Pump,0.56,36.65,3.73,21.4,568.8,idle,115.1,8.3,0.5,0,none,0.0
2049-03-07,M08,Pump,2.03,56.86,12.83,121.1,1282.3,normal,115.48,14.7,0.5,0,none,0.0
2049-03-08,M08,Pump,1.96,66.67,12.83,115.1,1213.0,normal,115.52,8.4,0.5,0,none,0.0
2049-03-09,M08,Pump,0.64,37.65,3.38,23.5,548.4,idle,115.78,18.0,0.5,0,none,0.0
2049-03-10,M08,Pump,0.58,39.31,3.44,15.1,524.5,idle,116.2,8.6,0.5,0,none,0.0
2049-03-11,M08,Pump,0.53,39.22,3.88,16.1,506.4,idle,116.35,13.8,0.5,0,none,0.0
2049-03-12,M08,Pump,0.68,42.45,3.34,15.8,547.9,idle,116.78,16.2,0.5,0,none,0.0
2049-03-13,M08,Pump,0.57,42.24,3.58,24.7,548.6,idle,116.85,14.9,0.5,0,none,0.0
2049-03-14,M08,Pump,0.51,38.31,3.69,16.4,500.2,idle,117.2,13.9,0.5,0,none,0.0
2049-03-15,M08,Pump,0.52,40.24,3.74,15.9,546.6,idle,117.43,17.9,0.5,0,none,0.0
2049-03-16,M08,Pump,0.52,44.4,3.89,24.4,567.6,idle,117.5,14.8,0.5,0,none,0.0
2049-03-17,M08,Pump,0.59,39.88,3.5,20.1,510.6,idle,117.7,15.5,0.5,0,none,0.0
2049-03-18,M08,Pump,0.59,35.25,3.46,17.1,565.6,idle,117.97,10.8,0.5,0,none,0.0
2049-03-19,M08,Pump,1.77,65.49,11.25,111.8,1248.0,normal,118.22,15.3,0.5,0,none,0.0
2049-03-20,M08,Pump,1.86,67.96,11.45,88.5,1288.4,normal,118.5,17.2,0.5,0,none,0.0
2049-03-21,M08,Pump,2.07,67.6,12.4,107.2,1261.4,normal,118.8,14.5,0.5,0,none,0.0
2049-03-22,M08,Pump,2.0,58.82,11.44,112.9,1230.7,normal,119.1,8.0,0.5,0,none,0.0
2049-03-23,M08,Pump,1.94,50.98,11.63,109.9,1209.7,normal,119.52,13.8,0.5,0,none,0.0
2049-03-24,M08,Pump,0.5,50.98,3.42,17.0,554.2,idle,119.75,16.6,0.5,0,none,0.0
2049-03-25,M08,Pump,1.92,72.18,12.29,115.9,1200.5,normal,120.22,16.9,0.5,0,none,0.0
2049-03-26,M08,Pump,2.13,67.73,12.29,111.9,1200.4,normal,120.62,15.4,0.5,0,none,0.0
2049-03-27,M08,Pump,1.72,51.56,12.69,111.9,1266.9,normal,121.02,12.0,0.5,0,none,0.0
2049-03-28,M08,Pump,1.92,55.72,11.62,123.6,1285.2,normal,121.37,8.2,0.5,0,none,0.0
2049-03-29,M08,Pump,1.94,55.7,12.87,115.6,1221.7,normal,121.73,10.8,0.5,0,none,0.0
2049-03-30,M08,Pump,1.94,37.88,3.99,19.1,504.8,idle,121.85,14.9,0.5,0,none,0.0
2049-03-31,M08,Pump,0.58,38.21,3.72,17.3,502.5,idle,121.88,13.7,0.5,0,none,0.0
2049-04-01,M08,Pump,1.75,51.51,11.7,121.4,1240.5,normal,122.0,17.1,0.5,0,none,0.0
2049-04-02,M08,Pump,1.72,62.96,12.74,103.6,1242.7,normal,122.48,10.8,0.5,0,none,0.0
2049-04-03,M08,Pump,0.65,35.09,3.95,23.7,538.1,idle,122.77,14.2,0.5,0,none,0.0
2049-04-04,M08,Pump,1.84,45.76,13.0,117.6,1250.8,normal,123.02,9.6,0.5,0,none,0.0
2049-04-05,M08,Pump,1.71,59.7,12.97,114.8,1212.6,normal,123.18,8.7,0.5,0,none,0.0
2049-04-06,M08,Pump,1.9,47.51,12.82,95.2,1310.0,normal,123.68,11.9,0.5,0,none,0.0
2049-04-07,M08,Pump,1.74,47.51,12.36,121.9,1230.2,normal,123.73,11.1,0.5,0,none,0.0
2049-04-08,M08,Pump,1.91,59.25,12.59,110.7,1214.3,normal,124.22,13.5,0.5,0,none,0.0
2049-04-09,M08,Pump,1.97,65.35,12.74,110.7,1349.3,normal,124.68,12.5,0.5,0,none,0.0
2049-04-10,M08,Pump,1.75,56.01,12.55,85.3,1345.9,normal,125.1,9.7,0.5,0,none,0.0
2049-04-11,M08,Pump,1.88,53.05,11.43,93.0,1286.6,normal,125.37,11.0,0.5,0,none,0.0
2049-04-12,M08,Pump,1.91,49.45,12.62,81.2,1325.2,normal,125.47,11.3,0.5,0,none,0.0
2049-04-13,M08,Pump,1.84,68.92,11.76,107.7,1319.4,normal,125.63,8.2,0.5,0,none,0.0
2049-04-14,M08,Pump,0.7,38.06,3.69,19.7,569.9,idle,126.13,14.7,0.5,0,none,0.0
2049-04-15,M08,Pump,2.1,54.13,11.95,90.8,1313.3,normal,126.55,13.0,0.5,0,none,0.0
2049-04-16,M08,Pump,2.12,54.13,12.13,112.9,1266.9,normal,126.92,11.6,0.5,0,none,0.0
2049-04-17,M08,Pump,2.0,53.02,12.48,79.2,1204.3,normal,126.98,15.5,0.5,0,none,0.0
2049-04-18,M08,Pump,2.0,44.31,3.74,22.3,557.7,idle,127.38,12.1,0.5,0,none,0.0
2049-04-19,M08,Pump,2.62,71.62,16.87,163.5,1816.3,peak,127.57,16.6,0.5,0,none,0.0
2049-04-20,M08,Pump,1.81,65.52,12.42,78.4,1216.2,normal,127.85,10.0,0.5,0,none,0.0
2049-04-21,M08,Pump,2.99,70.57,15.57,153.7,1777.7,peak,127.98,8.8,0.5,0,none,0.0
2049-04-22,M08,Pump,1.82,53.12,11.54,119.8,1275.0,normal,128.37,9.4,0.5,0,none,0.0
2049-04-23,M08,Pump,1.84,52.2,11.08,80.6,1307.7,normal,128.67,10.7,0.5,0,none,0.0
2049-04-24,M08,Pump,0.52,39.76,3.89,18.7,524.2,idle,128.92,13.3,0.5,0,none,0.0
2049-04-25,M08,Pump,2.14,64.89,12.76,18.7,1342.8,normal,128.98,17.5,0.5,0,none,0.0
2049-04-26,M08,Pump,0.66,39.16,3.74,16.2,538.6,idle,129.28,11.6,0.5,0,none,0.0
2049-04-27,M08,Pump,0.55,37.84,3.39,18.6,533.7,idle,129.4,12.9,0.5,0,none,0.0
2049-04-28,M08,Pump,2.0,52.01,12.58,105.1,1295.7,normal,129.75,16.8,0.5,0,none,0.0
2049-04-29,M08,Pump,1.84,63.73,12.25,122.8,1224.0,normal,130.2,16.1,0.5,0,none,0.0
2049-04-30,M08,Pump,1.89,47.6,11.43,98.5,1334.2,normal,130.5,16.9,0.5,0,none,0.0
2049-05-01,M08,Pump,2.73,74.96,16.49,140.5,1805.5,peak,130.95,17.2,0.5,0,none,0.0
2049-05-02,M08,Pump,2.76,78.75,16.22,145.3,1800.6,peak,131.27,11.3,0.5,0,none,0.0
2049-05-03,M08,Pump,2.17,67.4,11.62,111.5,1236.2,normal,131.72,16.9,0.5,0,none,0.0
2049-05-04,M08,Pump,1.88,63.22,12.0,122.2,1294.3,normal,132.2,12.6,0.5,0,none,0.0
2049-05-05,M08,Pump,2.01,45.78,12.5,128.8,1271.0,normal,132.63,10.2,0.5,0,none,0.0
2049-05-06,M08,Pump,2.5,84.65,15.58,150.2,1761.6,peak,132.77,9.0,0.5,0,none,0.0
2049-05-07,M08,Pump,1.76,49.98,12.1,107.0,1290.9,normal,132.92,15.6,0.5,0,none,0.0
2049-05-08,M08,Pump,1.99,56.39,12.6,126.6,1240.5,normal,133.25,16.9,0.5,0,none,0.0
2049-05-09,M08,Pump,1.77,54.78,11.05,123.9,1236.0,normal,133.68,8.6,0.5,0,none,0.0
2049-05-10,M08,Pump,2.73,71.73,16.11,141.0,1865.3,peak,133.82,8.7,0.5,0,none,0.0
2049-05-11,M08,Pump,0.69,38.07,3.48,19.5,543.4,idle,133.98,9.9,0.5,0,none,0.0
2049-05-12,M08,Pump,0.54,43.03,3.44,15.1,536.7,idle,134.08,17.8,0.5,0,none,0.0
2049-05-13,M08,Pump,0.52,41.98,3.42,23.2,532.9,idle,134.2,9.6,0.5,0,none,0.0
2049-05-14,M08,Pump,0.61,36.87,3.4,21.3,517.9,idle,134.6,11.7,0.5,0,none,0.0
2049-05-15,M08,Pump,0.58,39.79,3.46,22.9,565.8,idle,134.87,10.4,0.5,0,none,0.0
2049-05-16,M08,Pump,0.59,44.18,3.92,16.7,512.1,idle,135.3,16.4,0.5,0,none,0.0
2049-05-17,M08,Pump,1.94,57.09,11.68,94.3,1264.7,normal,135.72,9.7,0.5,0,none,0.0
2049-05-18,M08,Pump,0.64,35.84,3.8,24.3,553.5,idle,136.02,12.7,0.5,0,none,0.0
2049-05-19,M08,Pump,0.54,35.87,3.64,24.6,557.3,idle,136.15,17.9,0.5,0,none,0.0
2049-05-20,M08,Pump,0.61,36.43,3.8,23.1,565.5,idle,136.33,8.9,0.5,0,none,0.0
2049-05-21,M08,Pump,0.62,40.14,3.73,24.4,544.0,idle,136.48,16.8,0.5,0,none,0.0
2049-05-22,M08,Pump,0.55,41.36,3.92,20.7,535.2,idle,136.7,16.5,0.5,0,none,0.0
2049-05-23,M08,Pump,0.65,41.61,3.34,22.2,528.5,idle,136.77,8.4,0.5,0,none,0.0
2049-05-24,M08,Pump,0.69,44.71,3.61,24.7,521.8,idle,136.82,11.0,0.5,0,none,0.0
2049-05-25,M08,Pump,0.64,35.75,3.4,23.6,562.6,idle,137.08,8.9,0.5,0,none,0.0
2049-05-26,M08,Pump,0.61,38.4,3.62,23.7,514.8,idle,137.48,8.5,0.5,0,none,0.0
2049-05-27,M08,Pump,0.56,42.85,3.95,15.9,556.3,idle,137.98,11.6,0.5,0,none,0.0
2049-05-28,M08,Pump,0.63,37.31,3.83,22.3,509.9,idle,138.3,15.7,0.5,0,none,0.0
2049-05-29,M08,Pump,0.6,42.58,3.43,19.6,508.4,idle,138.5,15.4,0.5,0,none,0.0
2049-05-30,M08,Pump,0.56,37.18,3.65,16.4,526.8,idle,138.9,15.5,0.5,0,none,0.0
2049-05-31,M08,Pump,0.56,42.46,3.79,15.9,566.7,idle,139.08,16.9,0.5,0,none,0.0
2049-06-01,M08,Pump,0.65,41.16,3.63,16.8,567.3,idle,139.17,15.4,0.5,0,none,0.0
2049-06-02,M08,Pump,0.5,41.92,3.66,24.0,526.6,idle,139.28,9.0,0.5,0,none,0.0
2049-06-03,M08,Pump,1.96,62.07,11.1,80.8,1231.8,normal,139.53,16.6,0.5,0,none,0.0
2049-06-04,M08,Pump,0.53,35.06,3.74,23.0,567.0,idle,139.88,9.5,0.5,0,none,0.0
2049-06-05,M08,Pump,0.59,37.8,3.9,23.4,543.7,idle,140.13,8.8,0.5,0,none,0.0
2049-06-06,M08,Pump,1.84,65.9,11.36,80.3,1319.5,normal,140.48,16.0,0.5,0,none,0.0
2049-06-07,M08,Pump,0.61,37.46,3.77,22.7,559.1,idle,140.52,9.0,0.5,0,none,0.0
2049-06-08,M08,Pump,0.56,35.26,3.66,23.6,514.5,idle,140.92,17.8,0.5,0,none,0.0
2049-06-09,M08,Pump,0.58,37.56,3.31,24.0,509.4,idle,141.15,8.9,0.5,0,none,0.0
2049-06-10,M08,Pump,2.08,52.97,11.56,126.9,1298.6,normal,141.2,16.9,0.5,0,none,0.0
2049-06-11,M08,Pump,0.64,42.6,3.54,20.6,518.9,idle,141.68,13.3,0.5,0,none,0.0
2049-06-12,M08,Pump,0.67,40.99,3.47,24.0,540.7,idle,141.78,10.5,0.5,0,none,0.0
2049-06-13,M08,Pump,0.6,35.34,3.94,24.5,539.4,idle,142.23,12.0,0.5,0,none,0.0
2049-06-14,M08,Pump,1.92,53.27,11.54,107.9,1219.2,normal,142.33,13.0,0.5,0,none,0.0
2049-06-15,M08,Pump,2.16,49.05,12.49,94.0,1233.9,normal,142.43,8.8,0.5,0,none,0.0
2049-06-16,M08,Pump,1.98,62.6,12.45,90.2,1249.6,normal,142.88,17.3,0.5,0,none,0.0
2049-06-17,M08,Pump,2.13,61.63,12.43,92.0,1318.8,normal,143.12,15.8,0.5,0,none,0.0
2049-06-18,M08,Pump,1.88,54.23,11.58,84.3,1263.1,normal,143.58,15.8,0.5,0,none,0.0
2049-06-19,M08,Pump,1.71,55.49,12.45,128.0,1211.8,normal,143.68,9.9,0.5,0,none,0.0
2049-06-20,M08,Pump,1.84,55.49,11.34,84.1,1267.8,normal,143.85,16.0,0.5,0,none,0.0
2049-06-21,M08,Pump,1.99,63.86,13.0,118.3,1233.2,normal,144.25,8.0,0.5,0,none,0.0
2049-06-22,M08,Pump,2.07,57.35,11.9,126.7,1305.3,normal,144.47,9.4,0.5,0,none,0.0
2049-06-23,M08,Pump,2.04,57.35,12.73,119.2,1244.8,normal,144.92,17.2,0.5,0,none,0.0
2049-06-24,M08,Pump,1.85,46.23,11.1,112.8,1227.9,normal,145.28,9.3,0.5,0,none,0.0
2049-06-25,M08,Pump,2.16,64.38,11.7,112.8,1249.1,normal,145.38,12.6,0.5,0,none,0.0
2049-06-26,M08,Pump,1.75,45.72,11.9,127.0,1337.6,normal,145.78,9.5,0.5,0,none,0.0
2049-06-27,M08,Pump,2.89,79.43,16.71,152.9,1777.0,peak,145.83,14.6,0.5,0,none,0.0
2049-06-28,M08,Pump,2.04,66.17,11.04,91.1,1239.8,normal,146.32,11.4,0.5,0,none,0.0
2049-06-29,M08,Pump,0.52,37.25,3.57,24.4,560.2,idle,146.6,10.5,0.5,0,none,0.0
2049-06-30,M08,Pump,0.52,37.25,3.57,83.7,1337.1,normal,146.73,17.4,0.5,0,none,0.0
2049-07-01,M08,Pump,1.78,58.17,11.46,79.1,1212.7,normal,146.83,8.9,0.5,0,none,0.0
2049-07-02,M08,Pump,2.05,49.19,11.46,97.6,1298.6,normal,147.03,15.2,0.5,0,none,0.0
2049-07-03,M08,Pump,1.93,66.73,11.87,88.3,1280.4,normal,147.08,18.0,0.5,0,none,0.0
2049-07-04,M08,Pump,2.67,81.81,16.87,160.9,1808.4,peak,147.58,14.4,0.5,0,none,0.0
2049-07-05,M08,Pump,2.53,83.72,15.77,159.3,1898.4,peak,147.98,17.1,0.5,0,none,0.0
2049-07-06,M08,Pump,1.99,56.04,12.4,88.1,1273.2,normal,148.28,16.1,0.5,0,none,0.0
2049-07-07,M08,Pump,1.86,48.78,12.22,107.9,1314.2,normal,148.33,8.3,0.5,0,none,0.0
2049-07-08,M08,Pump,2.92,73.31,16.56,149.2,1844.3,peak,148.78,9.8,0.5,0,none,0.0
2049-07-09,M08,Pump,2.13,50.89,12.2,149.2,1318.6,normal,148.82,11.6,0.5,0,none,0.0
2049-07-10,M08,Pump,0.64,42.7,12.2,22.0,542.4,idle,149.0,10.6,0.5,0,none,0.0
2049-07-11,M08,Pump,1.93,53.7,11.66,78.5,1225.4,normal,149.45,17.8,0.5,0,none,0.0
2049-07-12,M08,Pump,1.73,64.51,12.72,122.0,1322.7,normal,149.65,13.8,0.5,0,none,0.0
2049-07-13,M08,Pump,0.54,39.92,3.94,22.6,500.1,idle,149.82,14.3,0.5,0,none,0.0
2049-07-14,M08,Pump,1.93,45.25,11.56,100.7,1333.9,normal,150.23,11.3,0.5,0,none,0.0
2049-07-15,M08,Pump,2.79,75.44,15.98,160.4,1795.0,peak,150.47,10.6,0.5,0,none,0.0
2049-07-16,M08,Pump,2.01,51.03,11.96,79.3,1327.8,normal,150.52,11.9,0.5,0,none,0.0
2049-07-17,M08,Pump,0.51,37.24,3.53,21.2,550.4,idle,150.88,12.3,0.5,0,none,0.0
2049-07-18,M08,Pump,1.74,46.0,12.6,115.0,1324.7,normal,150.98,13.6,0.5,0,none,0.0
2049-07-19,M08,Pump,2.04,62.27,11.76,115.0,1320.8,normal,151.28,13.1,0.5,0,none,0.0
2049-07-20,M08,Pump,0.53,39.23,3.82,20.3,547.7,idle,151.7,11.5,0.5,0,none,0.0
2049-07-21,M08,Pump,2.58,70.49,15.06,163.6,1891.7,peak,152.1,17.8,0.5,0,none,0.0
2049-07-22,M08,Pump,0.54,36.47,3.31,17.3,523.4,idle,152.45,8.7,0.5,0,none,0.0
2049-07-23,M08,Pump,0.54,42.97,3.82,15.8,548.8,idle,152.68,8.5,0.5,0,none,0.0
2049-07-24,M08,Pump,1.96,48.04,12.48,82.5,1226.6,normal,153.05,17.3,0.5,0,none,0.0
2049-07-25,M08,Pump,1.77,66.6,12.4,99.4,1323.3,normal,153.52,16.8,0.5,0,none,0.0
2049-07-26,M08,Pump,0.54,44.31,3.79,20.6,555.6,idle,153.6,16.7,0.5,0,none,0.0
2049-07-27,M08,Pump,2.02,65.4,12.66,88.3,1236.0,normal,153.92,17.2,0.5,0,none,0.0
2049-07-28,M08,Pump,0.51,37.2,12.66,15.3,1236.0,idle,154.2,10.8,0.5,0,none,0.0
2049-07-29,M08,Pump,2.09,64.33,11.02,78.4,1222.0,normal,154.63,16.8,0.5,0,none,0.0
2049-07-30,M08,Pump,2.14,55.79,12.97,124.1,1333.5,normal,155.07,8.2,0.5,0,none,0.0
2049-07-31,M08,Pump,1.76,55.93,12.99,85.8,1286.1,normal,155.37,11.3,0.5,0,none,0.0
2049-08-01,M08,Pump,0.57,38.88,3.92,20.9,553.1,idle,155.8,10.6,0.5,0,none,0.0
2049-08-02,M08,Pump,2.04,57.17,12.58,128.5,1345.0,normal,156.1,17.9,0.5,0,none,0.0
2049-08-03,M08,Pump,0.66,39.87,3.41,15.4,516.2,idle,156.3,13.6,0.5,0,none,0.0
2049-08-04,M08,Pump,1.87,47.99,11.45,82.3,1278.5,normal,156.7,11.1,0.5,0,none,0.0
2049-08-05,M08,Pump,0.53,42.43,3.53,21.7,561.8,idle,157.03,9.2,0.5,0,none,0.0
2049-08-06,M08,Pump,0.52,44.89,3.75,15.5,522.0,idle,157.3,15.3,0.5,0,none,0.0
2049-08-07,M08,Pump,2.14,58.71,11.57,126.9,1318.1,normal,157.52,12.4,0.5,0,none,0.0
2049-08-08,M08,Pump,2.07,65.43,12.54,92.9,1287.6,normal,157.83,11.6,0.5,0,none,0.0
2049-08-09,M08,Pump,2.91,72.71,15.33,144.0,1779.1,peak,157.9,12.1,0.5,0,none,0.0
2049-08-10,M08,Pump,1.75,64.27,12.64,85.9,1305.8,normal,158.03,16.2,0.5,0,none,0.0
2049-08-11,M08,Pump,0.63,37.76,3.46,17.5,551.1,idle,158.23,9.3,0.5,0,none,0.0
2049-08-12,M08,Pump,0.56,37.78,3.32,24.1,552.7,idle,158.65,8.1,0.5,0,none,0.0
2049-08-13,M08,Pump,0.59,44.43,3.51,21.8,552.7,idle,158.97,13.1,0.5,0,none,0.0
2049-08-14,M08,Pump,0.56,44.43,3.85,17.9,505.7,idle,159.27,14.3,0.5,0,none,0.0
2049-08-15,M08,Pump,0.57,42.6,3.37,21.7,562.3,idle,159.68,16.3,0.5,0,none,0.0
2049-08-16,M08,Pump,0.54,43.62,3.34,21.7,555.4,idle,159.88,14.6,0.5,0,none,0.0
2049-08-17,M08,Pump,1.92,49.69,3.34,79.0,1283.3,normal,160.22,11.7,0.5,0,none,0.0
2049-08-18,M08,Pump,1.89,55.6,12.07,105.8,1230.5,normal,160.6,13.3,0.5,0,none,0.0
2049-08-19,M08,Pump,2.04,45.44,11.04,102.9,1281.3,normal,160.72,9.6,0.5,0,none,0.0
2049-08-20,M08,Pump,0.55,40.52,3.66,102.9,545.6,idle,161.22,13.4,0.5,0,none,0.0
2049-08-21,M08,Pump,0.69,39.91,3.85,17.5,553.3,idle,161.25,9.1,0.5,0,none,0.0
2049-08-22,M08,Pump,0.63,41.4,3.93,17.3,525.8,idle,161.38,11.7,0.5,0,none,0.0
2049-08-23,M08,Pump,0.52,42.26,3.89,19.1,525.0,idle,161.43,13.1,0.5,0,none,0.0
2049-08-24,M08,Pump,0.63,35.76,3.51,18.7,536.3,idle,161.63,15.3,0.5,0,none,0.0
2049-08-25,M08,Pump,1.94,49.8,12.08,126.2,1204.1,normal,162.02,12.2,0.5,0,none,0.0
2049-08-26,M08,Pump,0.64,41.25,3.95,21.4,543.7,idle,162.27,13.0,0.5,0,none,0.0
2049-08-27,M08,Pump,2.08,51.16,12.19,105.0,1265.8,normal,162.62,10.8,0.5,0,none,0.0
2049-08-28,M08,Pump,0.52,37.93,3.5,22.2,564.5,idle,163.07,12.8,0.5,0,none,0.0
2049-08-29,M08,Pump,0.55,35.75,4.0,21.9,562.0,idle,163.23,13.7,0.5,0,none,0.0
2049-08-30,M08,Pump,0.53,43.01,3.87,16.5,511.3,idle,163.7,11.3,0.5,0,none,0.0
2049-08-31,M08,Pump,0.56,37.17,3.98,18.6,553.3,idle,163.77,14.4,0.5,0,none,0.0
2049-09-01,M08,Pump,2.1,53.88,12.37,83.6,1259.5,normal,163.83,11.2,0.5,0,none,0.0
2049-09-02,M08,Pump,0.69,36.69,3.57,22.9,546.6,idle,164.05,15.1,0.5,0,none,0.0
2049-09-03,M08,Pump,0.69,43.53,3.32,22.7,546.6,idle,164.4,17.2,0.5,0,none,0.0
2049-09-04,M08,Pump,0.5,40.59,3.54,15.5,529.2,idle,164.8,10.7,0.5,0,none,0.0
2049-09-05,M08,Pump,0.63,44.19,3.73,23.6,508.5,idle,165.2,10.8,0.5,0,none,0.0
2049-09-06,M08,Pump,0.54,44.7,3.92,17.4,543.5,idle,165.58,14.4,0.5,0,none,0.0
2049-09-07,M08,Pump,0.57,39.69,3.9,22.4,516.7,idle,165.88,16.9,0.5,0,none,0.0
2049-09-08,M08,Pump,0.56,37.9,3.85,19.9,566.5,idle,166.0,11.2,0.5,0,none,0.0
2049-09-09,M08,Pump,0.66,37.11,3.85,20.1,517.8,idle,166.08,14.5,0.5,0,none,0.0
2049-09-10,M08,Pump,1.88,67.36,11.97,115.4,1271.6,normal,166.53,12.9,0.5,0,none,0.0
2049-09-11,M08,Pump,1.89,63.32,12.7,81.7,1241.8,normal,166.7,10.7,0.5,0,none,0.0
2049-09-12,M08,Pump,1.95,52.28,12.57,81.7,1319.7,normal,166.95,11.2,0.5,0,none,0.0
2049-09-13,M08,Pump,2.01,51.66,11.69,87.5,1237.9,normal,167.38,14.4,0.5,0,none,0.0
2049-09-14,M08,Pump,0.64,38.76,3.78,20.1,510.2,idle,167.57,14.1,0.5,0,none,0.0
2049-09-15,M08,Pump,0.64,62.4,11.6,111.7,1229.8,normal,167.83,12.3,0.5,0,none,0.0
2049-09-16,M08,Pump,1.77,53.29,11.78,117.6,1269.0,normal,168.25,16.1,0.5,0,none,0.0
2049-09-17,M08,Pump,2.45,79.51,15.94,148.3,1870.3,peak,168.58,11.5,0.5,0,none,0.0
2049-09-18,M08,Pump,2.45,44.13,3.53,19.6,565.0,idle,168.88,8.6,0.5,0,none,0.0
2049-09-19,M08,Pump,2.08,46.71,12.16,94.1,1276.3,normal,168.97,9.9,0.5,0,none,0.0
2049-09-20,M08,Pump,2.07,56.41,11.14,105.6,1203.6,normal,169.02,15.4,0.5,0,none,0.0
2049-09-21,M08,Pump,1.87,56.41,12.29,104.3,1222.8,normal,169.35,14.4,0.5,0,none,0.0
2049-09-22,M08,Pump,2.96,79.75,15.63,164.2,1882.4,peak,169.47,9.4,0.5,0,none,0.0
2049-09-23,M08,Pump,1.77,60.07,12.12,88.0,1235.0,normal,169.77,13.4,0.5,0,none,0.0
2049-09-24,M08,Pump,1.98,52.39,12.67,83.1,1337.1,normal,170.18,15.7,0.5,0,none,0.0
2049-09-25,M08,Pump,2.12,61.99,11.53,115.2,1265.8,normal,170.53,11.8,0.5,0,none,0.0
2049-09-26,M08,Pump,2.02,52.19,12.67,80.1,1303.7,normal,170.85,14.3,0.5,0,none,0.0
2049-09-27,M08,Pump,2.11,59.87,11.38,92.8,1277.2,normal,171.28,14.5,0.5,0,none,0.0
2049-09-28,M08,Pump,2.6,70.07,15.08,159.2,1762.6,peak,171.33,16.0,0.5,0,none,0.0
2049-09-29,M08,Pump,2.16,55.18,12.52,84.5,1339.0,normal,171.82,8.3,0.5,0,none,0.0
2049-09-30,M08,Pump,0.51,35.42,3.34,16.0,534.1,idle,171.85,10.0,0.5,0,none,0.0
2049-10-01,M08,Pump,2.09,51.55,12.49,118.2,1336.2,normal,172.03,8.7,0.5,0,none,0.0
2049-10-02,M08,Pump,1.77,48.12,11.24,96.7,1273.4,normal,172.52,10.2,0.5,0,none,0.0
2049-10-03,M08,Pump,1.93,50.91,12.24,95.6,1254.9,normal,172.93,15.9,0.5,0,none,0.0
2049-10-04,M08,Pump,1.75,58.62,12.31,117.4,1335.6,normal,173.23,17.9,0.5,0,none,0.0
2049-10-05,M08,Pump,2.08,50.42,11.47,125.6,1318.5,normal,173.52,11.5,0.5,0,none,0.0
2049-10-06,M08,Pump,2.09,61.55,11.53,122.1,1221.4,normal,173.68,16.8,0.5,0,none,0.0
2049-10-07,M08,Pump,1.88,52.97,12.12,102.1,1269.0,normal,173.9,9.5,0.5,0,none,0.0
2049-10-08,M08,Pump,1.98,54.55,11.5,112.5,1318.6,normal,174.13,16.9,0.5,0,none,0.0
2049-10-09,M08,Pump,0.6,41.49,3.67,15.6,529.6,idle,174.42,17.3,0.5,0,none,0.0
2049-10-10,M08,Pump,2.41,79.93,16.02,143.2,1831.3,peak,174.88,14.3,0.5,0,none,0.0
2049-10-11,M08,Pump,2.15,52.83,12.96,127.9,1317.8,normal,174.98,8.5,0.5,0,none,0.0
2049-10-12,M08,Pump,0.66,39.11,3.58,24.5,525.6,idle,175.18,12.0,0.5,0,none,0.0
2049-10-13,M08,Pump,0.52,36.53,3.8,18.8,514.0,idle,175.58,11.0,0.5,0,none,0.0
2049-10-14,M08,Pump,2.11,56.24,12.14,18.8,1228.9,normal,175.92,14.0,0.5,0,none,0.0
2049-10-15,M08,Pump,0.53,40.15,12.14,22.3,518.3,idle,176.02,16.2,0.5,0,none,0.0
2049-10-16,M08,Pump,2.13,47.43,11.23,122.2,1236.7,normal,176.23,15.4,0.5,0,none,0.0
2049-10-17,M08,Pump,2.05,45.21,11.19,109.7,1227.4,normal,176.62,13.0,0.5,0,none,0.0
2049-10-18,M08,Pump,2.05,55.74,11.66,119.7,1322.8,normal,177.03,17.8,0.5,0,none,0.0
2049-10-19,M08,Pump,0.62,37.93,3.62,22.0,504.9,idle,177.53,11.6,0.5,0,none,0.0
2049-10-20,M08,Pump,0.57,43.22,3.58,21.2,506.7,idle,177.73,16.5,0.5,0,none,0.0
2049-10-21,M08,Pump,0.66,36.0,3.9,16.1,562.4,idle,178.1,10.2,0.5,0,none,0.0
2049-10-22,M08,Pump,0.57,41.25,3.89,15.1,518.6,idle,178.25,14.7,0.5,0,none,0.0
2049-10-23,M08,Pump,2.15,53.93,12.41,85.3,1301.8,normal,178.52,11.2,0.5,0,none,0.0
2049-10-24,M08,Pump,2.15,61.5,11.65,102.2,1224.9,normal,178.62,9.6,0.5,0,none,0.0
2049-10-25,M08,Pump,2.01,52.76,11.65,111.9,1226.8,normal,178.73,10.2,0.5,0,none,0.0
2049-10-26,M08,Pump,2.13,52.76,12.16,84.7,1303.1,normal,179.08,12.8,0.5,0,none,0.0
2049-10-27,M08,Pump,1.71,63.5,11.61,84.1,1224.7,normal,179.38,15.5,0.5,0,none,0.0
2049-10-28,M08,Pump,2.18,62.8,11.48,128.1,1221.0,normal,179.42,14.1,0.5,0,none,0.0
2049-10-29,M08,Pump,2.18,60.11,12.64,97.8,1260.3,normal,179.88,12.8,0.5,0,none,0.0
2049-10-30,M08,Pump,2.18,54.16,11.08,115.9,1296.1,normal,180.08,15.8,0.5,0,none,0.0
2049-10-31,M08,Pump,0.58,38.03,3.52,22.4,551.0,idle,180.42,17.4,0.5,0,none,0.0
2049-11-01,M08,Pump,2.11,62.53,12.52,91.1,1215.2,normal,180.77,12.6,0.5,0,none,0.0
2049-11-02,M08,Pump,2.08,47.27,12.96,123.5,1280.0,normal,180.98,9.5,0.5,0,none,0.0
2049-11-03,M08,Pump,0.57,40.27,3.81,22.6,505.2,idle,181.37,11.0,0.5,0,none,0.0
2049-11-04,M08,Pump,2.1,59.75,11.08,94.3,1276.6,normal,181.82,15.8,0.5,0,none,0.0
2049-11-05,M08,Pump,1.79,48.57,11.03,125.4,1208.4,normal,182.02,9.0,0.5,0,none,0.0
2049-11-06,M08,Pump,0.57,37.06,3.82,22.1,556.4,idle,182.18,9.8,0.5,0,none,0.0
2049-11-07,M08,Pump,0.62,40.92,3.58,21.4,508.1,idle,182.62,10.4,0.5,0,none,0.0
2049-11-08,M08,Pump,0.64,36.04,3.9,20.1,537.1,idle,183.05,14.6,0.5,0,none,0.0
2049-11-09,M08,Pump,0.62,42.76,3.63,19.3,520.2,idle,183.33,12.4,0.5,0,none,0.0
2049-11-10,M08,Pump,0.53,36.9,3.3,23.7,553.5,idle,183.55,11.2,0.5,0,none,0.0
2049-11-11,M08,Pump,0.54,35.02,3.64,19.1,554.3,idle,184.05,8.2,0.5,0,none,0.0
2049-11-12,M08,Pump,0.58,43.64,3.37,18.7,565.4,idle,184.25,14.1,0.5,0,none,0.0
2049-11-13,M08,Pump,0.5,38.91,3.48,20.3,519.5,idle,184.62,10.1,0.5,0,none,0.0
2049-11-14,M08,Pump,0.67,44.37,3.89,19.0,569.3,idle,185.08,17.8,0.5,0,none,0.0
2049-11-15,M08,Pump,0.65,38.56,3.37,21.7,551.0,idle,185.33,14.6,0.5,0,none,0.0
2049-11-16,M08,Pump,0.65,40.5,3.99,18.3,521.1,idle,185.42,12.1,0.5,0,none,0.0
2049-11-17,M08,Pump,0.68,36.17,3.95,22.8,527.4,idle,185.75,9.4,0.5,0,none,0.0
2049-11-18,M08,Pump,0.52,35.19,3.56,22.1,534.1,idle,185.78,10.7,0.5,0,none,0.0
2049-11-19,M08,Pump,2.07,60.42,12.15,128.3,1309.3,normal,186.13,8.5,0.5,0,none,0.0
2049-11-20,M08,Pump,2.16,50.57,12.43,109.1,1338.6,normal,186.37,14.9,0.5,0,none,0.0
2049-11-21,M08,Pump,1.96,51.43,11.77,89.4,1233.0,normal,186.55,11.5,0.5,0,none,0.0
2049-11-22,M08,Pump,0.59,43.93,3.43,17.9,559.7,idle,186.77,12.7,0.5,0,none,0.0
2049-11-23,M08,Pump,0.57,44.62,3.49,17.9,506.7,idle,186.82,9.1,0.5,0,none,0.0
2049-11-24,M08,Pump,0.7,43.9,3.87,16.6,567.9,idle,187.02,12.6,0.5,0,none,0.0
2049-11-25,M08,Pump,0.69,43.9,3.78,24.9,528.7,idle,187.5,10.9,0.5,0,none,0.0
2049-11-26,M08,Pump,0.52,43.68,3.63,24.9,538.6,idle,187.67,8.7,0.5,0,none,0.0
2049-11-27,M08,Pump,0.51,39.92,3.8,15.3,528.9,idle,188.17,14.9,0.5,0,none,0.0
2049-11-28,M08,Pump,0.53,41.43,3.97,21.2,548.6,idle,188.45,11.5,0.5,0,none,0.0
2049-11-29,M08,Pump,0.58,55.07,3.68,22.6,560.0,idle,188.67,13.0,0.5,0,none,0.0
2049-11-30,M08,Pump,0.63,44.8,3.88,16.2,535.5,idle,188.9,10.2,0.5,0,none,0.0
2049-12-01,M08,Pump,0.68,44.44,3.57,22.3,528.7,idle,189.07,15.3,0.5,0,none,0.0
2049-12-02,M08,Pump,0.52,43.85,3.95,20.1,501.3,idle,189.35,11.9,0.5,0,none,0.0
2049-12-03,M08,Pump,2.11,55.97,11.15,87.8,1222.8,normal,189.55,11.7,0.5,0,none,0.0
2049-12-04,M08,Pump,0.64,37.99,3.39,24.2,567.0,idle,189.68,11.1,0.5,0,none,0.0
2049-12-05,M08,Pump,1.77,50.3,12.18,85.8,1223.8,normal,189.83,13.4,0.5,0,none,0.0
2049-12-06,M08,Pump,0.57,44.49,3.97,23.4,548.7,idle,190.05,8.2,0.5,0,none,0.0
2049-12-07,M08,Pump,0.64,39.7,3.67,21.3,551.2,idle,190.48,13.8,0.5,0,none,0.0
2049-12-08,M08,Pump,1.75,50.17,12.93,95.4,1240.3,normal,190.95,15.5,0.5,0,none,0.0
2049-12-09,M08,Pump,0.58,37.91,3.36,17.1,544.8,idle,191.13,11.6,0.5,0,none,0.0
2049-12-10,M08,Pump,1.81,59.9,11.2,80.2,1329.2,normal,191.43,12.1,0.5,0,none,0.0
2049-12-11,M08,Pump,2.08,60.32,11.06,90.5,1321.8,normal,191.48,17.0,0.5,0,none,0.0
2049-12-12,M08,Pump,0.53,43.13,3.71,22.4,545.1,idle,191.78,10.6,0.5,0,none,0.0
2049-12-13,M08,Pump,1.91,51.72,12.35,120.0,1206.7,normal,192.15,9.9,0.5,0,none,0.0
2049-12-14,M08,Pump,1.89,53.07,12.12,83.9,1340.0,normal,192.27,15.4,0.5,0,none,0.0
2049-12-15,M08,Pump,0.61,44.24,3.87,16.9,509.3,idle,192.63,14.4,0.5,0,none,0.0
2049-12-16,M08,Pump,2.13,57.33,11.04,126.6,1271.0,normal,192.9,8.2,0.5,0,none,0.0
2049-12-17,M08,Pump,1.85,56.88,12.65,83.7,1253.8,normal,192.98,16.1,0.5,0,none,0.0
2049-12-18,M08,Pump,1.86,64.31,12.56,98.8,1299.7,normal,193.25,9.0,0.5,0,none,0.0
2049-12-19,M08,Pump,2.64,78.57,16.98,153.4,1898.3,peak,193.67,14.7,0.5,0,none,0.0
2049-12-20,M08,Pump,0.65,36.21,3.86,16.6,537.3,idle,193.95,16.1,0.5,0,none,0.0
2049-12-21,M08,Pump,2.01,65.52,11.42,123.5,1340.2,normal,194.35,10.9,0.5,0,none,0.0
2049-12-22,M08,Pump,1.74,65.36,11.42,82.2,1343.8,normal,194.67,11.2,0.5,0,none,0.0
2049-12-23,M08,Pump,2.64,79.34,16.11,145.3,1850.4,peak,194.87,13.2,0.5,0,none,0.0
2049-12-24,M08,Pump,1.72,49.67,12.89,127.6,1272.4,normal,195.0,10.8,0.5,0,none,0.0
2049-12-25,M08,Pump,0.53,39.22,3.91,15.7,508.9,idle,195.4,8.4,0.5,0,none,0.0
2049-12-26,M08,Pump,2.15,54.55,11.17,85.2,1332.4,normal,195.67,14.1,0.5,0,none,0.0
2049-12-27,M08,Pump,1.95,48.75,12.79,122.0,1203.5,normal,195.9,8.8,0.5,0,none,0.0
2049-12-28,M08,Pump,1.99,50.62,12.07,92.5,1247.4,normal,196.12,8.3,0.5,0,none,0.0
2049-12-29,M08,Pump,2.0,57.39,11.79,83.6,1345.4,normal,196.6,9.0,0.5,0,none,0.0
2049-12-30,M08,Pump,1.79,59.56,11.17,113.8,1214.2,normal,197.02,11.8,0.5,0,none,0.0
2049-12-31,M08,Pump,1.79,41.47,3.5,20.3,508.7,idle,197.35,10.7,0.5,0,none,0.0
2050-01-01,M08,Pump,1.8,61.88,11.07,83.8,1232.2,normal,197.4,12.3,0.5,0,none,0.0
2050-01-02,M08,Pump,1.71,47.19,11.56,82.8,1329.9,normal,197.75,13.3,0.5,0,none,0.0
2050-01-03,M08,Pump,0.51,43.61,3.88,16.0,501.8,idle,197.95,12.0,0.5,0,none,0.0
2050-01-04,M08,Pump,1.72,58.58,12.34,110.3,1281.2,normal,198.35,15.5,0.5,0,none,0.0
2050-01-05,M08,Pump,1.79,64.34,11.66,129.3,1257.7,normal,198.57,15.8,0.5,0,none,0.0
2050-01-06,M08,Pump,1.83,65.57,12.13,115.5,1261.3,normal,198.95,15.9,0.5,0,none,0.0
2050-01-07,M08,Pump,2.14,66.11,11.87,90.5,1297.2,normal,199.28,12.0,0.5,0,none,0.0
2050-01-08,M08,Pump,2.18,59.32,12.91,95.9,1337.3,normal,199.43,10.0,0.5,0,none,0.0
2050-01-09,M08,Pump,1.76,53.25,11.99,112.0,1244.1,normal,199.68,10.4,0.5,0,none,0.0
2050-01-10,M08,Pump,0.68,44.03,3.86,16.1,505.5,idle,200.18,11.6,0.5,0,none,0.0
2050-01-11,M08,Pump,0.68,62.6,11.25,111.3,1279.2,normal,200.48,8.5,0.5,0,none,0.0
2050-01-12,M08,Pump,2.06,55.01,12.39,111.3,1232.2,normal,200.53,9.3,0.5,0,none,0.0
2050-01-13,M08,Pump,2.15,52.58,12.97,80.4,1274.4,normal,200.85,15.8,0.5,0,none,0.0
2050-01-14,M08,Pump,1.86,67.91,12.98,90.2,1240.1,normal,200.98,11.5,0.5,0,none,0.0
2050-01-15,M08,Pump,0.65,43.9,3.76,90.2,504.4,idle,201.07,14.1,0.5,0,none,0.0
2050-01-16,M08,Pump,2.02,61.1,11.38,118.5,1341.6,normal,201.13,8.5,0.5,0,none,0.0
2050-01-17,M08,Pump,2.94,73.67,11.38,152.5,1773.8,peak,201.4,11.1,0.5,0,none,0.0
2050-01-18,M08,Pump,2.18,48.72,12.52,95.8,1286.1,normal,201.68,17.8,0.5,0,none,0.0
2050-01-19,M08,Pump,1.72,49.72,11.89,113.2,1316.6,normal,201.83,16.5,0.5,0,none,0.0
2050-01-20,M08,Pump,1.72,49.72,12.46,120.3,1235.5,normal,201.98,15.1,0.5,0,none,0.0
2050-01-21,M08,Pump,1.72,47.02,11.3,78.4,1288.5,normal,202.4,12.4,0.5,0,none,0.0
2050-01-22,M08,Pump,1.72,36.5,3.83,20.7,565.8,idle,202.87,17.5,0.5,0,none,0.0
2050-01-23,M08,Pump,2.1,64.61,12.28,120.2,1252.6,normal,203.03,8.2,0.5,0,none,0.0
2050-01-24,M08,Pump,0.54,44.13,3.81,15.9,560.7,idle,203.43,17.7,0.5,0,none,0.0
2050-01-25,M08,Pump,1.87,51.86,12.25,107.6,1280.7,normal,203.82,8.5,0.5,0,none,0.0
2050-01-26,M08,Pump,0.55,44.6,3.97,15.0,523.6,idle,204.08,10.3,0.5,0,none,0.0
2050-01-27,M08,Pump,0.51,43.5,3.97,20.2,558.8,idle,204.3,12.4,0.5,0,none,0.0
2050-01-28,M08,Pump,2.05,56.49,11.73,91.8,1238.9,normal,204.52,9.5,0.5,0,none,0.0
2050-01-29,M08,Pump,1.98,48.84,11.35,78.5,1292.0,normal,204.98,9.7,0.5,0,none,0.0
2050-01-30,M08,Pump,2.2,65.45,12.41,118.8,1262.5,normal,205.47,17.5,0.5,0,none,0.0
2050-01-31,M08,Pump,1.85,53.48,11.16,111.0,1226.2,normal,205.85,17.0,0.5,0,none,0.0
2050-02-01,M08,Pump,0.65,36.9,3.46,24.6,507.4,idle,206.13,17.5,0.5,0,none,0.0
2050-02-02,M08,Pump,0.6,35.63,3.36,21.3,544.1,idle,206.53,8.7,0.5,0,none,0.0
2050-02-03,M08,Pump,0.54,43.72,3.79,18.0,517.4,idle,207.03,15.6,0.5,0,none,0.0
2050-02-04,M08,Pump,0.65,42.34,3.4,18.5,515.2,idle,207.27,13.8,0.5,0,none,0.0
2050-02-05,M08,Pump,0.56,37.88,3.98,22.5,554.6,idle,207.33,14.7,0.5,0,none,0.0
2050-02-06,M08,Pump,0.56,35.01,3.34,20.5,520.0,idle,207.47,9.7,0.5,0,none,0.0
2050-02-07,M08,Pump,0.54,35.5,3.91,21.0,507.5,idle,207.63,9.7,0.5,0,none,0.0
2050-02-08,M08,Pump,0.65,42.56,3.5,16.9,557.0,idle,208.12,11.8,0.5,0,none,0.0
2050-02-09,M08,Pump,0.57,43.47,3.33,20.0,512.6,idle,208.2,15.9,0.5,0,none,0.0
2050-02-10,M08,Pump,0.63,44.97,3.59,16.0,522.2,idle,208.52,17.8,0.5,0,none,0.0
2050-02-11,M08,Pump,0.68,42.66,3.46,24.5,543.5,idle,208.98,14.2,0.5,0,none,0.0
2050-02-12,M08,Pump,0.53,40.72,3.62,23.2,524.1,idle,209.17,15.6,0.5,0,none,0.0
2050-02-13,M08,Pump,0.67,43.12,3.77,17.6,567.9,idle,209.37,10.6,0.5,0,none,0.0
2050-02-14,M08,Pump,0.61,44.08,3.45,24.8,557.1,idle,209.73,17.1,0.5,0,none,0.0
2050-02-15,M08,Pump,0.69,37.12,3.6,16.0,509.6,idle,210.13,11.7,0.5,0,none,0.0
2050-02-16,M08,Pump,0.56,44.52,3.77,18.1,566.8,idle,210.6,10.9,0.5,0,none,0.0
2050-02-17,M08,Pump,0.65,44.07,3.95,22.5,517.0,idle,210.67,9.0,0.5,0,none,0.0
2050-02-18,M08,Pump,0.7,38.25,3.77,23.4,512.3,idle,211.1,14.7,0.5,0,none,0.0
2050-02-19,M08,Pump,2.0,53.63,11.49,78.6,1330.8,normal,211.53,11.4,0.5,0,none,0.0
2050-02-20,M08,Pump,0.53,53.63,3.72,21.2,558.0,idle,211.67,12.5,0.5,0,none,0.0
2050-02-21,M08,Pump,1.95,53.22,11.28,107.7,1283.0,normal,211.97,14.9,0.5,0,none,0.0
2050-02-22,M08,Pump,0.56,41.0,3.61,23.1,539.2,idle,212.07,13.5,0.5,0,none,0.0
2050-02-23,M08,Pump,0.69,40.18,3.92,20.2,539.1,idle,212.43,9.0,0.5,0,none,0.0
2050-02-24,M08,Pump,0.57,39.0,3.95,17.2,508.5,idle,212.77,16.4,0.5,0,none,0.0
2050-02-25,M08,Pump,0.67,40.77,3.5,19.3,536.7,idle,213.18,11.0,0.5,0,none,0.0
2050-02-26,M08,Pump,0.62,43.21,3.58,21.8,558.4,idle,213.27,17.0,0.5,0,none,0.0
2050-02-27,M08,Pump,0.67,37.54,3.55,20.9,562.0,idle,213.75,8.8,0.5,0,none,0.0
2050-02-28,M08,Pump,0.66,40.84,3.99,19.4,559.0,idle,213.98,9.7,0.5,0,none,0.0
2050-03-01,M08,Pump,0.66,44.08,3.99,20.0,513.7,idle,214.05,13.2,0.5,0,none,0.0
2050-03-02,M08,Pump,1.93,44.08,12.67,95.5,1207.1,normal,214.18,10.7,0.5,0,none,0.0
2050-03-03,M08,Pump,0.6,44.08,3.36,22.9,519.9,idle,214.23,9.1,0.5,0,none,0.0
2050-03-04,M08,Pump,0.6,47.33,12.72,116.4,1258.3,normal,214.5,10.1,0.5,0,none,0.0
2050-03-05,M08,Pump,2.01,49.31,12.97,119.4,1318.3,normal,214.73,8.0,0.5,0,none,0.0
2050-03-06,M08,Pump,0.53,35.18,3.71,16.4,1318.3,idle,215.02,11.9,0.5,0,none,0.0
2050-03-07,M08,Pump,1.91,52.79,11.15,129.8,1318.3,normal,215.2,12.8,0.5,0,none,0.0
2050-03-08,M08,Pump,1.77,52.65,11.78,93.4,1340.2,normal,215.62,17.9,0.5,0,none,0.0
2050-03-09,M08,Pump,0.64,44.56,3.91,22.6,548.8,idle,216.0,12.4,0.5,0,none,0.0
2050-03-10,M08,Pump,2.13,60.74,11.38,111.7,1277.2,normal,216.32,12.7,0.5,0,none,0.0
2050-03-11,M08,Pump,0.7,40.1,3.33,17.6,564.2,idle,216.42,11.7,0.5,0,none,0.0
2050-03-12,M08,Pump,2.18,61.76,11.11,79.2,1271.9,normal,216.7,12.8,0.5,0,none,0.0
2050-03-13,M08,Pump,2.2,64.99,12.87,110.4,1328.9,normal,217.17,12.2,0.5,0,none,0.0
2050-03-14,M08,Pump,1.86,45.63,12.84,89.4,1309.3,normal,217.25,8.4,0.5,0,none,0.0
2050-03-15,M08,Pump,2.03,48.64,11.39,95.1,1313.5,normal,217.57,13.2,0.5,0,none,0.0
2050-03-16,M08,Pump,1.72,54.36,12.33,86.9,1217.9,normal,217.88,11.0,0.5,0,none,0.0
2050-03-17,M08,Pump,1.9,51.59,12.3,86.9,1200.7,normal,218.18,13.7,0.5,0,none,0.0
2050-03-18,M08,Pump,2.15,54.96,12.33,122.2,1286.0,normal,218.23,16.3,0.5,0,none,0.0
2050-03-19,M08,Pump,1.75,48.23,12.58,89.9,1285.4,normal,218.35,11.0,0.5,0,none,0.0
2050-03-20,M08,Pump,0.59,38.04,3.85,22.3,545.2,idle,218.55,10.6,0.5,0,none,0.0
2050-03-21,M08,Pump,1.89,50.21,12.03,120.5,1286.3,normal,218.8,9.1,0.5,0,none,0.0
2050-03-22,M08,Pump,2.19,45.36,13.0,114.0,1324.9,normal,219.15,8.4,0.5,0,none,0.0
2050-03-23,M08,Pump,2.6,77.63,16.59,159.0,1800.1,peak,219.55,15.5,0.5,0,none,0.0
2050-03-24,M08,Pump,0.56,41.63,3.95,19.4,524.7,idle,219.9,11.9,0.5,0,none,0.0
2050-03-25,M08,Pump,0.68,41.83,3.57,15.6,550.5,idle,220.07,13.7,0.5,0,none,0.0
2050-03-26,M08,Pump,0.57,35.71,3.73,18.2,523.7,idle,220.4,15.5,0.5,0,none,0.0
2050-03-27,M08,Pump,1.94,61.5,11.55,82.2,1263.7,normal,220.77,11.0,0.5,0,none,0.0
2050-03-28,M08,Pump,0.51,41.97,3.97,21.6,519.3,idle,220.97,18.0,0.5,0,none,0.0
2050-03-29,M08,Pump,2.51,73.49,15.44,147.8,1764.6,peak,221.37,12.5,0.5,0,none,0.0
2050-03-30,M08,Pump,2.15,65.36,12.23,81.2,1320.6,normal,221.42,8.7,0.5,0,none,0.0
2050-03-31,M08,Pump,1.73,47.45,11.65,100.4,1253.1,normal,221.9,13.7,0.5,0,none,0.0
2050-04-01,M08,Pump,1.78,47.58,12.72,96.9,1232.8,normal,222.03,13.4,0.5,0,none,0.0
2050-04-02,M08,Pump,1.94,45.85,12.2,90.9,1289.7,normal,222.37,17.5,0.5,0,none,0.0
2050-04-03,M08,Pump,1.94,63.61,11.46,102.1,1344.3,normal,222.63,9.2,0.5,0,none,0.0
2050-04-04,M08,Pump,2.84,84.63,16.85,155.3,1789.6,peak,222.83,8.7,0.5,0,none,0.0
2050-04-05,M08,Pump,2.08,61.06,12.18,114.3,1292.0,normal,222.98,12.0,0.5,0,none,0.0
2050-04-06,M08,Pump,0.6,39.16,3.33,23.7,560.6,idle,223.08,11.4,0.5,0,none,0.0
2050-04-07,M08,Pump,2.0,51.16,11.06,78.1,1210.9,normal,223.2,8.0,0.5,0,none,0.0
2050-04-08,M08,Pump,1.88,49.33,11.53,114.4,1343.9,normal,223.32,13.7,0.5,0,none,0.0
2050-04-09,M08,Pump,1.8,55.71,12.98,126.5,1252.8,normal,223.75,15.1,0.5,0,none,0.0
2050-04-10,M08,Pump,1.86,50.57,11.31,101.9,1251.2,normal,224.02,10.8,0.5,0,none,0.0
2050-04-11,M08,Pump,2.07,50.45,12.47,93.0,1288.9,normal,224.05,16.4,0.5,0,none,0.0
2050-04-12,M08,Pump,2.02,60.45,11.35,92.7,1236.9,normal,224.4,15.7,0.5,0,none,0.0
2050-04-13,M08,Pump,1.99,46.74,12.04,82.5,1250.6,normal,224.62,15.6,0.5,0,none,0.0
2050-04-14,M08,Pump,2.04,54.49,11.56,110.0,1311.0,normal,225.08,14.8,0.5,0,none,0.0
2050-04-15,M08,Pump,1.83,51.89,12.28,128.2,1232.1,normal,225.43,8.0,0.5,0,none,0.0
2050-04-16,M08,Pump,2.03,65.85,11.92,94.5,1300.0,normal,225.65,16.9,0.5,0,none,0.0
2050-04-17,M08,Pump,0.51,38.6,3.48,17.2,512.6,idle,225.85,12.8,0.5,0,none,0.0
2050-04-18,M08,Pump,2.84,84.33,15.77,141.2,1857.8,peak,226.05,11.8,0.5,0,none,0.0
2050-04-19,M08,Pump,0.61,42.24,3.75,24.1,509.8,idle,226.18,15.1,0.5,0,none,0.0
2050-04-20,M08,Pump,1.78,52.86,11.98,126.1,1336.0,normal,226.27,9.6,0.5,0,none,0.0
2050-04-21,M08,Pump,2.14,50.12,12.46,97.9,1339.7,normal,226.33,17.1,0.5,0,none,0.0
2050-04-22,M08,Pump,1.81,48.25,12.68,115.3,1323.2,normal,226.77,17.1,0.5,0,none,0.0
2050-04-23,M08,Pump,1.78,65.35,12.36,111.9,1287.4,normal,226.92,13.7,0.5,0,none,0.0
2050-04-24,M08,Pump,2.08,54.56,11.27,106.0,1312.2,normal,227.13,14.3,0.5,0,none,0.0
2050-04-25,M08,Pump,1.78,50.15,12.39,92.0,1225.5,normal,227.53,13.8,0.5,0,none,0.0
2050-04-26,M08,Pump,2.14,48.7,11.69,100.3,1271.4,normal,227.68,15.6,0.5,0,none,0.0
2050-04-27,M08,Pump,1.88,65.99,12.32,96.7,1253.7,normal,228.03,12.9,0.5,0,none,0.0
2050-04-28,M08,Pump,1.95,45.77,12.85,89.6,1304.6,normal,228.32,12.9,0.5,0,none,0.0
2050-04-29,M08,Pump,2.09,64.03,11.33,105.9,1212.5,normal,228.35,11.5,0.5,0,none,0.0
2050-04-30,M08,Pump,2.09,56.19,11.32,115.4,1212.5,normal,228.65,8.6,0.5,0,none,0.0
2050-05-01,M08,Pump,1.76,55.6,11.47,127.4,1254.2,normal,228.98,9.3,0.5,0,none,0.0
2050-05-02,M08,Pump,1.99,66.81,11.79,96.6,1224.4,normal,229.38,11.3,0.5,0,none,0.0
2050-05-03,M08,Pump,2.17,63.42,11.44,95.3,1337.2,normal,229.62,16.1,0.5,0,none,0.0
2050-05-04,M08,Pump,1.97,57.8,12.3,117.6,1337.2,normal,230.05,13.6,0.5,0,none,0.0
2050-05-05,M08,Pump,0.66,57.8,3.87,117.6,1337.2,idle,230.25,12.5,0.5,0,none,0.0
2050-05-06,M08,Pump,0.68,35.28,3.86,23.5,529.1,idle,230.57,15.6,0.5,0,none,0.0
2050-05-07,M08,Pump,0.57,36.94,3.33,22.4,505.2,idle,230.83,12.0,0.5,0,none,0.0
2050-05-08,M08,Pump,2.17,51.83,12.59,81.1,1280.4,normal,231.1,12.4,0.5,0,none,0.0
2050-05-09,M08,Pump,0.57,35.3,3.76,24.4,500.8,idle,231.15,10.8,0.5,0,none,0.0
2050-05-10,M08,Pump,0.55,42.04,3.91,16.9,504.9,idle,231.33,17.5,0.5,0,none,0.0
2050-05-11,M08,Pump,0.5,37.15,3.35,18.6,530.8,idle,231.8,13.9,0.5,0,none,0.0
2050-05-12,M09,Pump,0.6,36.42,3.62,15.1,516.8,idle,209.27,10.4,85.4,0,none,0.0
2050-05-13,M09,Pump,0.57,36.18,3.87,17.0,552.8,idle,209.42,10.6,85.25,0,none,0.0
2050-05-14,M09,Pump,0.59,39.8,3.75,15.4,505.5,idle,209.87,16.3,84.8,0,none,0.0
2050-05-15,M09,Pump,0.57,39.17,3.6,21.8,500.1,idle,210.28,17.1,84.38,0,none,0.0
2050-05-16,M09,Pump,2.18,49.01,11.5,125.1,1200.8,normal,210.57,10.6,84.1,0,none,0.0
2050-05-17,M09,Pump,0.7,35.36,3.38,17.4,530.7,idle,211.05,15.8,83.62,0,none,0.0
2050-05-18,M09,Pump,0.6,36.05,3.38,15.3,518.0,idle,211.23,17.0,83.43,0,none,0.0
2050-05-19,M09,Pump,0.6,36.05,3.83,16.9,518.0,idle,211.72,11.0,82.95,0,none,0.0
2050-05-20,M09,Pump,1.98,63.91,3.83,106.4,1244.1,normal,212.2,15.3,82.47,0,none,0.0
2050-05-21,M09,Pump,0.52,41.68,3.5,23.4,542.4,idle,212.33,13.4,82.33,0,none,0.0
2050-05-22,M09,Pump,0.67,40.67,3.84,17.9,535.2,idle,212.55,16.6,82.12,0,none,0.0
2050-05-23,M09,Pump,0.5,41.08,3.67,22.6,551.0,idle,213.03,12.8,81.63,0,none,0.0
2050-05-24,M09,Pump,0.63,35.57,3.93,15.2,556.2,idle,213.3,16.5,81.37,0,none,0.0
2050-05-25,M09,Pump,1.94,63.81,11.93,111.6,1254.5,normal,213.8,16.2,80.87,0,none,0.0
2050-05-26,M09,Pump,2.07,50.85,12.44,88.1,1308.3,normal,214.2,16.0,80.47,0,none,0.0
2050-05-27,M09,Pump,0.56,37.79,3.87,23.1,548.4,idle,214.45,9.1,80.22,0,none,0.0
2050-05-28,M09,Pump,0.68,36.56,3.49,17.9,521.4,idle,214.5,17.9,80.17,0,none,0.0
2050-05-29,M09,Pump,0.57,41.97,3.49,17.9,539.9,idle,214.78,16.8,79.88,0,none,0.0
2050-05-30,M09,Pump,0.54,38.65,3.34,24.5,522.2,idle,215.0,15.4,79.67,0,none,0.0
2050-05-31,M09,Pump,0.67,40.3,3.46,16.9,548.6,idle,215.25,9.5,79.42,0,none,0.0
2050-06-01,M09,Pump,0.69,40.3,3.38,18.9,527.6,idle,215.58,9.5,79.08,0,none,0.0
2050-06-02,M09,Pump,0.66,39.69,3.34,24.2,526.1,idle,215.82,10.1,78.85,0,none,0.0
2050-06-03,M09,Pump,2.03,60.35,11.11,78.2,1213.2,normal,216.12,17.4,78.55,0,none,0.0
2050-06-04,M09,Pump,2.18,63.26,11.26,110.0,1291.8,normal,216.5,10.0,78.17,0,none,0.0
2050-06-05,M09,Pump,1.7,54.87,12.42,87.7,1327.6,normal,216.53,10.6,78.13,0,none,0.0
2050-06-06,M09,Pump,2.03,45.16,12.71,79.0,1333.2,normal,216.92,16.6,77.75,0,none,0.0
2050-06-07,M09,Pump,1.87,61.07,12.57,92.6,1253.5,normal,217.33,16.4,77.33,0,none,0.0
2050-06-08,M09,Pump,1.87,40.83,3.5,24.9,551.6,idle,217.57,15.3,77.1,0,none,0.0
2050-06-09,M09,Pump,2.56,40.83,15.87,161.5,1799.3,peak,217.68,17.5,76.98,0,none,0.0
2050-06-10,M09,Pump,0.54,35.46,3.99,18.6,515.4,idle,218.08,8.7,76.58,0,none,0.0
2050-06-11,M09,Pump,1.95,51.71,11.47,110.0,1211.2,normal,218.38,12.1,76.28,0,none,0.0
2050-06-12,M09,Pump,1.95,53.91,12.07,94.7,1285.5,normal,218.7,14.2,75.97,0,none,0.0
2050-06-13,M09,Pump,1.74,53.65,11.47,100.8,1259.8,normal,219.18,12.4,75.48,0,none,0.0
2050-06-14,M09,Pump,2.02,59.46,11.83,87.4,1287.3,normal,219.45,11.7,75.22,0,none,0.0
2050-06-15,M09,Pump,0.69,36.85,3.35,17.6,528.9,idle,219.5,10.1,75.17,0,none,0.0
2050-06-16,M09,Pump,0.56,43.35,3.65,17.5,566.5,idle,219.83,12.1,74.83,0,none,0.0
2050-06-17,M09,Pump,1.76,47.83,11.49,82.0,1312.8,normal,220.07,12.7,74.6,0,none,0.0
2050-06-18,M09,Pump,0.56,42.3,3.83,17.4,536.3,idle,220.18,16.1,74.48,0,none,0.0
2050-06-19,M09,Pump,1.96,65.04,11.05,94.5,1332.4,normal,220.45,15.9,74.22,0,none,0.0
2050-06-20,M09,Pump,2.54,72.05,16.15,147.7,1820.1,peak,220.5,15.6,74.17,0,none,0.0
2050-06-21,M09,Pump,2.11,56.98,12.03,92.5,1318.9,normal,220.72,13.5,73.95,0,none,0.0
2050-06-22,M09,Pump,2.07,50.38,11.64,119.0,1253.7,normal,220.97,14.6,73.7,0,none,0.0
2050-06-23,M09,Pump,2.07,53.38,11.32,95.7,1320.4,normal,221.02,17.7,73.65,0,none,0.0
2050-06-24,M09,Pump,2.69,76.87,15.31,144.4,1756.4,peak,221.38,10.9,73.28,0,none,0.0
2050-06-25,M09,Pump,1.71,56.22,11.82,92.3,1348.5,normal,221.5,14.8,73.17,0,none,0.0
2050-06-26,M09,Pump,1.9,63.14,11.42,90.8,1285.3,normal,221.93,15.9,72.73,0,none,0.0
2050-06-27,M09,Pump,1.7,45.4,11.28,89.6,1279.2,normal,222.07,17.3,72.6,0,none,0.0
2050-06-28,M09,Pump,2.04,52.17,11.48,120.8,1224.4,normal,222.23,8.2,72.43,0,none,0.0
2050-06-29,M09,Pump,2.04,44.31,3.46,15.9,568.6,idle,222.47,16.9,72.2,0,none,0.0
2050-06-30,M09,Pump,0.55,37.76,3.64,17.3,569.5,idle,222.93,17.5,71.73,0,none,0.0
2050-07-01,M09,Pump,2.43,76.77,16.1,151.7,1828.1,peak,223.27,10.6,71.4,0,none,0.0
2050-07-02,M09,Pump,2.43,43.77,3.52,20.5,500.0,idle,223.42,8.0,71.25,0,none,0.0
2050-07-03,M09,Pump,1.9,48.77,12.42,89.5,1312.3,normal,223.77,9.3,70.9,0,none,0.0
2050-07-04,M09,Pump,1.86,66.29,11.89,121.7,1294.2,normal,223.97,16.8,70.7,0,none,0.0
2050-07-05,M09,Pump,0.7,42.43,3.81,17.6,535.3,idle,224.17,14.0,70.5,0,none,0.0
2050-07-06,M09,Pump,1.85,45.44,12.42,90.3,1259.6,normal,224.23,11.4,70.43,0,none,0.0
2050-07-07,M09,Pump,0.56,37.0,3.35,18.4,505.7,idle,224.52,8.5,70.15,0,none,0.0
2050-07-08,M09,Pump,0.56,45.45,12.88,128.3,1245.7,normal,224.97,17.4,69.7,0,none,0.0
2050-07-09,M09,Pump,1.83,47.4,12.81,108.5,1291.5,normal,225.13,16.3,69.53,0,none,0.0
2050-07-10,M09,Pump,2.15,65.95,12.66,118.2,1331.6,normal,225.33,12.8,69.33,0,none,0.0
2050-07-11,M09,Pump,2.14,53.48,12.95,114.9,1255.5,normal,225.53,9.2,69.13,0,none,0.0
2050-07-12,M09,Pump,2.14,60.8,11.72,121.0,1255.5,normal,225.87,15.6,68.8,0,none,0.0
2050-07-13,M09,Pump,0.68,38.01,3.41,23.6,516.8,idle,226.17,10.6,68.5,0,none,0.0
2050-07-14,M09,Pump,2.12,51.81,12.87,89.4,1210.5,normal,226.38,11.1,68.28,0,none,0.0
2050-07-15,M09,Pump,2.17,48.81,12.89,120.8,1212.3,normal,226.48,8.1,68.18,0,none,0.0
2050-07-16,M09,Pump,2.67,71.1,15.66,148.8,1839.9,peak,226.63,12.1,68.03,0,none,0.0
2050-07-17,M09,Pump,2.99,72.55,15.66,154.7,1775.7,peak,226.82,11.7,67.85,0,none,0.0
2050-07-18,M09,Pump,2.06,54.28,12.9,110.8,1254.5,normal,227.27,13.6,67.4,0,none,0.0
2050-07-19,M09,Pump,2.06,64.29,12.6,91.7,1262.5,normal,227.52,14.4,67.15,0,none,0.0
2050-07-20,M09,Pump,1.93,53.93,11.62,117.1,1201.8,normal,227.78,8.3,66.88,0,none,0.0
2050-07-21,M09,Pump,1.85,48.26,11.26,92.4,1201.8,normal,227.9,15.2,66.77,0,none,0.0
2050-07-22,M09,Pump,2.18,56.84,11.68,121.1,1210.1,normal,228.0,10.5,66.67,0,none,0.0
2050-07-23,M09,Pump,2.46,75.18,15.9,159.9,1888.8,peak,228.07,8.3,66.6,0,none,0.0
2050-07-24,M09,Pump,1.97,56.4,11.43,101.5,1338.5,normal,228.57,17.7,66.1,0,none,0.0
2050-07-25,M09,Pump,1.9,49.85,11.43,104.8,1289.8,normal,229.07,12.0,65.6,0,none,0.0
2050-07-26,M09,Pump,2.66,81.38,16.17,156.6,1879.4,peak,229.32,17.5,65.35,0,none,0.0
2050-07-27,M09,Pump,2.13,49.68,12.25,115.3,1221.9,normal,229.75,9.3,64.92,0,none,0.0
2050-07-28,M09,Pump,2.12,49.15,12.6,86.4,1311.3,normal,230.2,13.2,64.47,0,none,0.0
2050-07-29,M09,Pump,1.77,53.71,11.29,92.1,1347.7,normal,230.48,16.9,64.18,0,none,0.0
2050-07-30,M09,Pump,1.75,54.35,12.35,82.9,1216.3,normal,230.77,16.0,63.9,0,none,0.0
2050-07-31,M09,Pump,1.77,59.83,12.82,121.0,1347.5,normal,230.83,9.6,63.83,0,none,0.0
2050-08-01,M09,Pump,1.99,67.11,11.61,99.9,1259.4,normal,231.02,16.0,63.65,0,none,0.0
2050-08-02,M09,Pump,1.99,64.08,11.05,116.0,1259.4,normal,231.13,9.1,63.53,0,none,0.0
2050-08-03,M09,Pump,0.5,64.08,3.54,24.6,546.3,idle,231.52,11.1,63.15,0,none,0.0
2050-08-04,M09,Pump,0.61,36.27,3.54,15.4,553.3,idle,231.6,10.3,63.07,0,none,0.0
2050-08-05,M09,Pump,0.53,40.94,3.79,18.7,544.3,idle,232.03,13.6,62.63,0,none,0.0
2050-08-06,M09,Pump,0.65,40.94,3.72,22.3,525.0,idle,232.07,8.2,62.6,0,none,0.0
2050-08-07,M09,Pump,0.53,37.86,3.72,18.6,507.5,idle,232.13,9.8,62.53,0,none,0.0
2050-08-08,M09,Pump,0.52,36.8,3.39,19.9,524.3,idle,232.42,14.8,62.25,0,none,0.0
2050-08-09,M09,Pump,2.12,65.26,11.95,124.2,1267.6,normal,232.52,9.5,62.15,0,none,0.0
2050-08-10,M09,Pump,0.63,36.63,3.34,16.6,517.6,idle,232.63,14.6,62.03,0,none,0.0
2050-08-11,M09,Pump,0.65,36.74,3.39,24.3,548.2,idle,232.67,16.9,62.0,0,none,0.0
2050-08-12,M09,Pump,0.59,35.95,3.39,16.1,542.8,idle,232.88,17.5,61.78,0,none,0.0
2050-08-13,M09,Pump,0.63,39.0,3.94,15.5,557.3,idle,232.95,13.3,61.72,0,none,0.0
2050-08-14,M09,Pump,0.61,41.11,3.99,20.8,555.8,idle,233.3,16.6,61.37,0,none,0.0
2050-08-15,M09,Pump,0.53,43.09,3.83,24.7,565.5,idle,233.37,16.9,61.3,0,none,0.0
2050-08-16,M09,Pump,0.54,39.65,3.94,21.4,532.5,idle,233.6,16.7,61.07,0,none,0.0
2050-08-17,M09,Pump,0.52,38.52,3.77,22.8,531.3,idle,233.8,8.2,60.87,0,none,0.0
2050-08-18,M09,Pump,0.51,41.33,3.95,20.0,565.0,idle,233.88,12.1,60.78,0,none,0.0
2050-08-19,M09,Pump,0.57,43.86,3.85,24.6,555.4,idle,234.27,10.5,60.4,0,none,0.0
2050-08-20,M09,Pump,0.56,44.01,3.77,16.6,503.2,idle,234.38,10.3,60.28,0,none,0.0
2050-08-21,M09,Pump,0.57,42.87,3.73,20.3,500.3,idle,234.8,12.8,59.87,0,none,0.0
2050-08-22,M09,Pump,0.59,36.58,3.73,24.9,561.6,idle,235.23,15.3,59.43,0,none,0.0
2050-08-23,M09,Pump,0.56,40.94,3.65,16.3,569.3,idle,235.68,8.1,58.98,0,none,0.0
2050-08-24,M09,Pump,0.59,40.06,3.75,16.9,515.6,idle,235.9,12.9,58.77,0,none,0.0
2050-08-25,M09,Pump,0.54,38.84,3.44,24.3,550.0,idle,236.4,13.6,58.27,0,none,0.0
2050-08-26,M09,Pump,0.68,43.48,3.79,17.4,543.1,idle,236.63,14.4,58.03,0,none,0.0
2050-08-27,M09,Pump,0.54,36.32,3.74,21.2,511.0,idle,236.88,8.9,57.78,0,none,0.0
2050-08-28,M09,Pump,0.57,35.66,3.8,24.9,551.8,idle,237.05,17.8,57.62,0,none,0.0
2050-08-29,M09,Pump,0.67,39.76,3.37,22.3,518.0,idle,237.15,12.0,57.52,0,none,0.0
2050-08-30,M09,Pump,0.58,42.03,3.93,19.9,567.3,idle,237.22,14.6,57.45,0,none,0.0
2050-08-31,M09,Pump,0.6,42.03,3.66,23.6,537.7,idle,237.42,9.0,57.25,0,none,0.0
2050-09-01,M09,Pump,0.65,40.48,3.68,17.9,514.1,idle,237.78,9.0,56.88,0,none,0.0
2050-09-02,M09,Pump,0.56,39.41,3.87,23.3,511.4,idle,237.83,13.7,56.83,0,none,0.0
2050-09-03,M09,Pump,0.61,39.16,3.7,21.5,519.6,idle,238.12,16.5,56.55,0,none,0.0
2050-09-04,M09,Pump,0.68,44.35,3.37,22.0,502.3,idle,238.4,8.3,56.27,0,none,0.0
2050-09-05,M09,Pump,0.51,44.58,3.79,18.2,546.9,idle,238.5,13.7,56.17,0,none,0.0
2050-09-06,M09,Pump,0.67,43.71,3.31,23.2,559.7,idle,238.55,13.6,56.12,0,none,0.0
2050-09-07,M09,Pump,0.62,39.8,3.38,17.4,534.3,idle,238.87,11.5,55.8,0,none,0.0
2050-09-08,M09,Pump,0.67,43.03,3.65,22.9,553.6,idle,239.02,9.5,55.65,0,none,0.0
2050-09-09,M09,Pump,1.99,50.07,11.7,86.5,1201.1,normal,239.35,8.0,55.32,0,none,0.0
2050-09-10,M09,Pump,1.74,62.47,11.07,98.8,1347.9,normal,239.52,16.5,55.15,0,none,0.0
2050-09-11,M09,Pump,2.1,62.26,11.55,111.4,1274.8,normal,239.95,11.4,54.72,0,none,0.0
2050-09-12,M09,Pump,2.1,55.02,12.06,129.4,1249.4,normal,240.07,9.0,54.6,0,none,0.0
2050-09-13,M09,Pump,2.53,76.73,16.05,142.1,1870.9,peak,240.38,14.3,54.28,0,none,0.0
2050-09-14,M09,Pump,2.65,76.2,16.32,159.3,1897.9,peak,240.6,16.1,54.07,0,none,0.0
2050-09-15,M09,Pump,1.79,52.95,11.34,123.8,1282.3,normal,240.67,10.1,54.0,0,none,0.0
2050-09-16,M09,Pump,2.13,67.66,12.1,84.1,1254.2,normal,241.02,8.8,53.65,0,none,0.0
2050-09-17,M09,Pump,1.72,64.53,11.04,108.8,1215.9,normal,241.37,8.2,53.3,0,none,0.0
2050-09-18,M09,Pump,1.7,50.89,12.1,81.9,1292.2,normal,241.82,16.3,52.85,0,none,0.0
2050-09-19,M09,Pump,2.04,67.3,12.8,107.5,1319.0,normal,242.08,16.6,52.58,0,none,0.0
2050-09-20,M09,Pump,2.62,78.79,15.81,148.4,1859.2,peak,242.53,17.1,52.13,0,none,0.0
2050-09-21,M09,Pump,1.85,53.75,11.73,123.3,1225.6,normal,242.72,12.7,51.95,0,none,0.0
2050-09-22,M09,Pump,1.89,65.42,11.03,127.3,1334.8,normal,242.87,9.6,51.8,0,none,0.0
2050-09-23,M09,Pump,1.91,60.02,12.98,106.9,1214.5,normal,242.97,8.8,51.7,0,none,0.0
2050-09-24,M09,Pump,2.13,48.09,11.51,123.4,1238.4,normal,243.28,8.7,51.38,0,none,0.0
2050-09-25,M09,Pump,0.65,39.48,3.83,17.3,529.4,idle,243.47,17.5,51.2,0,none,0.0
2050-09-26,M09,Pump,2.59,73.74,15.63,148.1,529.4,peak,243.92,15.3,50.75,0,none,0.0
2050-09-27,M09,Pump,0.61,39.62,3.65,25.0,545.8,idle,244.07,14.5,50.6,0,none,0.0
2050-09-28,M09,Pump,0.64,38.14,3.63,16.8,548.0,idle,244.47,12.8,50.2,0,none,0.0
2050-09-29,M09,Pump,0.57,42.48,3.63,19.0,533.0,idle,244.97,11.0,49.7,0,none,0.0
2050-09-30,M09,Pump,1.78,46.6,11.63,106.3,1297.9,normal,245.33,14.3,49.33,0,none,0.0
2050-10-01,M09,Pump,0.59,40.0,3.68,20.1,506.3,idle,245.53,14.2,49.13,0,none,0.0
2050-10-02,M09,Pump,1.9,40.0,12.07,117.4,1286.9,normal,245.8,9.6,48.87,0,none,0.0
2050-10-03,M09,Pump,1.81,49.78,11.07,100.2,1264.9,normal,246.28,12.8,48.38,0,none,0.0
2050-10-04,M09,Pump,2.54,49.78,15.77,156.7,1846.0,peak,246.48,15.5,48.18,0,none,0.0
2050-10-05,M09,Pump,2.0,65.89,11.03,81.5,1308.3,normal,246.97,16.9,47.7,0,none,0.0
2050-10-06,M09,Pump,0.57,44.87,3.45,16.8,541.2,idle,247.45,8.4,47.22,0,none,0.0
2050-10-07,M09,Pump,1.84,52.83,12.84,79.4,1279.7,normal,247.57,13.7,47.1,0,none,0.0
2050-10-08,M09,Pump,0.57,38.46,3.47,16.4,502.4,idle,248.0,10.7,46.67,0,none,0.0
2050-10-09,M09,Pump,2.19,60.19,12.55,81.4,502.4,normal,248.32,14.4,46.35,0,none,0.0
2050-10-10,M09,Pump,2.0,61.65,11.79,98.2,1257.7,normal,248.42,13.8,46.25,0,none,0.0
2050-10-11,M09,Pump,2.49,81.31,15.43,148.1,1850.7,peak,248.67,14.3,46.0,0,none,0.0
2050-10-12,M09,Pump,1.7,62.62,12.8,80.7,1288.7,normal,249.08,10.9,45.58,0,none,0.0
2050-10-13,M09,Pump,1.9,46.8,12.36,109.8,1296.4,normal,249.43,15.0,45.23,0,none,0.0
2050-10-14,M09,Pump,2.11,51.6,12.35,116.7,1225.3,normal,249.72,12.2,44.95,0,none,0.0
2050-10-15,M09,Pump,0.69,38.4,3.8,22.5,535.3,idle,249.9,12.1,44.77,0,none,0.0
2050-10-16,M09,Pump,0.53,37.76,3.46,20.2,518.3,idle,250.3,14.9,44.37,0,none,0.0
2050-10-17,M09,Pump,1.97,51.63,11.0,96.9,1291.0,normal,250.4,10.6,44.27,0,none,0.0
2050-10-18,M09,Pump,2.86,70.43,15.52,164.6,1789.3,peak,250.5,10.2,44.17,0,none,0.0
2050-10-19,M09,Pump,2.09,56.72,11.24,111.5,1345.0,normal,250.95,8.5,43.72,0,none,0.0
2050-10-20,M09,Pump,2.14,60.88,12.02,94.6,1253.5,normal,251.38,17.6,43.28,0,none,0.0
2050-10-21,M09,Pump,2.14,66.21,11.42,97.7,1253.5,normal,251.85,8.6,42.82,0,none,0.0
2050-10-22,M09,Pump,0.58,35.04,3.49,20.0,553.2,idle,251.93,9.5,42.73,0,none,0.0
2050-10-23,M09,Pump,1.98,53.85,12.33,112.6,1237.2,normal,252.08,15.1,42.58,0,none,0.0
2050-10-24,M09,Pump,1.75,63.47,12.06,87.2,1239.3,normal,252.52,16.2,42.15,0,none,0.0
2050-10-25,M09,Pump,2.08,60.03,12.89,102.2,1207.8,normal,252.75,8.7,41.92,0,none,0.0
2050-10-26,M09,Pump,2.82,73.82,15.65,144.9,1796.3,peak,253.03,11.3,41.63,0,none,0.0
2050-10-27,M09,Pump,2.9,78.65,15.22,154.7,1845.0,peak,253.37,8.1,41.3,0,none,0.0
2050-10-28,M09,Pump,2.14,64.77,11.13,123.1,1845.0,normal,253.4,13.2,41.27,0,none,0.0
2050-10-29,M09,Pump,2.49,71.67,15.36,160.1,1852.9,peak,253.5,16.0,41.17,0,none,0.0
2050-10-30,M09,Pump,2.81,83.83,15.78,140.1,1846.0,peak,253.63,14.1,41.03,0,none,0.0
2050-10-31,M09,Pump,2.13,67.45,11.73,120.8,1327.4,normal,254.05,16.0,40.62,0,none,0.0
2050-11-01,M09,Pump,1.77,59.52,11.35,101.2,1331.9,normal,254.17,13.4,40.5,0,none,0.0
2050-11-02,M09,Pump,0.66,40.7,3.87,16.5,513.6,idle,254.32,17.6,40.35,0,none,0.0
2050-11-03,M09,Pump,0.54,42.76,3.92,20.6,567.1,idle,254.68,14.2,39.98,0,none,0.0
2050-11-04,M09,Pump,2.06,57.96,12.22,122.2,1213.5,normal,255.07,14.9,39.6,0,none,0.0
2050-11-05,M09,Pump,0.53,37.66,3.93,24.4,524.9,idle,255.52,17.3,39.15,0,none,0.0
2050-11-06,M09,Pump,0.68,40.47,3.63,23.3,538.2,idle,255.73,14.0,38.93,0,none,0.0
2050-11-07,M09,Pump,0.59,35.16,3.31,21.3,505.1,idle,256.18,12.3,38.48,0,none,0.0
2050-11-08,M09,Pump,0.65,41.22,3.62,22.1,569.5,idle,256.3,12.6,38.37,0,none,0.0
2050-11-09,M09,Pump,0.55,40.57,3.89,15.2,514.2,idle,256.73,11.2,37.93,0,none,0.0
2050-11-10,M09,Pump,0.6,40.52,3.36,19.1,536.4,idle,256.78,9.4,37.88,0,none,0.0
2050-11-11,M09,Pump,0.58,42.01,3.36,19.6,529.8,idle,257.12,8.4,37.55,0,none,0.0
2050-11-12,M09,Pump,0.64,40.55,3.91,19.8,540.2,idle,257.48,11.0,37.18,0,none,0.0
2050-11-13,M09,Pump,0.53,43.36,3.6,22.2,540.2,idle,257.75,16.6,36.92,0,none,0.0
2050-11-14,M09,Pump,0.5,39.0,3.4,19.0,522.5,idle,258.12,9.5,36.55,0,none,0.0
2050-11-15,M09,Pump,0.54,36.24,3.81,22.6,518.5,idle,258.42,16.4,36.25,0,none,0.0
2050-11-16,M09,Pump,0.6,39.64,3.55,17.8,513.0,idle,258.82,10.6,35.85,0,none,0.0
2050-11-17,M09,Pump,0.67,43.33,3.59,22.2,534.9,idle,258.87,10.8,35.8,0,none,0.0
2050-11-18,M09,Pump,0.52,43.22,3.45,22.1,536.9,idle,259.23,12.0,35.43,0,none,0.0
2050-11-19,M09,Pump,0.64,39.71,3.79,15.3,502.9,idle,259.52,15.2,35.15,0,none,0.0
2050-11-20,M09,Pump,0.68,42.5,3.88,19.6,532.2,idle,259.93,12.3,34.73,0,none,0.0
2050-11-21,M09,Pump,0.61,37.44,3.81,23.3,532.2,idle,260.15,10.7,34.52,0,none,0.0
2050-11-22,M09,Pump,0.6,37.44,3.88,22.5,560.7,idle,260.48,10.0,34.18,0,none,0.0
2050-11-23,M09,Pump,0.6,43.83,3.36,21.8,506.2,idle,260.63,12.0,34.03,0,none,0.0
2050-11-24,M09,Pump,0.6,41.28,3.31,21.0,510.2,idle,260.67,16.5,34.0,0,none,0.0
2050-11-25,M09,Pump,0.53,36.5,3.64,16.2,508.8,idle,261.08,13.9,33.58,0,none,0.0
2050-11-26,M09,Pump,0.55,35.01,3.49,21.2,542.1,idle,261.2,14.9,33.47,0,none,0.0
2050-11-27,M09,Pump,0.55,36.2,3.91,18.9,527.1,idle,261.32,13.6,33.35,0,none,0.0
2050-11-28,M09,Pump,0.57,36.25,3.63,22.9,561.3,idle,261.47,10.0,33.2,0,none,0.0
2050-11-29,M09,Pump,0.69,42.85,3.74,20.0,561.2,idle,261.93,13.1,32.73,0,none,0.0
2050-11-30,M09,Pump,0.65,36.61,3.78,19.3,541.7,idle,262.43,8.2,32.23,0,none,0.0
2050-12-01,M09,Pump,0.68,41.53,3.96,19.3,509.0,idle,262.72,11.4,31.95,0,none,0.0
2050-12-02,M09,Pump,1.71,53.84,12.73,90.0,1303.7,normal,263.08,14.8,31.58,0,none,0.0
2050-12-03,M09,Pump,0.6,42.46,3.42,17.4,517.0,idle,263.13,10.3,31.53,0,none,0.0
2050-12-04,M09,Pump,1.97,51.66,12.62,17.4,1299.1,normal,263.32,9.8,31.35,0,none,0.0
2050-12-05,M09,Pump,0.69,41.07,3.47,23.3,500.9,idle,263.5,17.3,31.17,0,none,0.0
2050-12-06,M09,Pump,1.83,53.91,11.39,109.4,1283.7,normal,263.53,13.4,31.13,0,none,0.0
2050-12-07,M09,Pump,0.58,37.94,3.6,17.9,515.5,idle,263.67,12.6,31.0,0,none,0.0
2050-12-08,M09,Pump,1.88,58.85,12.3,93.5,1342.1,normal,263.72,11.5,30.95,0,none,0.0
2050-12-09,M09,Pump,2.56,80.68,15.16,156.6,1819.0,peak,263.92,12.0,30.75,0,none,0.0
2050-12-10,M09,Pump,1.98,49.23,11.87,117.8,1315.1,normal,264.02,9.3,30.65,0,none,0.0
2050-12-11,M09,Pump,0.55,38.53,3.3,15.9,508.9,idle,264.1,12.9,30.57,0,none,0.0
2050-12-12,M09,Pump,0.55,62.46,12.02,119.2,1313.2,normal,264.17,11.6,30.5,0,none,0.0
2050-12-13,M09,Pump,0.62,40.0,3.95,20.7,533.8,idle,264.48,8.5,30.18,0,none,0.0
2050-12-14,M09,Pump,2.92,71.07,16.31,142.8,1873.0,peak,264.82,10.7,29.85,0,none,0.0
2050-12-15,M09,Pump,2.1,56.58,12.32,118.2,1272.5,normal,265.22,9.5,29.45,0,none,0.0
2050-12-16,M09,Pump,2.15,56.58,12.78,108.3,1263.9,normal,265.72,14.9,28.95,0,none,0.0
2050-12-17,M09,Pump,2.4,74.43,16.74,150.7,1813.2,peak,265.9,11.9,28.77,0,none,0.0
2050-12-18,M09,Pump,1.94,51.58,11.98,97.5,1336.4,normal,265.97,14.2,28.7,0,none,0.0
2050-12-19,M09,Pump,0.61,43.34,3.78,17.1,1336.4,idle,266.18,16.6,28.48,0,none,0.0
2050-12-20,M09,Pump,1.74,55.32,11.48,106.0,1245.0,normal,266.28,13.1,28.38,0,none,0.0
2050-12-21,M09,Pump,2.06,66.55,12.42,96.5,1290.0,normal,266.75,12.9,27.92,0,none,0.0
2050-12-22,M09,Pump,2.14,51.21,11.24,84.8,1274.2,normal,267.05,8.9,27.62,0,none,0.0
2050-12-23,M09,Pump,0.65,41.57,3.62,22.3,544.4,idle,267.2,15.3,27.47,0,none,0.0
2050-12-24,M09,Pump,2.01,49.65,11.63,95.9,544.4,normal,267.7,8.2,26.97,0,none,0.0
2050-12-25,M09,Pump,0.66,37.53,3.34,22.7,528.7,idle,268.1,15.3,26.57,0,none,0.0
2050-12-26,M09,Pump,1.81,47.69,11.03,100.2,1251.0,normal,268.28,10.5,26.38,0,none,0.0
2050-12-27,M09,Pump,2.82,84.65,15.41,146.1,1800.6,peak,268.72,14.2,25.95,0,none,0.0
2050-12-28,M09,Pump,1.93,61.05,11.7,83.4,1309.5,normal,269.2,11.3,25.47,0,none,0.0
2050-12-29,M09,Pump,0.66,37.48,3.4,20.3,514.6,idle,269.48,11.1,25.18,0,none,0.0
2050-12-30,M09,Pump,2.62,81.66,15.44,160.2,1851.1,peak,269.77,16.9,24.9,0,none,0.0
2050-12-31,M09,Pump,1.81,57.11,12.23,88.4,1221.7,normal,270.0,10.3,24.67,0,none,0.0
2051-01-01,M09,Pump,1.97,60.96,11.93,81.6,1338.8,normal,270.3,9.3,24.37,0,none,0.0
2051-01-02,M09,Pump,2.05,59.29,12.29,98.7,1347.7,normal,270.47,8.2,24.2,0,none,0.0
2051-01-03,M09,Pump,1.77,62.0,12.29,123.8,1307.6,normal,270.92,15.4,23.75,0,none,0.0
2051-01-04,M09,Pump,0.61,44.38,12.29,15.5,513.5,idle,271.02,8.7,23.65,0,none,0.0
2051-01-05,M09,Pump,0.64,44.22,3.6,15.4,545.0,idle,271.4,14.6,23.27,0,none,0.0
2051-01-06,M09,Pump,2.52,78.28,15.77,153.9,1889.9,peak,271.9,12.3,22.77,0,none,0.0
2051-01-07,M09,Pump,1.94,45.79,12.16,94.9,1316.7,normal,272.1,16.7,22.57,0,none,0.0
2051-01-08,M09,Pump,5.43,62.05,12.82,96.8,1348.4,normal,272.13,17.4,22.53,0,none,0.0
2051-01-09,M09,Pump,1.77,59.81,11.07,89.1,1295.1,normal,272.33,9.5,22.33,0,none,0.0
2051-01-10,M09,Pump,1.72,47.34,11.58,107.9,1202.4,normal,272.53,14.6,22.13,0,none,0.0
2051-01-11,M09,Pump,0.6,41.26,3.58,15.7,542.8,idle,272.83,14.7,21.83,0,none,0.0
2051-01-12,M09,Pump,2.0,56.64,12.39,88.8,1301.8,normal,273.08,12.6,21.58,0,none,0.0
2051-01-13,M09,Pump,1.78,54.03,11.14,120.6,1280.7,normal,273.15,14.9,21.52,0,none,0.0
2051-01-14,M09,Pump,2.98,84.13,17.0,142.5,1841.0,peak,273.55,8.2,21.12,0,none,0.0
2051-01-15,M09,Pump,1.9,57.25,11.62,80.5,1306.2,normal,273.85,15.7,20.82,0,none,0.0
2051-01-16,M09,Pump,2.18,57.24,11.66,126.8,1254.7,normal,273.9,8.8,20.77,0,none,0.0
2051-01-17,M09,Pump,0.68,43.56,3.67,126.8,549.0,idle,274.08,12.2,20.58,0,none,0.0
2051-01-18,M09,Pump,0.63,36.61,3.78,15.0,549.7,idle,274.17,15.3,20.5,0,none,0.0
2051-01-19,M09,Pump,1.98,50.97,12.61,99.1,1272.9,normal,274.52,16.3,20.15,0,none,0.0
2051-01-20,M09,Pump,1.71,54.23,11.33,92.4,1237.8,normal,274.82,9.0,19.85,0,none,0.0
2051-01-21,M09,Pump,1.72,55.59,12.05,107.7,1269.3,normal,275.17,10.8,19.5,0,none,0.0
2051-01-22,M09,Pump,2.13,45.87,12.23,123.0,1206.2,normal,275.67,9.1,19.0,0,none,0.0
2051-01-23,M09,Pump,1.95,58.55,11.38,91.1,1317.8,normal,275.82,9.1,18.85,0,none,0.0
2051-01-24,M09,Pump,1.98,52.26,12.53,116.8,1251.8,normal,276.12,13.4,18.55,0,none,0.0
2051-01-25,M09,Pump,1.94,60.28,11.69,110.7,1237.7,normal,276.33,16.2,18.33,0,none,0.0
2051-01-26,M09,Pump,2.58,74.66,16.87,160.8,1834.8,peak,276.55,17.3,18.12,0,none,0.0
2051-01-27,M09,Pump,2.74,70.84,16.3,148.2,1841.8,peak,276.6,14.3,18.07,0,none,0.0
2051-01-28,M09,Pump,2.12,46.05,12.21,107.3,1231.0,normal,276.98,11.3,17.68,0,none,0.0
2051-01-29,M09,Pump,0.63,40.55,3.84,16.1,531.0,idle,277.22,13.4,17.45,0,none,0.0
2051-01-30,M09,Pump,2.2,60.85,12.37,94.5,1214.1,normal,277.33,9.8,17.33,0,none,0.0
2051-01-31,M09,Pump,4.56,47.43,12.99,84.5,1225.6,normal,277.38,17.5,17.28,0,none,0.0
2051-02-01,M09,Pump,1.85,47.43,12.58,128.5,1253.8,normal,277.78,16.2,16.88,0,none,0.0
2051-02-02,M09,Pump,1.71,47.43,12.42,98.7,1227.5,normal,278.2,13.5,16.47,0,none,0.0
2051-02-03,M09,Pump,0.56,41.56,3.65,22.4,515.3,idle,278.58,16.6,16.08,0,none,0.0
2051-02-04,M09,Pump,2.12,48.59,11.66,108.7,1310.5,normal,278.85,9.9,15.82,0,none,0.0
2051-02-05,M09,Pump,1.83,66.81,12.41,89.3,1308.9,normal,278.98,10.8,15.68,0,none,0.0
2051-02-06,M09,Pump,2.05,62.31,12.83,115.0,1252.8,normal,279.25,15.3,15.42,0,none,0.0
2051-02-07,M09,Pump,0.66,41.96,3.7,18.5,564.5,idle,279.65,17.6,15.02,0,none,0.0
2051-02-08,M09,Pump,0.6,41.28,3.59,22.8,523.9,idle,279.8,12.0,14.87,0,none,0.0
2051-02-09,M09,Pump,2.11,47.48,3.59,102.8,1304.8,normal,280.07,13.2,14.6,0,none,0.0
2051-02-10,M09,Pump,0.61,36.34,3.63,24.6,552.8,idle,280.42,17.9,14.25,0,none,0.0
2051-02-11,M09,Pump,0.56,44.44,3.85,18.6,552.8,idle,280.63,10.6,14.03,0,none,0.0
2051-02-12,M09,Pump,0.59,35.97,3.86,16.9,532.1,idle,280.82,10.0,13.85,0,none,0.0
2051-02-13,M09,Pump,2.05,66.44,11.13,98.5,1292.2,normal,281.08,10.6,13.58,0,none,0.0
2051-02-14,M09,Pump,0.66,44.21,3.3,21.3,500.5,idle,281.37,8.4,13.3,0,none,0.0
2051-02-15,M09,Pump,0.66,36.5,3.93,21.3,553.5,idle,281.62,13.2,13.05,0,none,0.0
2051-02-16,M09,Pump,0.56,40.57,3.73,17.1,520.9,idle,281.87,8.7,12.8,0,none,0.0
2051-02-17,M09,Pump,0.52,35.05,3.47,20.2,550.0,idle,282.18,12.9,12.48,0,none,0.0
2051-02-18,M09,Pump,0.66,35.7,3.49,22.7,533.7,idle,282.27,11.0,12.4,0,none,0.0
2051-02-19,M09,Pump,0.54,38.92,3.49,15.5,553.5,idle,282.52,14.7,12.15,0,none,0.0
2051-02-20,M09,Pump,1.55,44.45,3.92,22.2,522.9,idle,282.97,12.0,11.7,0,none,0.0
2051-02-21,M09,Pump,1.55,39.75,3.55,24.0,508.6,idle,283.15,15.5,11.52,0,none,0.0
2051-02-22,M09,Pump,0.64,41.11,3.86,20.4,544.1,idle,283.45,14.3,11.22,0,none,0.0
2051-02-23,M09,Pump,0.69,35.92,3.37,18.9,533.1,idle,283.72,17.3,10.95,0,none,0.0
2051-02-24,M09,Pump,0.54,35.83,3.32,22.6,534.0,idle,283.75,9.3,10.92,0,none,0.0
2051-02-25,M09,Pump,0.67,38.61,3.79,19.9,542.8,idle,284.05,11.5,10.62,0,none,0.0
2051-02-26,M09,Pump,0.57,35.81,3.96,23.4,521.8,idle,284.25,10.1,10.42,0,none,0.0
2051-02-27,M09,Pump,0.69,38.0,3.61,22.6,521.6,idle,284.68,12.8,9.98,0,none,0.0
2051-02-28,M09,Pump,0.56,39.1,3.63,16.2,501.2,idle,285.13,14.8,9.53,0,none,0.0
2051-03-01,M09,Pump,0.68,38.53,3.37,22.6,520.6,idle,285.22,14.9,9.45,0,none,0.0
2051-03-02,M09,Pump,0.54,44.63,3.94,16.1,563.0,idle,285.5,15.8,9.17,0,none,0.0
2051-03-03,M09,Pump,1.72,41.34,3.67,17.2,508.5,idle,285.97,11.7,8.7,0,none,0.0
2051-03-04,M09,Pump,0.62,43.22,3.78,16.8,520.3,idle,286.28,9.5,8.38,0,none,0.0
2051-03-05,M09,Pump,0.62,41.25,3.35,21.1,551.5,idle,286.77,10.6,7.9,0,none,0.0
2051-03-06,M09,Pump,0.54,37.46,3.48,24.4,528.5,idle,286.82,11.7,7.85,0,none,0.0
2051-03-07,M09,Pump,1.97,61.66,11.74,83.5,1298.2,normal,287.28,11.2,7.38,0,none,0.0
2051-03-08,M09,Pump,2.03,50.99,11.07,112.6,1305.5,normal,287.67,11.4,7.0,0,none,0.0
2051-03-09,M09,Pump,2.42,80.4,16.88,144.5,1828.2,peak,288.0,13.1,6.67,0,none,0.0
2051-03-10,M09,Pump,0.64,37.3,3.83,23.7,557.0,idle,288.42,14.7,6.25,0,none,0.0
2051-03-11,M09,Pump,2.56,82.06,15.83,146.7,1775.2,peak,288.75,16.4,5.92,0,none,0.0
2051-03-12,M09,Pump,0.68,39.27,3.91,16.6,553.7,idle,289.08,12.0,5.58,0,none,0.0
2051-03-13,M09,Pump,1.76,45.4,12.99,81.8,553.7,normal,289.35,13.1,5.32,0,none,0.0
2051-03-14,M09,Pump,2.14,63.85,11.94,109.8,1294.5,normal,289.45,9.0,5.22,0,none,0.0
2051-03-15,M09,Pump,1.75,51.55,11.6,97.7,1241.1,normal,289.58,16.0,5.08,0,none,0.0
2051-03-16,M09,Pump,1.83,53.16,11.76,103.3,1226.0,normal,290.02,13.3,4.65,0,none,0.0
2051-03-17,M09,Pump,0.66,43.61,3.47,16.2,550.6,idle,290.45,8.3,4.22,0,none,0.0
2051-03-18,M09,Pump,2.16,45.81,11.03,87.5,1302.7,normal,290.78,10.2,3.88,0,none,0.0
2051-03-19,M09,Pump,2.18,62.26,12.15,114.4,1234.6,normal,290.9,14.2,3.77,0,none,0.0
2051-03-20,M09,Pump,2.81,74.82,15.44,145.9,1850.2,peak,291.05,12.9,3.62,0,none,0.0
2051-03-21,M09,Pump,2.08,58.38,11.13,80.0,1232.6,normal,291.45,12.4,3.22,0,none,0.0
2051-03-22,M09,Pump,1.84,54.31,11.15,115.7,1306.7,normal,291.78,14.4,2.88,0,none,0.0
2051-03-23,M09,Pump,2.61,78.45,15.2,150.4,1878.6,peak,291.98,12.1,2.68,0,none,0.0
2051-03-24,M09,Pump,2.03,47.39,12.7,113.4,1268.0,normal,292.22,14.2,2.45,0,none,0.0
2051-03-25,M09,Pump,2.05,48.97,12.1,110.1,1339.2,normal,292.62,9.0,2.05,0,none,0.0
2051-03-26,M09,Pump,2.05,38.75,3.96,17.2,556.9,idle,292.97,9.6,1.7,0,none,0.0
2051-03-27,M09,Pump,1.7,45.6,11.66,118.0,1215.6,normal,293.17,15.8,1.5,0,none,0.0
2051-03-28,M09,Pump,1.89,48.02,11.45,104.2,1247.9,normal,293.53,8.0,1.13,0,none,0.0
2051-03-29,M09,Pump,1.81,54.05,12.4,84.2,1271.9,normal,293.63,9.3,1.03,0,none,0.0
2051-03-30,M09,Pump,2.56,75.68,16.64,163.2,1786.5,peak,294.13,8.4,0.53,0,none,0.0
2051-03-31,M09,Pump,0.63,41.77,3.89,24.0,532.8,idle,294.37,12.5,0.5,0,none,0.0
2051-04-01,M09,Pump,2.99,84.56,16.01,153.6,1850.2,peak,294.85,9.0,0.5,0,none,0.0
2051-04-02,M09,Pump,1.89,60.23,12.03,79.8,1850.2,normal,295.07,11.7,0.5,0,none,0.0
2051-04-03,M09,Pump,0.69,35.26,3.85,18.9,541.0,idle,295.4,16.3,0.5,0,none,0.0
2051-04-04,M09,Pump,2.7,78.27,15.99,161.3,1852.5,peak,295.48,16.5,0.5,0,none,0.0
2051-04-05,M09,Pump,0.58,41.89,3.98,15.8,527.2,idle,295.6,13.1,0.5,0,none,0.0
2051-04-06,M09,Pump,2.14,62.0,12.87,80.1,1329.4,normal,295.63,12.1,0.5,0,none,0.0
2051-04-07,M09,Pump,2.1,63.75,12.19,80.7,1280.9,normal,295.88,13.4,0.5,0,none,0.0
2051-04-08,M09,Pump,0.58,40.27,3.82,80.7,520.5,idle,295.97,10.2,0.5,0,none,0.0
2051-04-09,M09,Pump,2.0,46.91,11.01,98.9,1313.6,normal,296.07,13.5,0.5,0,none,0.0
2051-04-10,M09,Pump,2.11,57.65,12.74,84.5,1344.6,normal,296.5,14.3,0.5,0,none,0.0
2051-04-11,M09,Pump,2.16,58.78,11.12,101.6,1226.9,normal,296.55,11.8,0.5,0,none,0.0
2051-04-12,M09,Pump,2.01,49.37,11.96,88.7,1227.3,normal,296.68,11.3,0.5,0,none,0.0
2051-04-13,M09,Pump,1.82,45.67,12.43,94.0,1304.7,normal,296.97,11.2,0.5,0,none,0.0
2051-04-14,M09,Pump,0.63,35.66,3.52,20.7,564.3,idle,297.28,16.6,0.5,0,none,0.0
2051-04-15,M09,Pump,1.9,56.61,12.5,119.8,1338.5,normal,297.47,9.6,0.5,0,none,0.0
2051-04-16,M09,Pump,1.95,49.46,12.53,84.5,1262.8,normal,297.57,17.8,0.5,0,none,0.0
2051-04-17,M09,Pump,2.01,60.91,12.47,88.1,1347.2,normal,297.97,10.5,0.5,0,none,0.0
2051-04-18,M09,Pump,0.54,35.96,3.76,24.1,539.2,idle,298.28,9.9,0.5,0,none,0.0
2051-04-19,M09,Pump,2.0,57.39,11.09,113.4,1253.7,normal,298.35,12.6,0.5,0,none,0.0
2051-04-20,M09,Pump,2.17,49.3,11.6,104.2,1271.6,normal,298.62,11.7,0.5,0,none,0.0
2051-04-21,M09,Pump,2.64,49.3,15.29,160.5,1817.3,peak,298.77,16.4,0.5,0,none,0.0
2051-04-22,M09,Pump,1.99,57.57,12.15,114.7,1294.4,normal,299.25,13.3,0.5,0,none,0.0
2051-04-23,M09,Pump,1.84,57.74,11.49,108.6,1264.8,normal,299.65,14.8,0.5,0,none,0.0
2051-04-24,M09,Pump,1.72,61.88,11.55,125.8,1242.1,normal,300.02,9.2,0.5,0,none,0.0
2051-04-25,M09,Pump,0.7,39.63,3.32,15.8,505.8,idle,300.18,14.0,0.5,0,none,0.0
2051-04-26,M09,Pump,0.51,37.68,3.53,16.1,530.7,idle,300.33,12.1,0.5,0,none,0.0
2051-04-27,M09,Pump,1.88,59.64,11.39,125.5,1277.4,normal,300.57,10.6,0.5,0,none,0.0
2051-04-28,M09,Pump,0.62,35.4,3.69,18.7,564.7,idle,301.02,16.7,0.5,0,none,0.0
2051-04-29,M09,Pump,0.68,41.38,3.84,21.4,501.2,idle,301.35,9.2,0.5,0,none,0.0
2051-04-30,M09,Pump,0.64,36.77,3.78,15.1,521.8,idle,301.43,16.0,0.5,0,none,0.0
2051-05-01,M09,Pump,0.64,52.66,12.39,105.2,1344.0,normal,301.78,11.2,0.5,0,none,0.0
2051-05-02,M09,Pump,2.61,80.83,16.67,146.3,1863.1,peak,302.02,14.8,0.5,0,none,0.0
2051-05-03,M09,Pump,0.58,36.29,3.3,146.3,513.0,idle,302.12,15.3,0.5,0,none,0.0
2051-05-04,M09,Pump,1.73,56.44,11.69,114.0,1216.1,normal,302.37,14.7,0.5,0,none,0.0
2051-05-05,M09,Pump,1.77,54.29,12.04,120.9,1287.8,normal,302.5,17.7,0.5,0,none,0.0
2051-05-06,M09,Pump,2.15,50.01,12.19,112.1,1308.9,normal,302.65,10.8,0.5,0,none,0.0
2051-05-07,M09,Pump,0.7,39.68,3.56,23.5,512.4,idle,302.78,13.2,0.5,0,none,0.0
2051-05-08,M09,Pump,2.42,76.65,15.49,149.9,1897.9,peak,302.87,18.0,0.5,0,none,0.0
2051-05-09,M09,Pump,1.87,61.28,11.5,93.8,1236.5,normal,303.18,11.1,0.5,0,none,0.0
2051-05-10,M09,Pump,1.99,50.2,12.44,113.4,1263.2,normal,303.38,15.0,0.5,0,none,0.0
2051-05-11,M09,Pump,0.51,35.23,3.67,23.4,541.9,idle,303.53,14.4,0.5,0,none,0.0
2051-05-12,M09,Pump,1.92,65.29,11.39,96.7,1284.8,normal,303.8,14.7,0.5,0,none,0.0
2051-05-13,M09,Pump,0.56,44.98,3.62,15.5,512.3,idle,303.98,8.4,0.5,0,none,0.0
2051-05-14,M09,Pump,0.61,40.5,3.99,21.0,546.7,idle,304.2,13.7,0.5,0,none,0.0
2051-05-15,M09,Pump,0.54,36.07,3.72,23.6,541.1,idle,304.37,16.1,0.5,0,none,0.0
2051-05-16,M09,Pump,0.59,40.78,3.72,16.4,551.9,idle,304.87,9.0,0.5,0,none,0.0
2051-05-17,M09,Pump,0.61,38.99,3.69,17.4,530.0,idle,305.25,12.6,0.5,0,none,0.0
2051-05-18,M09,Pump,0.62,37.26,3.82,20.2,560.3,idle,305.38,10.0,0.5,0,none,0.0
2051-05-19,M09,Pump,0.67,39.95,3.44,22.4,529.3,idle,305.55,11.5,0.5,0,none,0.0
2051-05-20,M09,Pump,0.62,55.57,3.74,18.7,523.4,idle,305.78,12.7,0.5,0,none,0.0
2051-05-21,M09,Pump,0.7,39.32,3.77,21.3,507.3,idle,306.22,11.3,0.5,0,none,0.0
2051-05-22,M09,Pump,0.65,38.23,3.86,21.1,522.2,idle,306.5,15.9,0.5,0,none,0.0
2051-05-23,M09,Pump,0.57,42.32,3.69,21.7,511.1,idle,306.77,8.3,0.5,0,none,0.0
2051-05-24,M09,Pump,2.09,52.37,12.24,84.0,1248.2,normal,306.9,17.4,0.5,0,none,0.0
2051-05-25,M09,Pump,0.63,37.74,3.92,21.6,560.9,idle,307.07,14.3,0.5,0,none,0.0
2051-05-26,M09,Pump,1.9,45.78,12.15,21.6,1267.2,normal,307.42,13.3,0.5,0,none,0.0
2051-05-27,M09,Pump,0.64,42.01,3.32,21.6,534.5,idle,307.45,10.3,0.5,0,none,0.0
2051-05-28,M09,Pump,0.61,37.98,3.59,22.1,554.4,idle,307.8,10.3,0.5,0,none,0.0
2051-05-29,M09,Pump,1.89,60.9,11.52,121.3,554.4,normal,308.22,14.1,0.5,0,none,0.0
2051-05-30,M09,Pump,0.66,39.77,3.46,19.3,526.7,idle,308.28,14.3,0.5,0,none,0.0
2051-05-31,M09,Pump,0.66,37.12,3.83,15.9,562.1,idle,308.47,16.3,0.5,0,none,0.0
2051-06-01,M09,Pump,0.54,44.8,3.99,19.0,569.1,idle,308.5,12.3,0.5,0,none,0.0
2051-06-02,M09,Pump,0.67,44.8,3.96,15.4,512.7,idle,308.95,10.3,0.5,0,none,0.0
2051-06-03,M09,Pump,0.62,35.81,3.41,24.5,569.6,idle,309.02,13.6,0.5,0,none,0.0
2051-06-04,M09,Pump,0.66,40.15,3.93,16.1,566.0,idle,309.23,17.5,0.5,0,none,0.0
2051-06-05,M09,Pump,0.57,43.61,3.77,24.6,560.5,idle,309.38,16.4,0.5,0,none,0.0
2051-06-06,M09,Pump,0.68,41.32,3.88,22.6,511.3,idle,309.45,13.3,0.5,0,none,0.0
2051-06-07,M09,Pump,0.63,36.48,3.91,15.7,569.1,idle,309.68,11.0,0.5,0,none,0.0
2051-06-08,M09,Pump,0.58,36.71,3.95,15.4,532.9,idle,310.13,11.2,0.5,0,none,0.0
2051-06-09,M09,Pump,0.65,38.17,3.67,22.0,566.6,idle,310.37,17.3,0.5,0,none,0.0
2051-06-10,M09,Pump,0.52,36.57,3.66,19.2,528.8,idle,310.4,12.4,0.5,0,none,0.0
2051-06-11,M09,Pump,0.56,40.61,3.92,16.6,515.1,idle,310.7,14.0,0.5,0,none,0.0
2051-06-12,M09,Pump,0.63,35.56,3.77,18.1,525.0,idle,311.2,15.7,0.5,0,none,0.0
2051-06-13,M09,Pump,1.9,53.04,12.68,127.2,1282.2,normal,311.57,13.2,0.5,0,none,0.0
2051-06-14,M09,Pump,1.99,46.62,12.43,108.4,1207.6,normal,311.73,13.2,0.5,0,none,0.0
2051-06-15,M09,Pump,1.8,49.64,11.34,112.2,1339.3,normal,312.0,14.5,0.5,0,none,0.0
2051-06-16,M09,Pump,0.65,39.77,3.58,18.9,542.1,idle,312.23,8.3,0.5,0,none,0.0
2051-06-17,M09,Pump,2.62,73.39,16.21,149.8,1752.1,peak,312.28,12.6,0.5,0,none,0.0
2051-06-18,M09,Pump,1.71,51.31,12.02,96.4,1203.6,normal,312.55,8.7,0.5,0,none,0.0
2051-06-19,M09,Pump,2.53,71.45,16.9,147.8,1752.2,peak,312.83,15.7,0.5,0,none,0.0
2051-06-20,M09,Pump,0.63,37.32,3.7,16.5,568.9,idle,312.98,11.1,0.5,0,none,0.0
2051-06-21,M09,Pump,2.19,60.09,12.41,100.2,1344.3,normal,313.17,16.1,0.5,0,none,0.0
2051-06-22,M09,Pump,2.65,73.59,15.23,145.2,1835.8,peak,313.63,8.4,0.5,0,none,0.0
2051-06-23,M09,Pump,1.82,73.59,11.76,124.1,1283.8,normal,313.93,17.3,0.5,0,none,0.0
2051-06-24,M09,Pump,2.01,57.8,12.77,81.3,1210.1,normal,314.0,13.7,0.5,0,none,0.0
2051-06-25,M09,Pump,2.05,62.66,11.87,96.3,1241.7,normal,314.43,8.5,0.5,0,none,0.0
2051-06-26,M09,Pump,1.82,65.98,11.59,111.7,1318.1,normal,314.48,8.2,0.5,0,none,0.0
2051-06-27,M09,Pump,1.82,45.78,11.67,114.2,1239.1,normal,314.55,10.9,0.5,0,none,0.0
2051-06-28,M09,Pump,1.7,51.63,11.67,89.4,1250.0,normal,315.0,16.5,0.5,0,none,0.0
2051-06-29,M09,Pump,1.76,61.25,11.51,112.4,1289.8,normal,315.25,10.3,0.5,0,none,0.0
2051-06-30,M09,Pump,0.68,35.88,3.45,23.6,557.5,idle,315.4,13.2,0.5,0,none,0.0
2051-07-01,M09,Pump,1.8,47.48,12.71,87.3,1330.7,normal,315.78,12.1,0.5,0,none,0.0
2051-07-02,M09,Pump,2.98,73.31,16.68,150.6,1868.3,peak,316.18,11.7,0.5,0,none,0.0
2051-07-03,M09,Pump,1.9,46.62,12.43,85.8,1339.0,normal,316.3,17.9,0.5,0,none,0.0
2051-07-04,M09,Pump,0.58,35.82,3.46,23.6,522.5,idle,316.58,8.3,0.5,0,none,0.0
2051-07-05,M09,Pump,0.67,36.72,3.46,23.8,503.4,idle,316.72,11.6,0.5,0,none,0.0
2051-07-06,M09,Pump,0.56,44.1,3.72,22.2,559.0,idle,316.75,15.6,0.5,0,none,0.0
2051-07-07,M09,Pump,1.96,64.44,12.28,113.7,1222.9,normal,316.93,16.0,0.5,0,none,0.0
2051-07-08,M09,Pump,2.17,63.31,11.51,108.2,1256.5,normal,317.27,14.3,0.5,0,none,0.0
2051-07-09,M09,Pump,2.03,67.86,11.09,127.5,1210.9,normal,317.48,11.9,0.5,0,none,0.0
2051-07-10,M09,Pump,2.68,77.23,15.54,154.2,1875.1,peak,317.57,14.1,0.5,0,none,0.0
2051-07-11,M09,Pump,0.56,35.7,3.74,22.5,566.8,idle,317.93,10.4,0.5,0,none,0.0
2051-07-12,M09,Pump,1.78,65.73,11.96,90.3,1344.4,normal,318.2,13.7,0.5,0,none,0.0
2051-07-13,M09,Pump,0.55,42.33,3.85,19.3,548.3,idle,318.38,14.9,0.5,0,none,0.0
2051-07-14,M09,Pump,1.99,49.42,12.52,126.3,1273.3,normal,318.48,13.0,0.5,0,none,0.0
2051-07-15,M09,Pump,2.2,54.84,11.96,113.0,1227.9,normal,318.9,17.2,0.5,0,none,0.0
2051-07-16,M09,Pump,2.2,43.01,3.91,21.1,561.9,idle,319.35,13.6,0.5,0,none,0.0
2051-07-17,M09,Pump,0.64,40.12,3.95,19.4,535.0,idle,319.57,11.8,0.5,0,none,0.0
2051-07-18,M09,Pump,2.5,84.21,15.44,145.0,1765.2,peak,319.77,10.4,0.5,0,none,0.0
2051-07-19,M09,Pump,1.93,51.29,12.48,94.0,1308.1,normal,320.12,12.8,0.5,0,none,0.0
2051-07-20,M09,Pump,1.8,50.29,12.61,97.3,1216.8,normal,320.57,12.5,0.5,0,none,0.0
2051-07-21,M09,Pump,1.8,49.08,11.3,96.6,1214.3,normal,320.63,8.8,0.5,0,none,0.0
2051-07-22,M09,Pump,1.78,64.47,11.34,83.8,1332.0,normal,320.78,10.0,0.5,0,none,0.0
2051-07-23,M09,Pump,0.59,36.57,3.71,15.4,529.9,idle,320.87,12.8,0.5,0,none,0.0
2051-07-24,M09,Pump,2.0,67.01,11.65,117.8,1219.9,normal,321.22,17.4,0.5,0,none,0.0
2051-07-25,M09,Pump,1.92,50.13,11.98,99.7,1347.0,normal,321.47,11.6,0.5,0,none,0.0
2051-07-26,M09,Pump,2.16,58.39,11.35,107.0,1318.8,normal,321.83,16.7,0.5,0,none,0.0
2051-07-27,M09,Pump,1.72,54.98,11.09,90.7,1213.8,normal,322.3,14.1,0.5,0,none,0.0
2051-07-28,M09,Pump,0.69,36.69,3.41,24.7,536.1,idle,322.38,9.2,0.5,0,none,0.0
2051-07-29,M09,Pump,2.08,52.53,12.07,78.4,1261.3,normal,322.48,11.9,0.5,0,none,0.0
2051-07-30,M09,Pump,1.98,56.83,11.81,78.4,1275.2,normal,322.93,14.1,0.5,0,none,0.0
2051-07-31,M09,Pump,2.02,49.25,12.72,96.9,1272.3,normal,323.43,10.6,0.5,0,none,0.0
2051-08-01,M09,Pump,1.88,65.51,12.8,89.7,1312.9,normal,323.62,16.2,0.5,0,none,0.0
2051-08-02,M09,Pump,0.52,35.3,3.89,16.3,510.8,idle,323.93,12.5,0.5,0,none,0.0
2051-08-03,M09,Pump,2.76,82.25,15.38,142.8,1761.6,peak,324.02,14.6,0.5,0,none,0.0
2051-08-04,M09,Pump,1.71,47.68,12.89,83.0,1289.6,normal,324.38,11.6,0.5,0,none,0.0
2051-08-05,M09,Pump,0.68,41.28,12.89,21.0,563.2,idle,324.42,10.3,0.5,0,none,0.0
2051-08-06,M09,Pump,1.86,52.21,11.5,104.3,1235.7,normal,324.82,14.6,0.5,0,none,0.0
2051-08-07,M09,Pump,0.64,41.45,3.58,22.2,506.9,idle,325.1,17.8,0.5,0,none,0.0
2051-08-08,M09,Pump,2.07,58.87,12.26,81.4,1292.7,normal,325.52,12.0,0.5,0,none,0.0
2051-08-09,M09,Pump,1.95,56.17,11.64,78.4,1263.4,normal,325.93,9.5,0.5,0,none,0.0
2051-08-10,M09,Pump,1.9,54.72,12.22,93.6,1240.4,normal,326.13,16.3,0.5,0,none,0.0
2051-08-11,M09,Pump,1.95,58.62,12.13,123.8,1315.4,normal,326.5,8.2,0.5,0,none,0.0
2051-08-12,M09,Pump,1.73,57.96,11.84,96.8,1343.7,normal,326.62,8.5,0.5,0,none,0.0
2051-08-13,M09,Pump,0.59,42.19,3.98,16.5,503.8,idle,326.67,15.8,0.5,0,none,0.0
2051-08-14,M09,Pump,0.59,42.19,3.38,16.5,503.8,idle,327.12,14.7,0.5,0,none,0.0
2051-08-15,M09,Pump,0.64,42.53,3.4,20.9,510.8,idle,327.53,16.2,0.5,0,none,0.0
2051-08-16,M09,Pump,0.58,38.45,3.73,15.8,507.2,idle,327.78,8.7,0.5,0,none,0.0
2051-08-17,M09,Pump,0.62,41.36,3.54,16.5,507.2,idle,328.12,13.6,0.5,0,none,0.0
2051-08-18,M09,Pump,0.51,42.17,3.4,21.4,546.5,idle,328.57,15.7,0.5,0,none,0.0
2051-08-19,M09,Pump,0.66,38.95,3.32,23.1,531.1,idle,328.92,8.8,0.5,0,none,0.0
2051-08-20,M09,Pump,2.12,62.85,12.0,130.0,1269.3,normal,328.98,8.0,0.5,0,none,0.0
2051-08-21,M09,Pump,0.64,41.7,3.66,20.9,555.9,idle,329.37,13.1,0.5,0,none,0.0
2051-08-22,M09,Pump,0.61,39.5,3.76,15.4,507.6,idle,329.73,13.3,0.5,0,none,0.0
2051-08-23,M09,Pump,0.53,39.26,3.91,21.4,568.1,idle,329.92,11.8,0.5,0,none,0.0
2051-08-24,M09,Pump,0.53,42.22,3.52,15.2,557.8,idle,330.25,15.6,0.5,0,none,0.0
2051-08-25,M09,Pump,1.78,49.92,11.68,119.0,1293.7,normal,330.63,17.1,0.5,0,none,0.0
2051-08-26,M09,Pump,0.55,36.68,3.38,119.0,560.8,idle,331.1,12.0,0.5,0,none,0.0
2051-08-27,M09,Pump,0.68,44.68,3.88,23.9,557.1,idle,331.2,17.3,0.5,0,none,0.0
2051-08-28,M09,Pump,0.69,43.46,3.62,18.2,540.9,idle,331.27,14.7,0.5,0,none,0.0
2051-08-29,M09,Pump,0.62,40.75,3.79,22.0,506.1,idle,331.57,14.8,0.5,0,none,0.0
2051-08-30,M09,Pump,1.84,65.47,12.18,95.1,1327.6,normal,331.83,10.5,0.5,0,none,0.0
2051-08-31,M09,Pump,1.82,54.41,11.55,123.3,1309.2,normal,332.08,17.4,0.5,0,none,0.0
2051-09-01,M09,Pump,0.59,44.32,3.95,22.1,562.4,idle,332.28,8.7,0.5,0,none,0.0
2051-09-02,M09,Pump,0.64,41.28,3.59,17.7,504.2,idle,332.38,8.7,0.5,0,none,0.0
2051-09-03,M09,Pump,0.66,36.22,3.59,17.4,531.8,idle,332.68,16.8,0.5,0,none,0.0
2051-09-04,M09,Pump,0.56,43.3,3.98,24.4,543.6,idle,332.72,15.5,0.5,0,none,0.0
2051-09-05,M09,Pump,0.7,39.01,3.67,17.6,562.9,idle,333.02,12.0,0.5,0,none,0.0
2051-09-06,M09,Pump,0.54,41.1,3.67,20.9,505.5,idle,333.2,11.8,0.5,0,none,0.0
2051-09-07,M09,Pump,0.62,42.67,3.43,22.4,561.5,idle,333.57,17.7,0.5,0,none,0.0
2051-09-08,M09,Pump,0.7,39.1,3.32,19.2,546.2,idle,333.72,9.6,0.5,0,none,0.0
2051-09-09,M09,Pump,0.68,44.38,3.94,21.6,547.8,idle,333.97,9.2,0.5,0,none,0.0
2051-09-10,M09,Pump,0.5,38.64,3.93,21.9,532.8,idle,334.33,10.4,0.5,0,none,0.0
2051-09-11,M09,Pump,0.52,37.46,3.69,24.0,506.7,idle,334.63,17.1,0.5,0,none,0.0
2051-09-12,M09,Pump,0.53,41.55,3.51,16.7,512.5,idle,334.98,12.1,0.5,0,none,0.0
2051-09-13,M09,Pump,0.6,40.84,3.93,20.3,548.4,idle,335.25,8.1,0.5,0,none,0.0
2051-09-14,M09,Pump,1.79,61.41,12.3,89.2,1300.4,normal,335.4,15.8,0.5,0,none,0.0
2051-09-15,M09,Pump,1.81,58.65,12.34,114.0,1336.4,normal,335.78,13.7,0.5,0,none,0.0
2051-09-16,M09,Pump,0.69,43.1,3.92,15.2,525.4,idle,335.93,17.8,0.5,0,none,0.0
2051-09-17,M09,Pump,0.51,37.25,3.57,23.7,535.8,idle,336.03,13.3,0.5,0,none,0.0
2051-09-18,M09,Pump,0.63,38.63,3.72,23.2,521.1,idle,336.53,16.1,0.5,0,none,0.0
2051-09-19,M09,Pump,2.17,49.91,12.84,79.5,1281.4,normal,336.98,9.0,0.5,0,none,0.0
2051-09-20,M09,Pump,0.7,41.1,3.69,21.8,520.2,idle,337.22,10.4,0.5,0,none,0.0
2051-09-21,M09,Pump,1.73,50.77,11.35,126.0,1327.8,normal,337.55,16.5,0.5,0,none,0.0
2051-09-22,M09,Pump,1.86,64.23,11.42,88.4,1315.1,normal,337.88,16.6,0.5,0,none,0.0
2051-09-23,M09,Pump,1.86,46.49,12.44,129.5,1284.9,normal,338.0,17.1,0.5,0,none,0.0
2051-09-24,M09,Pump,0.55,38.73,3.75,22.0,562.0,idle,338.25,10.6,0.5,0,none,0.0
2051-09-25,M09,Pump,2.15,64.81,12.3,101.4,1301.9,normal,338.63,15.6,0.5,0,none,0.0
2051-09-26,M09,Pump,0.63,37.18,3.66,17.1,562.9,idle,338.78,15.5,0.5,0,none,0.0
2051-09-27,M09,Pump,0.56,43.05,3.56,22.6,515.5,idle,339.03,15.3,0.5,0,none,0.0
2051-09-28,M09,Pump,2.08,49.13,11.98,83.9,1279.2,normal,339.28,16.7,0.5,0,none,0.0
2051-09-29,M09,Pump,2.11,62.38,11.1,103.6,1327.8,normal,339.78,11.1,0.5,0,none,0.0
2051-09-30,M09,Pump,2.03,46.36,11.65,106.9,1225.9,normal,339.93,12.3,0.5,0,none,0.0
2051-10-01,M09,Pump,2.04,59.6,11.4,106.6,1321.8,normal,339.97,13.2,0.5,0,none,0.0
2051-10-02,M09,Pump,1.89,50.68,12.4,81.7,1324.9,normal,340.17,12.8,0.5,0,none,0.0
2051-10-03,M09,Pump,2.17,50.68,11.87,110.4,1328.6,normal,340.63,15.0,0.5,0,none,0.0
2051-10-04,M09,Pump,0.54,35.28,3.57,23.8,535.4,idle,340.98,15.8,0.5,0,none,0.0
2051-10-05,M09,Pump,0.61,41.91,3.7,23.8,539.3,idle,341.03,17.1,0.5,0,none,0.0
2051-10-06,M09,Pump,0.63,41.42,3.81,20.2,563.0,idle,341.43,15.8,0.5,0,none,0.0
2051-10-07,M09,Pump,1.93,56.92,3.81,121.3,1297.2,normal,341.73,14.1,0.5,0,none,0.0
2051-10-08,M09,Pump,2.48,74.98,15.04,147.4,1835.5,peak,341.85,13.8,0.5,0,none,0.0
2051-10-09,M09,Pump,2.1,58.47,11.08,91.5,1286.7,normal,342.25,15.1,0.5,0,none,0.0
2051-10-10,M09,Pump,2.83,83.0,16.94,162.3,1820.1,peak,342.42,17.5,0.5,0,none,0.0
2051-10-11,M09,Pump,2.07,50.53,11.13,80.9,1236.2,normal,342.68,12.1,0.5,0,none,0.0
2051-10-12,M09,Pump,0.51,43.5,3.64,23.1,565.8,idle,343.18,12.0,0.5,0,none,0.0
2051-10-13,M09,Pump,2.2,66.55,12.43,101.0,1289.7,normal,343.6,9.5,0.5,0,none,0.0
2051-10-14,M09,Pump,2.11,65.64,12.91,116.0,1281.0,normal,343.8,8.7,0.5,0,none,0.0
2051-10-15,M09,Pump,2.18,67.05,11.96,111.7,1321.4,normal,344.25,14.2,0.5,0,none,0.0
2051-10-16,M09,Pump,0.59,43.29,3.38,19.8,533.8,idle,344.47,13.9,0.5,0,none,0.0
2051-10-17,M09,Pump,2.04,47.68,11.21,124.8,1245.6,normal,344.75,10.3,0.5,0,none,0.0
2051-10-18,M09,Pump,2.6,81.65,15.83,160.8,1810.2,peak,345.02,16.0,0.5,0,none,0.0
2051-10-19,M09,Pump,2.08,57.08,12.87,95.0,1254.4,normal,345.15,11.6,0.5,0,none,0.0
2051-10-20,M09,Pump,0.69,42.38,3.84,18.0,537.2,idle,345.43,11.2,0.5,0,none,0.0
2051-10-21,M09,Pump,1.86,50.98,12.07,129.4,1232.2,normal,345.65,17.6,0.5,0,none,0.0
2051-10-22,M09,Pump,1.82,50.59,12.58,104.5,1257.7,normal,346.12,15.2,0.5,0,none,0.0
2051-10-23,M09,Pump,0.67,37.97,3.57,15.7,508.3,idle,346.28,8.7,0.5,0,none,0.0
2051-10-24,M09,Pump,0.53,38.47,3.67,15.0,513.3,idle,346.57,17.9,0.5,0,none,0.0
2051-10-25,M09,Pump,1.79,50.83,11.33,88.2,1347.6,normal,346.83,15.1,0.5,0,none,0.0
2051-10-26,M09,Pump,2.0,62.54,12.64,112.7,1305.6,normal,347.08,11.6,0.5,0,none,0.0
2051-10-27,M09,Pump,2.02,59.94,12.86,87.7,1241.2,normal,347.45,12.3,0.5,0,none,0.0
2051-10-28,M09,Pump,1.75,64.26,11.9,125.2,1261.8,normal,347.53,17.5,0.5,0,none,0.0
2051-10-29,M09,Pump,0.59,39.48,3.73,22.7,524.6,idle,347.72,9.6,0.5,0,none,0.0
2051-10-30,M09,Pump,0.59,49.69,12.11,106.4,1333.3,normal,347.85,8.1,0.5,0,none,0.0
2051-10-31,M09,Pump,2.15,56.21,11.05,121.9,1200.1,normal,347.9,17.6,0.5,0,none,0.0
2051-11-01,M09,Pump,0.6,35.2,3.55,21.4,526.0,idle,347.95,13.1,0.5,0,none,0.0
2051-11-02,M09,Pump,2.16,59.74,12.29,97.5,1205.8,normal,348.05,9.7,0.5,0,none,0.0
2051-11-03,M09,Pump,2.84,80.74,16.06,150.4,1830.8,peak,348.22,13.6,0.5,0,none,0.0
2051-11-04,M09,Pump,2.07,61.39,12.32,125.0,1291.5,normal,348.52,17.6,0.5,0,none,0.0
2051-11-05,M09,Pump,0.5,61.39,12.32,125.0,529.9,idle,348.98,16.0,0.5,0,none,0.0
2051-11-06,M09,Pump,0.63,42.05,3.93,23.4,508.2,idle,349.03,14.8,0.5,0,none,0.0
2051-11-07,M09,Pump,0.63,58.72,11.61,87.6,1229.9,normal,349.33,8.8,0.5,0,none,0.0
2051-11-08,M09,Pump,1.79,63.54,11.3,91.8,1232.7,normal,349.7,15.2,0.5,0,none,0.0
2051-11-09,M09,Pump,0.64,36.58,3.32,18.7,521.4,idle,349.92,10.9,0.5,0,none,0.0
2051-11-10,M09,Pump,1.9,62.34,11.02,80.0,1238.3,normal,350.13,8.0,0.5,0,none,0.0
2051-11-11,M09,Pump,2.14,48.89,12.99,119.9,1268.4,normal,350.23,14.2,0.5,0,none,0.0
2051-11-12,M09,Pump,2.07,56.93,12.13,108.2,1297.3,normal,350.72,10.9,0.5,0,none,0.0
2051-11-13,M09,Pump,1.73,59.18,12.43,94.2,1346.8,normal,351.03,16.3,0.5,0,none,0.0
2051-11-14,M09,Pump,1.77,65.94,12.35,112.5,1331.4,normal,351.1,15.2,0.5,0,none,0.0
2051-11-15,M09,Pump,0.67,38.45,3.79,15.5,532.5,idle,351.38,12.3,0.5,0,none,0.0
2051-11-16,M09,Pump,0.69,37.74,3.33,20.8,524.9,idle,351.88,12.0,0.5,0,none,0.0
2051-11-17,M09,Pump,0.58,40.82,3.74,19.4,535.5,idle,351.95,15.3,0.5,0,none,0.0
2051-11-18,M09,Pump,0.7,44.57,3.8,16.6,525.2,idle,352.15,8.9,0.5,0,none,0.0
2051-11-19,M09,Pump,0.68,39.24,3.97,19.9,560.3,idle,352.55,17.6,0.5,0,none,0.0
2051-11-20,M09,Pump,0.51,39.34,3.79,23.6,542.7,idle,353.05,13.1,0.5,0,none,0.0
2051-11-21,M09,Pump,0.53,43.86,3.7,16.1,532.5,idle,353.4,13.4,0.5,0,none,0.0
2051-11-22,M09,Pump,0.64,39.51,3.91,19.2,540.8,idle,353.57,9.3,0.5,0,none,0.0
2051-11-23,M09,Pump,0.54,40.13,3.46,19.2,519.6,idle,354.07,14.9,0.5,0,none,0.0
2051-11-24,M09,Pump,0.51,36.63,3.6,16.3,509.3,idle,354.1,8.1,0.5,0,none,0.0
2051-11-25,M09,Pump,0.69,39.27,3.58,16.3,535.9,idle,354.37,10.4,0.5,0,none,0.0
2051-11-26,M09,Pump,0.62,39.18,3.58,22.0,566.5,idle,354.42,14.5,0.5,0,none,0.0
2051-11-27,M09,Pump,0.68,36.19,3.76,15.1,544.3,idle,354.57,17.0,0.5,0,none,0.0
2051-11-28,M09,Pump,0.59,39.91,3.71,22.4,551.1,idle,354.95,9.4,0.5,0,none,0.0
2051-11-29,M09,Pump,0.59,42.36,3.88,15.7,522.6,idle,355.42,10.0,0.5,0,none,0.0
2051-11-30,M09,Pump,0.66,39.93,3.79,20.0,568.5,idle,355.68,10.0,0.5,0,none,0.0
2051-12-01,M09,Pump,2.17,39.93,3.79,100.4,1215.6,normal,355.77,15.7,0.5,0,none,0.0
2051-12-02,M09,Pump,0.58,42.75,3.89,23.9,501.0,idle,355.87,13.6,0.5,0,none,0.0
2051-12-03,M09,Pump,0.66,40.03,3.44,20.0,559.1,idle,356.35,16.7,0.5,0,none,0.0
2051-12-04,M09,Pump,0.59,44.9,3.73,20.0,520.6,idle,356.75,9.2,0.5,0,none,0.0
2051-12-05,M09,Pump,1.71,59.04,12.15,104.9,1280.7,normal,357.22,12.3,0.5,0,none,0.0
2051-12-06,M09,Pump,0.67,38.17,3.69,21.8,514.7,idle,357.45,12.7,0.5,0,none,0.0
2051-12-07,M09,Pump,0.68,42.37,3.34,23.6,565.1,idle,357.83,10.5,0.5,0,none,0.0
2051-12-08,M09,Pump,0.66,39.26,4.0,16.2,537.6,idle,358.32,11.7,0.5,0,none,0.0
2051-12-09,M09,Pump,0.53,39.39,3.95,22.9,554.8,idle,358.48,8.2,0.5,0,none,0.0
2051-12-10,M09,Pump,0.57,44.34,3.56,15.4,544.6,idle,358.57,10.6,0.5,0,none,0.0
2051-12-11,M09,Pump,0.57,36.54,3.95,21.4,565.8,idle,358.83,14.9,0.5,0,none,0.0
2051-12-12,M09,Pump,0.62,35.64,3.32,24.0,502.7,idle,359.02,15.3,0.5,0,none,0.0
2051-12-13,M09,Pump,2.01,51.85,12.38,92.8,1205.6,normal,359.33,11.3,0.5,0,none,0.0
2051-12-14,M09,Pump,2.01,52.15,12.1,118.2,1305.4,normal,359.7,12.1,0.5,0,none,0.0
2051-12-15,M09,Pump,1.87,62.2,12.85,109.7,1305.5,normal,359.8,12.1,0.5,0,none,0.0
2051-12-16,M09,Pump,2.13,64.4,11.7,129.6,1204.3,normal,360.2,8.0,0.5,0,none,0.0
2051-12-17,M09,Pump,2.19,50.66,11.88,124.0,1236.7,normal,360.3,9.2,0.5,0,none,0.0
2051-12-18,M09,Pump,1.81,50.66,12.41,78.4,1267.6,normal,360.33,8.2,0.5,0,none,0.0
2051-12-19,M09,Pump,2.69,74.08,16.09,143.9,1798.5,peak,360.68,12.1,0.5,0,none,0.0
2051-12-20,M09,Pump,2.83,83.11,16.09,141.9,1851.8,peak,361.02,12.2,0.5,0,none,0.0
2051-12-21,M09,Pump,0.68,40.04,16.09,24.9,544.5,idle,361.43,10.0,0.5,0,none,0.0
2051-12-22,M09,Pump,0.68,41.46,3.45,17.8,544.5,idle,361.63,15.1,0.5,0,none,0.0
2051-12-23,M09,Pump,1.93,54.3,11.04,124.0,1332.7,normal,361.85,10.4,0.5,0,none,0.0
2051-12-24,M09,Pump,1.93,61.12,11.36,104.2,1265.8,normal,361.97,15.9,0.5,0,none,0.0
2051-12-25,M09,Pump,2.79,77.04,16.0,147.4,1757.3,peak,362.28,11.2,0.5,0,none,0.0
2051-12-26,M09,Pump,2.16,45.28,11.56,101.3,1247.9,normal,362.75,17.8,0.5,0,none,0.0
2051-12-27,M09,Pump,1.98,55.62,11.51,82.6,1220.6,normal,363.12,11.0,0.5,0,none,0.0
2051-12-28,M09,Pump,2.69,55.62,15.2,156.9,1868.8,peak,363.33,15.4,0.5,0,none,0.0
2051-12-29,M09,Pump,0.56,41.68,3.78,22.1,562.4,idle,363.73,11.1,0.5,0,none,0.0
2051-12-30,M09,Pump,1.9,50.6,12.09,22.1,1250.1,normal,363.97,11.4,0.5,0,none,0.0
2051-12-31,M09,Pump,0.68,40.32,3.61,17.7,517.5,idle,364.45,14.0,0.5,0,none,0.0
2052-01-01,M09,Pump,0.55,40.32,3.99,20.4,505.6,idle,364.5,8.9,0.5,0,none,0.0
2052-01-02,M09,Pump,0.65,43.77,3.95,21.3,535.5,idle,364.7,16.2,0.5,0,none,0.0
2052-01-03,M09,Pump,2.01,45.3,12.31,114.9,1308.3,normal,364.9,12.4,0.5,0,none,0.0
2052-01-04,M09,Pump,1.98,61.1,12.28,84.0,1334.8,normal,365.02,15.0,0.5,0,none,0.0
2052-01-05,M09,Pump,2.01,61.74,11.69,125.8,1275.4,normal,365.33,12.0,0.5,0,none,0.0
2052-01-06,M09,Pump,2.04,66.9,12.83,111.5,1224.9,normal,365.48,12.5,0.5,0,none,0.0
2052-01-07,M09,Pump,2.18,67.64,11.21,101.4,1282.2,normal,365.8,17.7,0.5,0,none,0.0
2052-01-08,M09,Pump,2.18,49.36,12.08,128.1,1204.2,normal,365.83,17.6,0.5,0,none,0.0
2052-01-09,M09,Pump,2.95,83.48,16.71,149.4,1823.6,peak,366.28,16.9,0.5,0,none,0.0
2052-01-10,M09,Pump,1.9,66.79,12.04,82.2,1241.1,normal,366.58,15.6,0.5,0,none,0.0
2052-01-11,M09,Pump,1.93,66.93,12.14,114.2,1213.3,normal,366.87,13.4,0.5,0,none,0.0
2052-01-12,M09,Pump,0.68,40.39,3.94,19.4,547.8,idle,366.93,16.5,0.5,0,none,0.0
2052-01-13,M09,Pump,0.59,36.43,3.49,15.7,530.8,idle,367.12,9.3,0.5,0,none,0.0
2052-01-14,M09,Pump,2.79,73.66,15.98,151.5,1830.0,peak,367.47,10.2,0.5,0,none,0.0
2052-01-15,M09,Pump,1.79,57.28,11.73,92.9,1287.9,normal,367.87,14.9,0.5,0,none,0.0
2052-01-16,M09,Pump,0.53,44.01,3.95,21.6,521.2,idle,368.05,11.6,0.5,0,none,0.0
2052-01-17,M09,Pump,2.01,58.84,11.78,92.9,1225.3,normal,368.55,11.3,0.5,0,none,0.0
2052-01-18,M09,Pump,1.81,60.02,12.77,98.0,1218.3,normal,369.0,12.1,0.5,0,none,0.0
2052-01-19,M09,Pump,1.71,54.34,11.47,94.8,1236.2,normal,369.2,14.0,0.5,0,none,0.0
2052-01-20,M09,Pump,2.03,59.69,12.82,114.4,1224.7,normal,369.68,14.8,0.5,0,none,0.0
2052-01-21,M09,Pump,2.08,49.17,12.12,82.0,1207.1,normal,370.13,13.9,0.5,0,none,0.0
2052-01-22,M09,Pump,1.93,47.41,11.61,95.6,1315.4,normal,370.45,15.1,0.5,0,none,0.0
2052-01-23,M09,Pump,1.87,56.37,12.55,88.7,1320.7,normal,370.88,12.1,0.5,0,none,0.0
2052-01-24,M09,Pump,2.12,67.74,11.89,97.3,1305.3,normal,370.98,10.5,0.5,0,none,0.0
2052-01-25,M09,Pump,0.51,35.4,3.53,22.3,508.1,idle,371.42,9.0,0.5,0,none,0.0
2052-01-26,M09,Pump,5.21,51.2,12.3,101.8,1217.3,normal,371.65,13.7,0.5,0,none,0.0
2052-01-27,M09,Pump,0.55,37.2,3.42,19.7,566.8,idle,372.15,17.7,0.5,0,none,0.0
2052-01-28,M09,Pump,0.55,64.23,12.96,106.1,1235.7,normal,372.48,17.5,0.5,0,none,0.0
2052-01-29,M09,Pump,0.69,41.99,3.97,21.5,554.3,idle,372.93,16.8,0.5,0,none,0.0
2052-01-30,M09,Pump,2.93,81.39,16.13,151.8,1873.5,peak,373.32,9.7,0.5,0,none,0.0
2052-01-31,M09,Pump,0.65,38.66,3.65,21.4,502.0,idle,373.4,10.0,0.5,0,none,0.0
2052-02-01,M09,Pump,1.82,50.75,12.77,95.2,1281.8,normal,373.8,15.8,0.5,0,none,0.0
2052-02-02,M09,Pump,2.12,50.97,11.25,127.3,1305.7,normal,373.85,13.1,0.5,0,none,0.0
2052-02-03,M09,Pump,1.79,63.85,12.57,121.5,1241.4,normal,374.02,14.8,0.5,0,none,0.0
2052-02-04,M09,Pump,1.79,60.95,11.78,81.6,1220.5,normal,374.08,13.1,0.5,0,none,0.0
2052-02-05,M09,Pump,0.62,38.75,3.3,22.7,529.2,idle,374.42,13.9,0.5,0,none,0.0
2052-02-06,M09,Pump,1.86,61.41,11.91,114.1,1202.0,normal,374.83,14.9,0.5,0,none,0.0
2052-02-07,M09,Pump,1.7,57.88,12.96,92.2,1302.4,normal,375.12,17.0,0.5,0,none,0.0
2052-02-08,M09,Pump,0.53,38.12,3.35,23.8,521.7,idle,375.53,10.5,0.5,0,none,0.0
2052-02-09,M09,Pump,0.53,42.31,3.44,17.4,507.2,idle,376.0,15.6,0.5,0,none,0.0
2052-02-10,M09,Pump,0.69,37.48,4.0,16.8,501.4,idle,376.28,16.6,0.5,0,none,0.0
2052-02-11,M09,Pump,0.68,40.8,3.55,20.1,518.2,idle,376.63,9.1,0.5,0,none,0.0
2052-02-12,M09,Pump,0.63,41.16,3.36,24.1,532.2,idle,376.83,17.4,0.5,0,none,0.0
2052-02-13,M09,Pump,1.8,52.07,12.73,97.9,1284.3,normal,377.28,10.2,0.5,0,none,0.0
2052-02-14,M09,Pump,0.69,41.52,3.77,17.5,546.8,idle,377.58,15.5,0.5,0,none,0.0
2052-02-15,M09,Pump,0.58,44.11,3.39,17.9,504.6,idle,378.08,11.5,0.5,0,none,0.0
2052-02-16,M09,Pump,0.58,36.48,3.89,24.2,546.9,idle,378.55,11.7,0.5,0,none,0.0
2052-02-17,M09,Pump,1.75,52.86,12.93,85.1,1283.5,normal,378.92,13.6,0.5,0,none,0.0
2052-02-18,M09,Pump,0.57,44.99,3.5,15.5,549.1,idle,379.27,13.1,0.5,0,none,0.0
2052-02-19,M09,Pump,0.57,41.58,3.37,20.2,526.3,idle,379.35,15.7,0.5,0,none,0.0
2052-02-20,M09,Pump,0.61,43.53,3.98,20.2,553.7,idle,379.78,13.8,0.5,0,none,0.0
2052-02-21,M09,Pump,0.61,35.97,3.77,16.5,517.2,idle,380.02,8.5,0.5,0,none,0.0
2052-02-22,M09,Pump,0.64,41.57,3.52,22.7,565.8,idle,380.52,14.5,0.5,0,none,0.0
2052-02-23,M09,Pump,0.61,41.78,3.49,24.7,519.2,idle,380.8,13.9,0.5,0,none,0.0
2052-02-24,M09,Pump,0.68,44.28,3.8,23.1,532.0,idle,381.15,14.1,0.5,0,none,0.0
2052-02-25,M09,Pump,2.16,62.08,11.65,79.8,1281.1,normal,381.6,14.5,0.5,0,none,0.0
2052-02-26,M09,Pump,0.67,43.61,3.88,17.1,529.8,idle,381.78,11.1,0.5,0,none,0.0
2052-02-27,M09,Pump,2.01,60.35,11.67,114.0,1288.6,normal,382.17,14.6,0.5,0,none,0.0
2052-02-28,M09,Pump,0.61,41.63,3.72,16.7,561.2,idle,382.65,10.8,0.5,0,none,0.0
2052-02-29,M09,Pump,1.82,62.12,11.35,16.7,1334.3,normal,383.13,12.5,0.5,0,none,0.0
2052-03-01,M09,Pump,2.41,84.7,15.06,140.3,1878.6,peak,383.47,9.7,0.5,0,none,0.0
2052-03-02,M09,Pump,2.05,47.43,12.87,112.9,1216.7,normal,383.72,14.4,0.5,0,none,0.0
2052-03-03,M09,Pump,2.13,56.06,11.56,120.9,1310.8,normal,383.92,10.3,0.5,0,none,0.0
2052-03-04,M09,Pump,2.01,65.67,12.72,89.8,1331.8,normal,384.35,11.5,0.5,0,none,0.0
2052-03-05,M09,Pump,1.89,54.93,12.94,117.5,1248.2,normal,384.68,11.9,0.5,0,none,0.0
2052-03-06,M09,Pump,0.63,40.39,3.38,23.9,557.5,idle,385.13,10.5,0.5,0,none,0.0
2052-03-07,M09,Pump,0.63,40.59,3.45,23.8,524.7,idle,385.47,13.2,0.5,0,none,0.0
2052-03-08,M09,Pump,1.71,67.58,12.72,110.4,1201.9,normal,385.82,17.5,0.5,0,none,0.0
2052-03-09,M09,Pump,0.55,39.52,3.74,22.1,555.2,idle,386.18,13.7,0.5,0,none,0.0
2052-03-10,M09,Pump,1.98,60.09,12.62,115.4,1343.2,normal,386.23,14.1,0.5,0,none,0.0
2052-03-11,M09,Pump,2.14,48.9,12.89,88.6,1348.7,normal,386.68,12.3,0.5,0,none,0.0
2052-03-12,M09,Pump,0.64,41.28,3.53,16.3,508.8,idle,386.98,12.5,0.5,0,none,0.0
2052-03-13,M09,Pump,2.13,54.95,12.12,126.5,1238.3,normal,387.42,14.7,0.5,0,none,0.0
2052-03-14,M09,Pump,2.08,55.82,11.43,122.3,1302.0,normal,387.62,17.9,0.5,0,none,0.0
2052-03-15,M09,Pump,1.75,57.46,12.7,122.3,1262.4,normal,387.93,12.8,0.5,0,none,0.0
2052-03-16,M09,Pump,2.88,82.88,16.55,147.6,1826.0,peak,388.12,10.2,0.5,0,none,0.0
2052-03-17,M09,Pump,0.65,36.53,3.72,147.6,559.5,idle,388.3,12.9,0.5,0,none,0.0
2052-03-18,M09,Pump,1.76,52.58,12.08,114.5,1309.5,normal,388.7,18.0,0.5,0,none,0.0
2052-03-19,M09,Pump,0.55,35.14,3.79,24.1,555.8,idle,389.07,16.1,0.5,0,none,0.0
2052-03-20,M09,Pump,2.01,67.48,11.87,105.3,1201.8,normal,389.53,17.6,0.5,0,none,0.0
2052-03-21,M09,Pump,0.69,40.83,3.57,15.4,525.4,idle,389.62,14.9,0.5,0,none,0.0
2052-03-22,M09,Pump,1.7,52.46,12.9,86.0,1281.8,normal,390.1,14.6,0.5,0,none,0.0
2052-03-23,M09,Pump,1.79,63.02,12.12,86.0,1329.9,normal,390.47,12.9,0.5,0,none,0.0
2052-03-24,M09,Pump,2.09,66.88,11.0,101.8,1350.0,normal,390.78,13.8,0.5,0,none,0.0
2052-03-25,M09,Pump,2.11,64.12,12.24,115.1,1320.8,normal,390.88,15.2,0.5,0,none,0.0
2052-03-26,M09,Pump,1.75,60.93,12.63,80.1,1244.6,normal,391.18,8.1,0.5,0,none,0.0
2052-03-27,M09,Pump,1.86,64.66,12.56,112.1,1320.7,normal,391.68,13.8,0.5,0,none,0.0
2052-03-28,M09,Pump,1.93,65.12,11.47,114.6,1236.3,normal,392.03,17.5,0.5,0,none,0.0
2052-03-29,M09,Pump,0.51,37.84,3.65,23.4,535.6,idle,392.23,8.4,0.5,0,none,0.0
2052-03-30,M09,Pump,1.79,67.83,11.54,129.2,1340.5,normal,392.35,15.6,0.5,0,none,0.0
2052-03-31,M09,Pump,2.73,71.38,16.39,161.1,1816.8,peak,392.45,14.8,0.5,0,none,0.0
2052-04-01,M09,Pump,1.82,63.46,12.09,88.3,1342.4,normal,392.68,9.6,0.5,0,none,0.0
2052-04-02,M09,Pump,2.17,53.44,11.13,110.8,1247.6,normal,392.83,14.7,0.5,0,none,0.0
2052-04-03,M09,Pump,0.51,43.92,4.0,18.5,552.1,idle,393.03,10.8,0.5,0,none,0.0
2052-04-04,M09,Pump,1.73,53.5,11.22,80.9,1288.3,normal,393.3,13.9,0.5,0,none,0.0
2052-04-05,M09,Pump,2.1,55.42,12.05,92.1,1310.5,normal,393.35,17.7,0.5,0,none,0.0
2052-04-06,M09,Pump,1.88,46.55,11.33,84.7,1265.4,normal,393.5,12.9,0.5,0,none,0.0
2052-04-07,M09,Pump,1.73,63.55,12.82,90.9,1272.8,normal,393.68,14.1,0.5,0,none,0.0
2052-04-08,M09,Pump,1.96,67.66,11.13,112.7,1251.9,normal,394.18,10.4,0.5,0,none,0.0
2052-04-09,M09,Pump,1.95,49.99,11.32,90.7,1210.7,normal,394.4,11.4,0.5,0,none,0.0
2052-04-10,M09,Pump,2.57,80.36,16.3,153.9,1750.1,peak,394.67,8.4,0.5,0,none,0.0
2052-04-11,M09,Pump,1.76,64.39,11.54,125.4,1331.2,normal,394.77,12.1,0.5,0,none,0.0
2052-04-12,M09,Pump,1.78,64.39,12.26,110.8,1327.9,normal,395.05,9.9,0.5,0,none,0.0
2052-04-13,M09,Pump,1.9,61.91,12.34,118.1,1299.0,normal,395.23,17.3,0.5,0,none,0.0
2052-04-14,M09,Pump,1.74,51.73,12.88,89.6,1270.8,normal,395.45,16.0,0.5,0,none,0.0
2052-04-15,M09,Pump,1.88,46.98,11.36,92.9,1269.5,normal,395.9,15.7,0.5,0,none,0.0
2052-04-16,M09,Pump,2.14,56.86,12.3,100.2,1330.5,normal,395.98,10.5,0.5,0,none,0.0
2052-04-17,M09,Pump,2.03,47.08,11.96,121.0,1330.5,normal,396.37,17.6,0.5,0,none,0.0
2052-04-18,M09,Pump,2.15,50.24,12.95,92.8,1207.5,normal,396.47,15.3,0.5,0,none,0.0
2052-04-19,M09,Pump,1.95,47.54,12.36,124.8,1338.2,normal,396.92,12.2,0.5,0,none,0.0
2052-04-20,M09,Pump,2.0,57.31,12.99,108.1,1339.1,normal,396.95,12.1,0.5,0,none,0.0
2052-04-21,M09,Pump,2.16,51.66,11.03,100.8,1329.2,normal,397.45,16.7,0.5,0,none,0.0
2052-04-22,M09,Pump,2.12,58.88,11.31,83.6,1343.2,normal,397.77,14.6,0.5,0,none,0.0
2052-04-23,M09,Pump,1.91,59.91,12.81,123.2,1285.0,normal,398.13,11.9,0.5,0,none,0.0
2052-04-24,M09,Pump,1.94,61.91,12.81,123.2,1203.5,normal,398.32,14.9,0.5,0,none,0.0
2052-04-25,M09,Pump,0.66,44.98,3.97,123.2,537.2,idle,398.47,17.4,0.5,0,none,0.0
2052-04-26,M09,Pump,1.82,51.97,11.91,116.8,1202.7,normal,398.68,16.1,0.5,0,none,0.0
2052-04-27,M09,Pump,1.82,57.8,11.43,82.1,1280.9,normal,398.88,8.5,0.5,0,none,0.0
2052-04-28,M09,Pump,2.02,59.74,11.71,90.3,1233.1,normal,399.13,11.3,0.5,0,none,0.0
2052-04-29,M09,Pump,1.72,49.25,12.64,78.2,1206.6,normal,399.17,12.9,0.5,0,none,0.0
2052-04-30,M09,Pump,0.53,39.2,3.53,16.8,507.8,idle,399.48,14.7,0.5,0,none,0.0
2052-05-01,M09,Pump,0.69,44.11,3.84,17.5,522.7,idle,399.93,14.5,0.5,0,none,0.0
2052-05-02,M09,Pump,0.63,37.92,3.67,21.5,536.3,idle,400.22,17.9,0.5,0,none,0.0
2052-05-03,M09,Pump,0.58,38.48,3.67,22.4,548.7,idle,400.55,8.6,0.5,0,none,0.0
2052-05-04,M09,Pump,0.57,42.76,3.97,21.9,528.5,idle,400.93,8.4,0.5,0,none,0.0
2052-05-05,M09,Pump,0.66,41.09,3.91,22.1,553.9,idle,401.23,15.4,0.5,0,none,0.0
2052-05-06,M09,Pump,0.63,35.92,3.64,15.6,531.3,idle,401.38,11.8,0.5,0,none,0.0
2052-05-07,M09,Pump,2.06,54.69,11.0,97.2,1210.2,normal,401.77,16.4,0.5,0,none,0.0
2052-05-08,M09,Pump,2.09,63.03,12.61,79.6,1204.8,normal,402.02,13.6,0.5,0,none,0.0
2052-05-09,M09,Pump,2.15,47.84,12.34,119.4,1267.2,normal,402.13,9.8,0.5,0,none,0.0
2052-05-10,M09,Pump,0.61,47.84,3.95,119.4,1267.2,idle,402.18,11.7,0.5,0,none,0.0
2052-05-11,M09,Pump,1.4,36.91,3.78,20.1,510.4,idle,402.38,12.0,0.5,0,none,0.0
2052-05-12,M09,Pump,0.51,36.37,3.4,18.1,558.3,idle,402.65,8.4,0.5,0,none,0.0
2052-05-13,M09,Pump,1.73,47.95,11.61,106.8,1314.4,normal,403.02,12.6,0.5,0,none,0.0
2052-05-14,M09,Pump,0.68,39.12,3.37,17.1,520.1,idle,403.43,11.4,0.5,0,none,0.0
2052-05-15,M09,Pump,0.66,41.87,3.45,23.4,560.1,idle,403.52,8.6,0.5,0,none,0.0
2052-05-16,M09,Pump,0.68,37.75,3.39,16.0,528.0,idle,403.85,10.5,0.5,0,none,0.0
2052-05-17,M09,Pump,0.59,43.68,3.49,21.3,555.2,idle,404.2,12.4,0.5,0,none,0.0
2052-05-18,M09,Pump,1.83,51.14,12.34,115.8,1344.0,normal,404.48,17.1,0.5,0,none,0.0
2052-05-19,M09,Pump,1.83,43.22,3.78,16.2,556.6,idle,404.72,8.7,0.5,0,none,0.0
2052-05-20,M09,Pump,0.69,38.91,3.52,20.2,567.0,idle,405.08,10.4,0.5,0,none,0.0
2052-05-21,M09,Pump,0.51,42.09,3.87,22.9,539.7,idle,405.47,13.9,0.5,0,none,0.0
2052-05-22,M09,Pump,2.16,48.09,11.49,94.0,1201.3,normal,405.83,8.7,0.5,0,none,0.0
2052-05-23,M09,Pump,0.57,36.61,3.81,19.1,549.3,idle,406.18,17.2,0.5,0,none,0.0
2052-05-24,M09,Pump,0.56,36.32,3.39,17.0,508.1,idle,406.63,9.5,0.5,0,none,0.0
2052-05-25,M09,Pump,1.81,58.32,11.51,17.0,1207.9,normal,406.67,10.2,0.5,0,none,0.0
2052-05-26,M09,Pump,0.68,36.38,3.54,18.8,554.0,idle,406.95,9.7,0.5,0,none,0.0
2052-05-27,M09,Pump,0.6,36.38,3.79,21.0,505.5,idle,407.2,8.6,0.5,0,none,0.0
2052-05-28,M09,Pump,1.86,67.51,11.97,100.1,1222.5,normal,407.52,9.5,0.5,0,none,0.0
2052-05-29,M09,Pump,0.67,36.33,3.37,19.4,530.6,idle,407.67,12.4,0.5,0,none,0.0
2052-05-30,M09,Pump,2.19,47.93,11.97,88.5,1305.3,normal,407.83,15.8,0.5,0,none,0.0
2052-05-31,M09,Pump,1.9,59.91,11.68,107.4,1270.4,normal,408.03,13.6,0.5,0,none,0.0
2052-06-01,M09,Pump,0.57,40.38,3.57,23.1,534.7,idle,408.32,13.4,0.5,0,none,0.0
2052-06-02,M09,Pump,0.68,37.23,3.38,18.8,512.9,idle,408.58,16.9,0.5,0,none,0.0
2052-06-03,M09,Pump,1.9,49.77,12.74,107.5,1274.6,normal,408.68,9.9,0.5,0,none,0.0
2052-06-04,M09,Pump,0.66,36.3,3.9,19.8,509.6,idle,408.8,13.2,0.5,0,none,0.0
2052-06-05,M09,Pump,0.66,39.61,3.72,23.9,562.4,idle,409.2,8.3,0.5,0,none,0.0
2052-06-06,M09,Pump,2.94,76.25,16.5,145.8,1874.7,peak,409.27,9.7,0.5,0,none,0.0
2052-06-07,M09,Pump,1.87,55.67,12.78,119.9,1342.9,normal,409.6,17.0,0.5,0,none,0.0
2052-06-08,M09,Pump,1.88,48.47,12.82,103.6,1333.4,normal,409.77,12.2,0.5,0,none,0.0
2052-06-09,M09,Pump,1.88,48.47,12.31,120.2,1218.0,normal,410.07,9.4,0.5,0,none,0.0
2052-06-10,M09,Pump,2.18,49.16,11.05,105.6,1306.8,normal,410.57,12.1,0.5,0,none,0.0
2052-06-11,M09,Pump,2.18,52.8,12.51,121.8,1291.5,normal,411.05,16.2,0.5,0,none,0.0
2052-06-12,M09,Pump,1.89,59.11,12.72,124.8,1204.7,normal,411.52,12.3,0.5,0,none,0.0
2052-06-13,M09,Pump,2.47,70.07,15.98,150.9,1831.9,peak,411.98,12.4,0.5,0,none,0.0
2052-06-14,M09,Pump,2.04,53.41,11.42,98.5,1201.3,normal,412.38,17.2,0.5,0,none,0.0
2052-06-15,M09,Pump,2.11,53.83,12.25,94.9,1292.2,normal,412.58,12.6,0.5,0,none,0.0
2052-06-16,M09,Pump,1.97,49.8,12.25,83.7,1272.2,normal,412.85,14.9,0.5,0,none,0.0
2052-06-17,M09,Pump,2.06,57.63,12.49,92.2,1207.3,normal,413.13,17.1,0.5,0,none,0.0
2052-06-18,M09,Pump,1.73,51.18,11.82,106.0,1313.7,normal,413.3,8.0,0.5,0,none,0.0
2052-06-19,M09,Pump,0.67,41.94,3.62,17.6,530.0,idle,413.7,10.7,0.5,0,none,0.0
2052-06-20,M09,Pump,1.84,59.36,12.64,105.0,1206.9,normal,413.9,12.6,0.5,0,none,0.0
2052-06-21,M09,Pump,2.17,51.77,12.83,120.3,1262.0,normal,414.38,12.3,0.5,0,none,0.0
2052-06-22,M09,Pump,2.43,84.22,16.32,146.2,1830.0,peak,414.48,13.1,0.5,0,none,0.0
2052-06-23,M09,Pump,2.02,50.21,11.19,91.9,1207.1,normal,414.83,17.2,0.5,0,none,0.0
2052-06-24,M09,Pump,1.73,48.6,11.32,90.9,1340.6,normal,415.15,12.0,0.5,0,none,0.0
2052-06-25,M09,Pump,0.62,39.23,3.69,15.1,562.6,idle,415.2,9.4,0.5,0,none,0.0
2052-06-26,M09,Pump,2.72,76.77,16.88,158.3,1800.6,peak,415.65,16.9,0.5,0,none,0.0
2052-06-27,M09,Pump,0.69,43.52,3.97,16.0,566.9,idle,416.03,15.1,0.5,0,none,0.0
2052-06-28,M09,Pump,1.97,60.46,11.42,85.3,1211.9,normal,416.47,9.2,0.5,0,none,0.0
2052-06-29,M09,Pump,1.91,50.09,11.16,127.7,1310.0,normal,416.5,10.0,0.5,0,none,0.0
2052-06-30,M09,Pump,1.96,62.1,12.22,87.3,1295.0,normal,416.78,13.2,0.5,0,none,0.0
2052-07-01,M09,Pump,2.04,50.46,11.64,97.9,1290.4,normal,417.03,11.9,0.5,0,none,0.0
2052-07-02,M09,Pump,1.76,62.1,11.69,114.0,1339.9,normal,417.43,13.2,0.5,0,none,0.0
2052-07-03,M09,Pump,2.13,61.96,11.39,116.1,1295.4,normal,417.88,14.9,0.5,0,none,0.0
2052-07-04,M09,Pump,2.09,64.98,11.62,111.5,1241.3,normal,418.25,11.1,0.5,0,none,0.0
2052-07-05,M09,Pump,2.61,77.81,15.87,155.0,1863.8,peak,418.53,13.8,0.5,0,none,0.0
2052-07-06,M09,Pump,2.0,67.31,12.48,129.2,1311.5,normal,418.75,9.4,0.5,0,none,0.0
2052-07-07,M09,Pump,1.95,54.45,12.47,113.7,1300.3,normal,419.08,17.0,0.5,0,none,0.0
2052-07-08,M09,Pump,2.06,65.06,11.46,107.4,1290.5,normal,419.58,15.6,0.5,0,none,0.0
2052-07-09,M09,Pump,1.85,67.72,12.57,94.7,1253.8,normal,419.75,14.8,0.5,0,none,0.0
2052-07-10,M09,Pump,2.83,70.17,15.93,148.6,1878.1,peak,419.9,14.7,0.5,0,none,0.0
2052-07-11,M09,Pump,2.1,52.64,12.73,125.5,1282.9,normal,420.07,12.0,0.5,0,none,0.0
2052-07-12,M09,Pump,1.78,52.64,11.64,105.4,1206.8,normal,420.1,14.0,0.5,0,none,0.0
2052-07-13,M09,Pump,1.95,53.75,12.37,80.1,1293.7,normal,420.45,10.6,0.5,0,none,0.0
2052-07-14,M09,Pump,2.09,45.29,12.5,80.1,1304.7,normal,420.48,8.0,0.5,0,none,0.0
2052-07-15,M09,Pump,1.93,57.7,11.67,90.8,1210.7,normal,420.88,8.0,0.5,0,none,0.0
2052-07-16,M09,Pump,0.67,41.1,3.99,23.5,560.9,idle,421.18,14.9,0.5,0,none,0.0
2052-07-17,M09,Pump,0.62,35.81,3.94,16.2,536.2,idle,421.47,9.0,0.5,0,none,0.0
2052-07-18,M09,Pump,2.13,55.87,11.33,97.4,1348.3,normal,421.58,12.7,0.5,0,none,0.0
2052-07-19,M09,Pump,0.7,42.11,3.92,15.4,519.3,idle,421.67,8.5,0.5,0,none,0.0
2052-07-20,M09,Pump,1.88,45.28,11.75,82.8,1277.6,normal,422.13,10.8,0.5,0,none,0.0
2052-07-21,M09,Pump,1.7,51.22,11.75,89.1,1209.7,normal,422.28,13.5,0.5,0,none,0.0
2052-07-22,M09,Pump,0.55,51.22,3.71,20.9,1209.7,idle,422.5,14.0,0.5,0,none,0.0
2052-07-23,M09,Pump,0.59,51.22,3.54,21.0,561.2,idle,422.77,14.5,0.5,0,none,0.0
2052-07-24,M09,Pump,1.79,62.67,11.1,95.0,1232.8,normal,422.95,14.7,0.5,0,none,0.0
2052-07-25,M09,Pump,2.95,72.67,16.16,144.1,1821.0,peak,423.15,8.9,0.5,0,none,0.0
2052-07-26,M09,Pump,2.95,35.41,3.88,22.8,519.5,idle,423.62,8.0,0.5,0,none,0.0
2052-07-27,M09,Pump,0.62,38.63,3.84,21.9,506.3,idle,424.0,16.2,0.5,0,none,0.0
2052-07-28,M09,Pump,0.67,36.79,3.42,22.3,512.8,idle,424.28,11.6,0.5,0,none,0.0
2052-07-29,M09,Pump,0.52,38.36,3.89,16.8,523.7,idle,424.7,11.7,0.5,0,none,0.0
2052-07-30,M09,Pump,0.56,38.56,3.8,19.1,553.2,idle,424.8,10.9,0.5,0,none,0.0
2052-07-31,M09,Pump,0.63,38.61,3.8,22.0,537.4,idle,425.08,15.6,0.5,0,none,0.0
2052-08-01,M09,Pump,0.67,44.33,3.8,24.9,541.8,idle,425.45,14.8,0.5,0,none,0.0
2052-08-02,M09,Pump,0.51,40.05,3.46,18.3,534.3,idle,425.57,8.1,0.5,0,none,0.0
2052-08-03,M09,Pump,0.56,38.1,3.58,17.9,511.9,idle,425.95,17.0,0.5,0,none,0.0
2052-08-04,M09,Pump,0.65,38.95,3.88,23.8,552.6,idle,426.23,14.2,0.5,0,none,0.0
2052-08-05,M09,Pump,0.58,42.21,3.41,21.6,528.4,idle,426.58,14.5,0.5,0,none,0.0
2052-08-06,M09,Pump,0.63,42.55,3.69,21.4,515.0,idle,426.97,14.6,0.5,0,none,0.0
2052-08-07,M09,Pump,0.62,39.6,3.6,19.1,521.8,idle,427.17,16.7,0.5,0,none,0.0
2052-08-08,M09,Pump,0.56,42.0,3.69,15.3,503.4,idle,427.42,16.7,0.5,0,none,0.0
2052-08-09,M09,Pump,0.61,43.46,3.33,20.1,559.6,idle,427.68,10.5,0.5,0,none,0.0
2052-08-10,M09,Pump,0.5,37.76,3.94,15.8,542.5,idle,428.12,9.5,0.5,0,none,0.0
2052-08-11,M09,Pump,0.6,36.52,3.33,20.0,551.5,idle,428.5,14.2,0.5,0,none,0.0
2052-08-12,M09,Pump,0.54,41.91,3.68,18.6,546.5,idle,428.92,14.5,0.5,0,none,0.0
2052-08-13,M09,Pump,0.54,39.57,3.68,19.6,527.8,idle,428.97,12.0,0.5,0,none,0.0
2052-08-14,M09,Pump,0.65,41.56,3.75,23.9,569.5,idle,429.05,15.2,0.5,0,none,0.0
2052-08-15,M09,Pump,0.61,38.48,3.85,16.4,535.9,idle,429.32,17.4,0.5,0,none,0.0
2052-08-16,M09,Pump,0.6,38.48,3.99,23.0,533.1,idle,429.77,11.7,0.5,0,none,0.0
2052-08-17,M09,Pump,1.97,52.35,12.66,116.8,1315.7,normal,430.27,9.9,0.5,0,none,0.0
2052-08-18,M09,Pump,1.77,54.17,12.07,84.5,1255.3,normal,430.53,17.8,0.5,0,none,0.0
2052-08-19,M09,Pump,0.52,44.59,3.83,21.2,514.3,idle,430.97,12.4,0.5,0,none,0.0
2052-08-20,M09,Pump,0.57,36.44,3.68,23.2,501.3,idle,431.22,12.0,0.5,0,none,0.0
2052-08-21,M09,Pump,0.52,37.29,3.8,23.9,552.7,idle,431.55,14.9,0.5,0,none,0.0
2052-08-22,M09,Pump,1.96,47.47,12.52,83.5,1251.9,normal,431.82,9.2,47.94,0,none,0.0
2052-08-23,M09,Pump,2.59,75.71,15.72,159.2,1773.3,peak,432.2,15.7,47.55,0,none,0.0
2052-08-24,M09,Pump,0.67,43.93,3.65,16.1,539.5,idle,432.23,11.2,47.52,0,none,0.0
2052-08-25,M09,Pump,0.66,38.45,3.91,21.8,567.8,idle,432.52,16.1,47.24,0,none,0.0
2052-08-26,M09,Pump,2.12,50.38,12.0,83.4,1206.6,normal,432.78,14.6,46.97,0,none,0.0
2052-08-27,M09,Pump,2.07,67.08,13.11,92.1,1224.6,normal,433.23,11.0,46.52,0,none,0.0
2052-08-28,M09,Pump,2.0,51.0,11.77,121.5,1313.7,normal,433.65,13.1,46.1,0,none,0.0
2052-08-29,M09,Pump,2.18,57.59,12.34,118.1,1227.9,normal,433.82,14.1,45.94,0,none,0.0
2052-08-30,M09,Pump,2.14,47.12,12.85,118.3,1236.1,normal,434.12,17.6,45.64,0,none,0.0
2052-08-31,M09,Pump,2.1,51.97,12.43,114.4,1295.7,normal,434.57,12.0,45.19,0,none,0.0
2052-09-01,M09,Pump,0.71,39.0,3.73,23.8,534.3,idle,434.75,14.7,45.0,0,none,0.0
2052-09-02,M09,Pump,2.18,57.36,12.93,123.2,1313.4,normal,435.02,11.3,44.74,0,none,0.0
2052-09-03,M09,Pump,2.19,52.67,12.24,87.1,1213.3,normal,435.35,13.6,44.4,0,none,0.0
2052-09-04,M09,Pump,1.99,69.8,12.56,122.4,1325.0,normal,435.48,11.7,44.27,0,none,0.0
2052-09-05,M09,Pump,1.78,51.56,11.95,110.1,1194.6,normal,435.63,17.7,44.12,0,none,0.0
2052-09-06,M09,Pump,2.15,49.6,11.73,97.8,1266.4,normal,436.05,9.0,43.7,0,none,0.0
2052-09-07,M09,Pump,2.2,70.36,13.24,83.6,1277.0,normal,436.13,17.6,43.62,0,none,0.0
2052-09-08,M09,Pump,1.98,51.37,12.59,96.5,1233.2,normal,436.53,16.0,43.22,0,none,0.0
2052-09-09,M09,Pump,1.81,71.35,13.0,92.6,1315.6,normal,437.02,13.3,42.74,0,none,0.0
2052-09-10,M09,Pump,0.71,47.12,3.93,92.6,521.3,idle,437.27,17.0,42.49,0,none,0.0
2052-09-11,M09,Pump,2.0,71.09,13.13,93.2,1270.0,normal,437.62,18.0,42.14,0,none,0.0
2052-09-12,M09,Pump,2.08,68.1,11.76,114.5,1226.0,normal,437.82,16.2,41.94,0,none,0.0
2052-09-13,M09,Pump,1.83,66.3,12.26,116.0,1200.9,normal,437.88,16.3,41.87,0,none,0.0
2052-09-14,M09,Pump,2.28,68.13,12.2,116.5,1196.0,normal,438.13,14.7,41.62,0,none,0.0
2052-09-15,M09,Pump,0.66,40.29,3.72,24.8,498.2,idle,438.18,12.5,41.57,0,none,0.0
2052-09-16,M09,Pump,2.09,51.6,13.04,92.5,1219.9,normal,438.58,10.7,41.17,0,none,0.0
2052-09-17,M09,Pump,1.96,55.05,13.66,125.1,1300.1,normal,439.07,16.8,40.69,0,none,0.0
2052-09-18,M09,Pump,0.54,42.7,3.96,24.7,529.9,idle,439.12,9.5,40.64,0,none,0.0
2052-09-19,M09,Pump,1.95,69.52,12.01,123.8,1313.2,normal,439.6,9.5,40.15,0,none,0.0
2052-09-20,M09,Pump,3.13,69.52,17.2,154.6,1733.7,peak,439.95,13.0,39.8,0,none,0.0
2052-09-21,M09,Pump,2.07,65.92,12.47,94.4,1177.7,normal,440.05,16.5,39.7,0,none,0.0
2052-09-22,M09,Pump,2.3,69.66,13.4,79.1,1259.4,normal,440.23,9.6,39.52,0,none,0.0
2052-09-23,M09,Pump,1.89,66.65,13.14,122.3,1204.2,normal,440.57,16.8,39.19,0,none,0.0
2052-09-24,M09,Pump,2.56,95.0,18.09,151.4,1711.6,peak,440.85,13.5,38.9,0,none,0.0
2052-09-25,M09,Pump,0.63,46.93,4.18,22.2,490.5,idle,440.93,9.4,38.82,0,none,0.0
2052-09-26,M09,Pump,0.68,43.1,3.62,19.0,490.8,idle,441.0,16.0,38.75,0,none,0.0
2052-09-27,M09,Pump,3.07,83.9,17.45,154.4,1840.2,peak,441.28,10.6,38.47,0,none,0.0
2052-09-28,M09,Pump,2.29,71.78,12.75,85.5,1248.7,normal,441.7,12.5,38.05,0,none,0.0
2052-09-29,M09,Pump,2.04,57.61,12.15,100.7,1256.4,normal,441.93,9.7,37.82,0,none,0.0
2052-09-30,M09,Pump,2.96,89.14,17.3,148.0,1771.7,peak,442.08,17.6,37.67,0,none,0.0
2052-10-01,M09,Pump,0.75,43.19,3.99,18.3,490.5,idle,442.37,17.2,37.39,0,none,0.0
2052-10-02,M09,Pump,2.05,67.77,13.17,79.5,1242.7,normal,442.75,15.9,37.0,0,none,0.0
2052-10-03,M09,Pump,1.95,60.95,12.7,122.6,1165.2,normal,442.87,12.3,36.89,0,none,0.0
2052-10-04,M09,Pump,2.0,62.38,13.4,119.0,1262.6,normal,443.13,11.4,36.62,0,none,0.0
2052-10-05,M09,Pump,0.7,45.25,4.32,19.1,482.9,idle,443.18,11.4,36.57,0,none,0.0
2052-10-06,M09,Pump,0.7,67.3,12.33,127.9,1238.0,normal,443.28,17.0,36.47,0,none,0.0
2052-10-07,M09,Pump,2.07,62.75,12.54,127.5,1257.3,normal,443.53,17.4,36.22,0,none,0.0
2052-10-08,M09,Pump,2.13,68.29,13.95,111.1,1171.4,normal,443.78,13.0,35.97,0,none,0.0
2052-10-09,M09,Pump,2.21,67.03,14.27,116.2,1203.1,normal,444.15,13.9,35.6,0,none,0.0
2052-10-10,M09,Pump,1.91,65.36,13.67,87.2,1245.9,normal,444.47,17.4,35.29,0,none,0.0
2052-10-11,M09,Pump,2.28,58.02,13.75,81.5,1152.7,normal,444.67,11.3,35.09,0,none,0.0
2052-10-12,M09,Pump,0.55,50.86,4.41,81.5,496.6,idle,444.83,15.6,34.92,0,none,0.0
2052-10-13,M09,Pump,1.88,68.76,12.22,119.2,1185.7,normal,444.9,8.0,34.85,0,none,0.0
2052-10-14,M09,Pump,2.8,85.0,18.39,146.6,1717.1,peak,445.25,9.4,34.5,0,none,0.0
2052-10-15,M09,Pump,2.96,87.03,18.86,146.6,1687.6,peak,445.58,17.8,34.17,0,none,0.0
2052-10-16,M09,Pump,2.96,83.04,17.69,144.7,1799.3,peak,445.83,17.2,33.92,0,none,0.0
2052-10-17,M09,Pump,2.03,73.38,14.46,126.9,1220.9,normal,446.23,14.0,33.52,0,none,0.0
2052-10-18,M09,Pump,0.76,52.2,3.8,23.9,508.5,idle,446.35,11.3,33.4,0,none,0.0
2052-10-19,M09,Pump,2.72,92.56,18.24,162.1,1788.2,peak,446.42,13.8,33.34,0,none,0.0
2052-10-20,M09,Pump,2.03,61.71,14.01,107.8,1154.4,normal,446.58,10.5,33.17,0,none,0.0
2052-10-21,M09,Pump,1.96,59.55,13.72,82.5,1172.8,normal,446.93,9.5,32.82,0,none,0.0
2052-10-22,M09,Pump,0.67,47.52,3.91,24.1,522.5,idle,447.1,13.3,32.65,0,none,0.0
2052-10-23,M09,Pump,0.62,55.29,3.94,20.9,499.8,idle,447.55,14.0,32.2,0,none,0.0
2052-10-24,M09,Pump,0.72,50.42,3.93,21.1,524.5,idle,447.8,14.7,31.95,0,none,0.0
2052-10-25,M09,Pump,0.67,50.42,4.09,22.9,513.4,idle,448.05,16.9,31.7,0,none,0.0
2052-10-26,M09,Pump,0.6,55.95,4.43,24.6,512.0,idle,448.27,16.0,31.49,0,none,0.0
2052-10-27,M09,Pump,0.71,55.75,3.8,24.1,492.0,idle,448.37,15.0,31.39,0,none,0.0
2052-10-28,M09,Pump,1.91,62.68,13.87,80.5,1137.2,normal,448.52,8.6,31.24,0,none,0.0
2052-10-29,M09,Pump,0.7,52.08,4.45,17.6,491.7,idle,448.97,14.6,30.79,0,none,0.0
2052-10-30,M09,Pump,0.58,53.09,4.45,18.4,503.1,idle,449.17,13.2,30.59,0,none,0.0
2052-10-31,M09,Pump,0.74,49.1,4.22,17.0,486.1,idle,449.65,10.3,30.1,0,none,0.0
2052-11-01,M09,Pump,0.61,52.81,4.2,23.7,530.6,idle,449.88,15.1,29.87,0,none,0.0
2052-11-02,M09,Pump,0.69,51.22,4.46,22.9,523.9,idle,450.15,11.0,29.6,0,none,0.0
2052-11-03,M09,Pump,0.56,56.06,4.5,21.1,520.6,idle,450.3,16.4,29.45,0,none,0.0
2052-11-04,M09,Pump,0.74,53.87,4.48,22.9,530.8,idle,450.68,16.8,29.07,0,none,0.0
2052-11-05,M09,Pump,0.76,54.37,3.85,15.2,531.6,idle,451.05,17.1,28.7,0,none,0.0
2052-11-06,M09,Pump,0.64,52.9,4.22,17.7,508.6,idle,451.12,14.4,28.64,0,none,0.0
2052-11-07,M09,Pump,0.74,51.77,4.44,21.7,504.1,idle,451.23,12.6,28.52,0,none,0.0
2052-11-08,M09,Pump,0.64,58.29,4.18,18.8,510.9,idle,451.72,9.9,28.04,0,none,0.0
2052-11-09,M09,Pump,0.77,54.68,4.45,19.6,483.1,idle,451.78,9.1,27.97,0,none,0.0
2052-11-10,M09,Pump,0.59,51.23,3.87,20.5,476.7,idle,452.15,13.4,27.6,0,none,0.0
2052-11-11,M09,Pump,0.76,59.73,4.27,19.5,490.9,idle,452.18,16.5,27.57,0,none,0.0
2052-11-12,M09,Pump,2.28,74.11,13.71,95.8,1212.7,normal,452.5,13.4,27.25,0,none,0.0
2052-11-13,M09,Pump,0.69,57.64,4.66,22.8,486.8,idle,452.95,12.0,26.8,0,none,0.0
2052-11-14,M09,Pump,0.74,55.0,4.52,23.9,483.1,idle,453.02,16.8,26.74,0,none,0.0
2052-11-15,M09,Pump,0.62,54.99,3.94,21.9,515.4,idle,453.23,13.1,26.52,0,none,0.0
2052-11-16,M09,Pump,0.65,55.53,4.38,15.7,512.4,idle,453.53,10.3,26.22,0,none,0.0
2052-11-17,M09,Pump,0.69,57.3,4.51,21.8,471.8,idle,453.78,16.3,25.97,0,none,0.0
2052-11-18,M09,Pump,0.75,57.21,4.5,17.6,479.9,idle,453.85,8.3,25.9,0,none,0.0
2052-11-19,M09,Pump,2.41,70.36,14.42,106.7,1197.4,normal,454.22,14.8,25.54,0,none,0.0
2052-11-20,M09,Pump,0.58,54.48,3.98,19.8,523.4,idle,454.33,8.8,25.42,0,none,0.0
2052-11-21,M09,Pump,2.16,79.55,13.76,122.5,1173.4,normal,454.45,13.2,25.3,0,none,0.0
2052-11-22,M09,Pump,0.65,58.75,4.36,18.4,467.8,idle,454.77,13.8,24.99,0,none,0.0
2052-11-23,M09,Pump,0.61,58.75,4.7,16.7,500.7,idle,454.97,14.1,24.79,0,none,0.0
2052-11-24,M09,Pump,0.58,55.01,4.32,16.7,466.2,idle,455.2,15.1,24.55,0,none,0.0
2052-11-25,M09,Pump,0.76,55.01,4.59,21.2,484.9,idle,455.5,9.8,24.25,0,none,0.0
2052-11-26,M09,Pump,0.74,54.89,4.14,15.6,487.9,idle,455.8,17.9,23.95,1,motor_overheat,7363.0
2052-11-27,M09,Pump,2.01,72.32,13.24,86.1,1238.4,normal,455.98,8.4,23.77,1,motor_overheat,4262.0
2052-11-28,M09,Pump,2.42,68.13,14.96,112.8,1133.5,normal,456.03,14.7,23.72,1,motor_overheat,4372.0
2052-11-29,M09,Pump,2.18,84.06,15.05,117.5,1185.2,normal,456.5,13.6,23.25,1,motor_overheat,6770.0
2052-11-30,M09,Pump,0.73,58.18,4.61,22.3,463.2,idle,456.57,15.5,23.19,1,motor_overheat,4372.0
2052-12-01,M09,Pump,0.73,59.49,4.05,19.1,519.0,idle,456.7,17.2,23.05,1,motor_overheat,4703.0
2052-12-02,M09,Pump,2.53,81.53,13.69,97.5,1129.8,normal,457.18,11.8,22.57,1,motor_overheat,6575.0
2052-12-03,M09,Pump,2.35,81.46,15.5,122.8,1117.6,normal,457.37,12.4,22.39,1,motor_overheat,6936.0
2052-12-04,M09,Pump,2.05,84.83,15.43,101.9,1162.1,normal,457.68,12.3,22.07,1,motor_overheat,7436.0
2052-12-05,M09,Pump,0.71,60.17,4.24,19.0,498.7,idle,458.08,11.4,21.67,1,motor_overheat,6860.0
2052-12-06,M09,Pump,2.1,87.24,14.12,106.7,1177.1,normal,458.18,15.4,21.57,1,motor_overheat,3238.0
2052-12-07,M09,Pump,2.25,70.13,14.84,82.7,1152.5,normal,458.6,8.1,21.15,1,motor_overheat,6957.0
2052-12-08,M09,Pump,2.12,67.63,15.75,114.4,1121.5,normal,458.87,16.3,20.89,1,motor_overheat,6585.0
2052-12-09,M09,Pump,3.47,93.06,18.97,143.3,1701.3,peak,458.93,8.1,20.82,1,motor_overheat,4490.0
2052-12-10,M09,Pump,2.33,66.44,18.97,105.7,1186.0,normal,459.32,16.2,20.44,1,motor_overheat,5178.0
2052-12-11,M09,Pump,2.48,76.36,15.22,116.2,1186.0,normal,459.68,16.1,20.07,1,motor_overheat,6016.0
2052-12-12,M09,Pump,2.21,68.6,15.19,118.0,1120.2,normal,459.97,16.9,19.79,1,motor_overheat,4421.0
2052-12-13,M09,Pump,3.18,68.6,19.05,146.1,1627.5,peak,460.1,9.3,19.65,1,motor_overheat,6710.0
2052-12-14,M09,Pump,2.25,74.85,15.0,82.8,1172.0,normal,460.38,15.7,19.37,1,motor_overheat,3458.0
2052-12-15,M09,Pump,2.02,71.92,14.88,113.7,1197.3,normal,460.55,11.4,19.2,1,motor_overheat,5920.0
2052-12-16,M09,Pump,2.03,78.65,14.88,114.1,1129.2,normal,460.95,10.2,18.8,1,motor_overheat,4030.0
2052-12-17,M09,Pump,2.45,80.45,15.69,129.2,1212.6,normal,461.38,15.5,18.37,1,motor_overheat,4036.0
2052-12-18,M09,Pump,2.37,87.25,14.11,80.2,1161.0,normal,461.5,16.2,18.25,1,motor_overheat,6671.0
2052-12-19,M09,Pump,2.6,83.03,14.49,112.8,1093.8,normal,461.53,9.6,18.22,1,motor_overheat,5085.0
2052-12-20,M09,Pump,0.7,59.12,4.16,17.5,499.2,idle,461.58,17.7,18.17,1,motor_overheat,5712.0
2052-12-21,M09,Pump,2.35,67.44,14.78,117.1,1217.1,normal,461.78,17.1,17.97,1,motor_overheat,7269.0
2052-12-22,M09,Pump,0.8,57.17,4.32,17.1,478.7,idle,462.13,15.0,17.62,1,motor_overheat,4826.0
2052-12-23,M09,Pump,0.8,58.92,4.95,22.8,478.5,idle,462.47,16.9,17.29,1,motor_overheat,6753.0
2052-12-24,M09,Pump,2.38,80.12,15.31,122.7,1110.6,normal,462.83,9.0,16.92,1,motor_overheat,6404.0
2052-12-25,M09,Pump,3.36,94.48,20.08,155.9,1580.2,peak,463.12,13.4,16.64,1,motor_overheat,3566.0
2052-12-26,M09,Pump,0.62,58.94,4.5,21.2,513.5,idle,463.33,12.2,16.42,1,motor_overheat,5338.0
2052-12-27,M09,Pump,0.66,59.56,4.54,16.5,451.8,idle,463.57,12.6,16.19,1,motor_overheat,7322.0
2052-12-28,M09,Pump,0.73,67.17,4.94,16.0,459.2,idle,463.8,17.9,15.95,1,motor_overheat,5812.0
2052-12-29,M09,Pump,2.34,77.0,15.75,103.7,1081.7,normal,464.03,11.0,15.72,1,motor_overheat,5281.0
2052-12-30,M09,Pump,0.67,67.77,4.65,23.0,474.4,idle,464.33,17.0,15.42,1,motor_overheat,6532.0
2052-12-31,M09,Pump,0.77,60.65,4.87,22.9,454.3,idle,464.62,10.1,15.14,1,motor_overheat,4460.0
2053-01-01,M09,Pump,0.65,63.85,4.79,21.4,490.0,idle,464.97,17.6,14.79,1,motor_overheat,4335.0
2053-01-02,M09,Pump,2.49,80.98,15.53,78.4,1097.2,normal,465.15,11.3,14.6,1,motor_overheat,7379.0
2053-01-03,M09,Pump,3.27,95.0,21.28,158.2,1631.2,peak,465.42,12.4,14.34,1,motor_overheat,3086.0
2053-01-04,M09,Pump,0.68,64.27,4.25,21.0,451.5,idle,465.8,16.9,13.95,1,motor_overheat,4959.0
2053-01-05,M09,Pump,2.15,84.5,14.19,107.8,1156.4,normal,466.18,17.4,13.57,1,motor_overheat,7773.0
2053-01-06,M09,Pump,2.55,72.0,14.21,117.9,1107.9,normal,466.65,16.4,13.1,1,motor_overheat,4307.0
2053-01-07,M09,Pump,2.61,74.88,15.73,83.7,1122.0,normal,466.9,12.9,12.85,1,motor_overheat,3196.0
2053-01-08,M09,Pump,2.61,84.88,16.04,89.8,1189.9,normal,467.27,11.2,12.49,1,motor_overheat,3484.0
2053-01-09,M09,Pump,2.46,73.38,14.3,78.8,1073.4,normal,467.33,15.2,12.42,1,motor_overheat,4846.0
2053-01-10,M09,Pump,3.61,95.0,20.29,150.4,1607.3,peak,467.82,13.8,11.94,1,motor_overheat,3237.0
2053-01-11,M09,Pump,2.23,73.7,14.63,109.2,1116.0,normal,468.22,15.2,11.54,1,motor_overheat,7133.0
2053-01-12,M09,Pump,2.64,82.46,15.69,126.3,1128.8,normal,468.5,15.6,11.25,1,motor_overheat,4177.0
2053-01-13,M09,Pump,2.4,80.37,16.26,98.4,1139.0,normal,468.82,11.6,10.94,1,motor_overheat,7503.0
2053-01-14,M09,Pump,2.37,84.44,16.59,99.5,1090.2,normal,469.17,16.9,10.59,1,motor_overheat,7490.0
2053-01-15,M09,Pump,3.39,95.0,21.56,147.7,1670.4,peak,469.6,8.4,10.15,1,motor_overheat,3138.0
2053-01-16,M09,Pump,2.31,95.0,14.98,147.7,1067.8,normal,469.68,10.2,10.07,1,motor_overheat,6744.0
2053-01-17,M09,Pump,0.79,70.18,4.98,22.8,469.6,idle,469.85,10.0,9.9,1,motor_overheat,6307.0
2053-01-18,M09,Pump,2.14,81.2,16.21,111.6,1081.9,normal,470.12,14.4,9.64,1,motor_overheat,6685.0
2053-01-19,M09,Pump,2.27,84.37,16.47,122.3,1066.5,normal,470.4,15.7,9.35,1,motor_overheat,3580.0
2053-01-20,M09,Pump,3.68,95.0,19.88,152.7,1614.9,peak,470.6,11.7,9.15,1,motor_overheat,6534.0
2053-01-21,M09,Pump,2.47,87.76,15.94,93.3,1065.5,normal,470.98,12.6,8.77,1,motor_overheat,7762.0
2053-01-22,M09,Pump,2.25,90.91,15.27,121.1,1104.5,normal,471.37,11.5,8.39,1,motor_overheat,7052.0
2053-01-23,M09,Pump,0.72,72.71,4.59,16.9,498.2,idle,471.57,14.1,8.19,1,motor_overheat,6038.0
2053-01-24,M09,Pump,0.76,66.1,4.56,23.6,474.2,idle,471.78,11.4,7.97,1,motor_overheat,4966.0
2053-01-25,M09,Pump,0.65,73.35,4.83,24.9,454.1,idle,472.18,9.3,7.57,1,motor_overheat,3679.0
2053-01-26,M09,Pump,0.77,66.4,4.83,16.8,455.2,idle,472.45,13.1,7.3,1,motor_overheat,5344.0
2053-01-27,M09,Pump,0.69,67.87,5.35,15.4,465.9,idle,472.95,10.2,6.8,1,motor_overheat,5826.0
2053-01-28,M09,Pump,0.79,71.73,5.15,22.6,493.7,idle,473.07,9.3,6.69,1,motor_overheat,6006.0
2053-01-29,M09,Pump,0.82,73.44,4.94,21.6,464.4,idle,473.17,8.6,6.59,1,motor_overheat,6712.0
2053-01-30,M09,Pump,0.71,68.69,4.79,18.4,466.9,idle,473.67,13.3,6.09,1,motor_overheat,7101.0
2053-01-31,M09,Pump,0.69,70.82,5.32,19.1,447.9,idle,473.78,8.7,5.97,1,motor_overheat,5566.0
2053-02-01,M09,Pump,2.36,95.0,17.4,124.1,447.9,normal,473.87,14.1,5.89,1,motor_overheat,4515.0
2053-02-02,M09,Pump,0.73,75.51,4.77,16.4,451.2,idle,473.93,17.1,5.82,1,motor_overheat,7025.0
2053-02-03,M09,Pump,0.87,70.05,5.34,16.0,480.3,idle,474.12,11.2,5.64,1,motor_overheat,3491.0
2053-02-04,M09,Pump,0.66,68.19,5.06,19.3,473.5,idle,474.57,15.9,5.19,1,motor_overheat,4110.0
2053-02-05,M09,Pump,0.88,66.95,4.66,21.4,487.0,idle,474.85,15.7,4.9,1,motor_overheat,5146.0
2053-02-06,M09,Pump,0.84,71.28,5.2,17.1,433.1,idle,475.12,13.1,4.64,1,motor_overheat,7480.0
2053-02-07,M09,Pump,0.78,74.82,4.9,20.7,457.6,idle,475.22,8.6,4.54,1,motor_overheat,5968.0
2053-02-08,M09,Pump,2.5,95.0,16.33,78.4,1139.1,normal,475.6,9.7,4.15,1,motor_overheat,3750.0
2053-02-09,M09,Pump,0.79,74.6,5.38,17.9,461.1,idle,476.05,17.9,3.7,1,motor_overheat,5340.0
2053-02-10,M09,Pump,0.79,70.77,5.33,22.0,475.0,idle,476.08,9.7,3.67,1,motor_overheat,4640.0
2053-02-11,M09,Pump,0.84,70.22,5.24,22.7,480.8,idle,476.52,10.9,3.24,1,motor_overheat,3180.0
2053-02-12,M09,Pump,0.77,72.92,4.64,23.5,461.6,idle,476.85,9.8,2.9,1,motor_overheat,3725.0
2053-02-13,M09,Pump,0.8,72.92,5.13,15.4,484.2,idle,477.32,8.4,2.44,1,motor_overheat,4349.0
2053-02-14,M09,Pump,0.86,70.32,5.14,21.0,476.7,idle,477.53,11.2,2.22,1,motor_overheat,7654.0
2053-02-15,M09,Pump,0.84,78.35,4.91,16.2,462.8,idle,477.58,10.8,2.17,1,motor_overheat,6919.0
2053-02-16,M09,Pump,2.68,85.24,15.88,119.7,1123.6,normal,477.93,8.9,1.82,1,motor_overheat,4938.0
2053-02-17,M09,Pump,0.7,77.73,4.71,16.1,448.1,idle,478.43,11.0,1.32,1,motor_overheat,3066.0
2053-02-18,M09,Pump,0.88,77.73,4.97,16.6,469.6,idle,478.5,13.9,1.25,1,motor_overheat,3932.0
2053-02-19,M09,Pump,0.8,79.06,5.34,16.0,470.3,idle,478.63,15.4,1.12,1,motor_overheat,4910.0
2053-02-20,M09,Pump,0.71,78.92,4.61,17.4,456.3,idle,478.8,15.1,0.95,1,motor_overheat,6874.0
2053-02-21,M09,Pump,0.67,72.79,5.08,19.5,453.9,idle,478.87,14.0,0.89,1,motor_overheat,6542.0
2053-02-22,M09,Pump,2.78,91.26,17.98,85.7,1057.6,normal,479.27,12.6,0.5,1,motor_overheat,7479.0
2053-02-23,M09,Pump,2.64,86.34,16.34,85.7,1089.6,normal,479.52,12.9,0.5,1,motor_overheat,5378.0
2053-02-24,M09,Pump,2.64,42.77,3.35,20.6,507.0,idle,0.0,14.2,93.04,0,none,0.0
2053-02-25,M09,Pump,0.54,35.62,3.93,15.5,536.1,idle,0.5,10.0,92.54,0,none,0.0
2053-02-26,M09,Pump,2.53,35.62,15.99,151.2,1862.2,peak,0.57,8.4,92.47,0,none,0.0
2053-02-27,M09,Pump,2.16,51.91,11.05,124.5,1346.8,normal,0.75,11.1,92.29,0,none,0.0
2053-02-28,M09,Pump,1.92,55.48,11.29,102.7,1245.5,normal,0.8,13.3,92.24,0,none,0.0
2053-03-01,M09,Pump,2.2,49.25,11.76,110.1,1251.8,normal,1.15,13.5,91.89,0,none,0.0
2053-03-02,M09,Pump,0.59,44.73,3.66,24.1,503.0,idle,1.45,13.8,91.59,0,none,0.0
2053-03-03,M09,Pump,1.76,66.72,11.26,116.3,1266.9,normal,1.83,16.1,91.21,0,none,0.0
2053-03-04,M09,Pump,1.9,60.16,12.46,126.5,1238.5,normal,1.95,16.2,91.09,0,none,0.0
2053-03-05,M09,Pump,0.64,38.42,3.8,16.4,532.0,idle,2.03,16.7,91.01,0,none,0.0
2053-03-06,M09,Pump,1.79,52.74,12.43,90.1,1302.7,normal,2.08,8.7,90.96,0,none,0.0
2053-03-07,M09,Pump,1.95,47.12,11.77,123.2,1348.4,normal,2.22,11.9,90.82,0,none,0.0
2053-03-08,M09,Pump,0.57,35.55,3.39,22.9,545.9,idle,2.53,15.0,90.51,0,none,0.0
2053-03-09,M09,Pump,1.84,54.0,12.62,99.5,1313.4,normal,2.62,9.5,90.42,0,none,0.0
2053-03-10,M09,Pump,1.85,61.67,11.93,106.4,1289.8,normal,3.05,16.6,89.99,0,none,0.0
2053-03-11,M09,Pump,1.93,55.72,11.53,129.3,1335.9,normal,3.28,17.9,89.76,0,none,0.0
2053-03-12,M09,Pump,0.61,35.35,3.42,23.5,565.2,idle,3.68,17.9,89.36,0,none,0.0
2053-03-13,M09,Pump,1.78,61.89,12.25,93.8,1265.4,normal,3.97,16.6,89.07,0,none,0.0
2053-03-14,M09,Pump,1.78,36.01,12.25,93.8,1265.4,idle,4.1,17.0,88.94,0,none,0.0
2053-03-15,M09,Pump,1.99,57.04,12.41,129.4,1225.8,normal,4.17,16.9,88.87,0,none,0.0
2053-03-16,M09,Pump,0.53,37.95,3.93,19.1,555.5,idle,4.62,10.9,88.42,0,none,0.0
2053-03-17,M09,Pump,0.54,39.94,3.39,19.1,518.4,idle,4.82,8.3,88.22,0,none,0.0
2053-03-18,M09,Pump,0.61,42.8,3.96,19.1,552.0,idle,4.97,15.8,88.07,0,none,0.0
2053-03-19,M09,Pump,0.68,36.25,3.71,21.1,519.1,idle,5.0,17.9,88.04,0,none,0.0
2053-03-20,M09,Pump,2.41,73.85,16.17,144.9,1793.1,peak,5.17,10.6,87.87,0,none,0.0
2053-03-21,M09,Pump,2.05,54.16,11.13,98.8,1350.0,normal,5.38,17.6,87.66,0,none,0.0
2053-03-22,M09,Pump,1.83,51.1,11.34,92.1,1286.2,normal,5.45,13.2,87.59,0,none,0.0
2053-03-23,M09,Pump,2.18,51.1,11.82,98.3,1203.6,normal,5.88,8.6,87.16,0,none,0.0
2053-03-24,M09,Pump,1.7,63.34,11.98,79.7,1242.9,normal,6.28,11.5,86.76,0,none,0.0
2053-03-25,M09,Pump,1.88,63.02,11.87,119.0,1295.1,normal,6.68,15.1,86.36,0,none,0.0
2053-03-26,M09,Pump,1.72,67.28,11.36,92.3,1321.4,normal,7.05,10.3,85.99,0,none,0.0
2053-03-27,M09,Pump,1.79,54.23,12.73,111.1,1245.3,normal,7.52,15.5,85.52,0,none,0.0
2053-03-28,M09,Pump,2.02,63.69,11.81,107.7,1348.2,normal,7.6,16.4,85.44,0,none,0.0
2053-03-29,M09,Pump,2.18,56.71,11.19,114.4,1240.3,normal,7.98,14.4,85.06,0,none,0.0
2053-03-30,M09,Pump,2.03,53.09,12.44,97.1,1341.2,normal,8.4,14.5,84.64,0,none,0.0
2053-03-31,M09,Pump,0.53,35.68,3.85,19.0,532.6,idle,8.88,17.8,84.16,0,none,0.0
2053-04-01,M09,Pump,2.17,58.57,12.32,79.0,1300.6,normal,8.93,16.9,84.11,0,none,0.0
2053-04-02,M09,Pump,1.89,55.58,12.62,105.2,1348.0,normal,9.37,16.5,83.67,0,none,0.0
2053-04-03,M09,Pump,2.88,80.93,16.18,150.3,1757.9,peak,9.4,15.6,83.64,0,none,0.0
2053-04-04,M09,Pump,1.71,46.08,12.92,94.8,1305.1,normal,9.73,16.6,83.31,0,none,0.0
2053-04-05,M09,Pump,2.0,58.15,12.16,93.7,1333.0,normal,9.87,12.0,83.17,0,none,0.0
2053-04-06,M09,Pump,0.68,41.45,3.9,15.6,507.0,idle,10.13,11.5,82.91,0,none,0.0
2053-04-07,M09,Pump,0.61,43.47,3.52,20.5,500.7,idle,10.48,17.1,82.56,0,none,0.0
2053-04-08,M09,Pump,0.7,42.67,3.55,24.8,506.5,idle,10.97,12.0,82.07,0,none,0.0
2053-04-09,M09,Pump,0.59,35.59,3.53,17.2,522.2,idle,11.35,16.6,81.69,0,none,0.0
2053-04-10,M09,Pump,2.17,54.83,11.65,111.3,1302.5,normal,11.45,10.5,81.59,0,none,0.0
2053-04-11,M09,Pump,0.7,40.46,3.83,18.8,512.0,idle,11.85,8.3,81.19,0,none,0.0
2053-04-12,M09,Pump,0.7,39.19,3.59,21.9,528.4,idle,11.93,11.2,81.11,0,none,0.0
2053-04-13,M09,Pump,0.69,44.83,3.67,20.6,528.5,idle,12.4,8.3,80.64,0,none,0.0
2053-04-14,M09,Pump,1.88,67.66,11.08,99.3,1222.7,normal,12.68,8.7,80.36,0,none,0.0
2053-04-15,M09,Pump,0.65,36.94,3.92,18.7,564.2,idle,13.05,12.2,79.99,0,none,0.0
2053-04-16,M09,Pump,0.65,42.71,3.74,16.5,565.3,idle,13.2,11.0,79.84,0,none,0.0
2053-04-17,M09,Pump,0.66,37.88,3.63,15.7,546.1,idle,13.68,15.5,79.36,0,none,0.0
2053-04-18,M09,Pump,1.76,59.99,12.34,94.9,1342.3,normal,13.88,15.8,79.16,0,none,0.0
2053-04-19,M09,Pump,0.66,39.97,3.94,23.6,548.5,idle,14.07,15.0,78.97,0,none,0.0
2053-04-20,M09,Pump,0.53,39.97,3.91,21.1,538.2,idle,14.47,9.9,78.57,0,none,0.0
2053-04-21,M09,Pump,0.69,35.17,3.31,23.9,502.7,idle,14.97,10.4,78.07,0,none,0.0
2053-04-22,M09,Pump,0.57,44.24,3.78,21.5,546.0,idle,15.17,8.1,77.87,0,none,0.0
2053-04-23,M09,Pump,0.56,40.31,3.74,18.1,555.7,idle,15.5,9.4,77.54,0,none,0.0
2053-04-24,M09,Pump,1.86,46.64,11.4,99.2,1336.2,normal,15.98,17.1,77.06,0,none,0.0
2053-04-25,M09,Pump,0.58,35.9,3.44,20.4,512.4,idle,16.45,14.9,76.59,0,none,0.0
2053-04-26,M09,Pump,1.73,61.44,12.57,122.2,1326.6,normal,16.77,15.4,76.27,0,none,0.0
2053-04-27,M09,Pump,0.58,42.34,3.71,15.2,528.1,idle,16.98,16.7,76.06,0,none,0.0
2053-04-28,M09,Pump,0.51,35.83,3.34,24.6,559.1,idle,17.12,9.1,75.92,0,none,0.0
2053-04-29,M09,Pump,1.92,50.7,11.14,100.4,1290.0,normal,17.45,15.8,75.59,0,none,0.0
2053-04-30,M09,Pump,2.1,46.19,11.84,128.8,1218.1,normal,17.58,13.2,75.46,0,none,0.0
2053-05-01,M09,Pump,0.58,37.75,3.39,23.4,548.8,idle,17.7,10.4,75.34,0,none,0.0
2053-05-02,M09,Pump,0.58,38.69,3.88,15.9,510.3,idle,17.98,17.1,75.06,0,none,0.0
2053-05-03,M09,Pump,0.68,43.17,3.84,21.2,520.5,idle,18.3,10.0,74.74,0,none,0.0
2053-05-04,M09,Pump,2.17,43.17,3.84,97.0,1202.5,normal,18.8,14.3,74.24,0,none,0.0
2053-05-05,M09,Pump,2.55,72.82,3.84,140.8,1784.0,peak,18.9,13.3,74.14,0,none,0.0
2053-05-06,M09,Pump,1.75,46.04,11.27,88.5,1262.4,normal,18.95,10.4,74.09,0,none,0.0
2053-05-07,M09,Pump,1.99,52.41,11.28,126.9,1277.2,normal,19.12,13.2,73.92,0,none,0.0
2053-05-08,M09,Pump,2.07,60.97,11.57,107.1,1290.3,normal,19.37,16.0,73.67,0,none,0.0
2053-05-09,M09,Pump,1.88,60.43,12.58,96.9,1202.2,normal,19.67,12.8,73.37,0,none,0.0
2053-05-10,M09,Pump,1.87,47.69,11.31,97.0,1231.1,normal,20.07,11.9,72.97,0,none,0.0
2053-05-11,M09,Pump,0.69,41.53,3.66,15.1,507.2,idle,20.35,9.3,72.69,0,none,0.0
2053-05-12,M09,Pump,2.09,53.96,11.09,120.9,1245.4,normal,20.58,12.6,72.46,0,none,0.0
2053-05-13,M09,Pump,0.58,44.74,3.31,22.2,566.4,idle,20.8,13.8,72.24,0,none,0.0
2053-05-14,M09,Pump,1.73,44.74,11.83,123.7,1246.2,normal,21.08,9.2,71.96,0,none,0.0
2053-05-15,M09,Pump,2.19,59.88,12.25,119.9,1265.5,normal,21.3,8.0,71.74,0,none,0.0
2053-05-16,M09,Pump,2.19,51.05,11.66,110.1,1325.8,normal,21.38,15.8,71.66,0,none,0.0
2053-05-17,M09,Pump,0.6,39.03,3.86,17.9,548.2,idle,21.55,11.7,71.49,0,none,0.0
2053-05-18,M09,Pump,1.75,47.6,12.29,82.3,1223.3,normal,21.67,15.1,71.37,0,none,0.0
2053-05-19,M09,Pump,2.01,55.08,12.12,128.8,1294.8,normal,22.07,11.8,70.97,0,none,0.0
2053-05-20,M09,Pump,2.0,53.74,12.26,78.7,1283.6,normal,22.13,13.4,70.91,0,none,0.0
2053-05-21,M09,Pump,1.73,50.06,12.13,78.7,1257.7,normal,22.22,11.9,70.82,0,none,0.0
2053-05-22,M09,Pump,0.58,39.98,3.83,15.2,531.3,idle,22.25,16.8,70.79,0,none,0.0
2053-05-23,M09,Pump,1.71,52.34,12.04,82.2,1272.8,normal,22.32,14.1,70.72,0,none,0.0
2053-05-24,M09,Pump,0.68,41.85,3.85,20.8,562.8,idle,22.55,8.2,70.49,0,none,0.0
2053-05-25,M09,Pump,1.77,55.35,12.19,123.4,1246.2,normal,22.75,15.1,70.29,0,none,0.0
2053-05-26,M09,Pump,1.7,67.41,11.05,85.9,1263.3,normal,22.92,11.5,70.12,0,none,0.0
2053-05-27,M09,Pump,1.95,64.19,11.9,106.5,1230.0,normal,23.08,12.0,69.96,0,none,0.0
2053-05-28,M09,Pump,1.98,53.01,11.2,127.2,1212.2,normal,23.23,15.5,69.81,0,none,0.0
2053-05-29,M09,Pump,2.81,83.62,15.36,145.9,1814.0,peak,23.72,17.7,69.32,0,none,0.0
2053-05-30,M09,Pump,1.85,62.46,11.68,129.3,1328.8,normal,23.87,8.9,69.17,0,none,0.0
2053-05-31,M09,Pump,0.68,35.64,3.42,16.7,547.0,idle,24.03,10.0,69.01,0,none,0.0
2053-06-01,M09,Pump,0.5,43.06,3.68,20.7,537.6,idle,24.53,10.7,68.51,0,none,0.0
2053-06-02,M09,Pump,0.5,49.55,11.57,103.4,1301.7,normal,24.92,17.9,68.12,0,none,0.0
2053-06-03,M09,Pump,1.84,63.54,12.62,92.2,1284.0,normal,25.4,14.7,67.64,0,none,0.0
2053-06-04,M09,Pump,1.87,49.39,12.61,129.6,1284.9,normal,25.85,8.1,67.19,0,none,0.0
2053-06-05,M09,Pump,0.68,41.42,3.7,19.8,516.5,idle,25.88,8.9,67.16,0,none,0.0
2053-06-06,M09,Pump,1.74,55.17,12.12,104.5,1304.3,normal,26.13,9.4,66.91,0,none,0.0
2053-06-07,M09,Pump,0.54,38.54,3.59,16.9,563.5,idle,26.42,17.6,66.62,0,none,0.0
2053-06-08,M09,Pump,2.04,47.11,12.43,106.5,1278.6,normal,26.72,13.9,66.32,0,none,0.0
2053-06-09,M09,Pump,0.7,41.18,3.93,24.1,507.1,idle,26.88,14.9,66.16,0,none,0.0
2053-06-10,M09,Pump,0.5,39.35,3.84,23.2,555.1,idle,27.25,17.7,65.79,0,none,0.0
2053-06-11,M09,Pump,0.59,42.5,3.8,18.1,511.8,idle,27.52,16.0,65.52,0,none,0.0
2053-06-12,M09,Pump,0.62,41.77,3.7,17.1,519.4,idle,27.75,10.3,65.29,0,none,0.0
2053-06-13,M09,Pump,0.64,44.63,3.96,20.2,562.1,idle,27.97,16.7,65.07,0,none,0.0
2053-06-14,M09,Pump,1.71,64.81,11.95,118.6,1200.8,normal,28.3,14.8,64.74,0,none,0.0
2053-06-15,M09,Pump,2.13,58.68,11.48,96.1,1230.1,normal,28.57,15.9,64.47,0,none,0.0
2053-06-16,M09,Pump,1.91,52.59,12.07,120.4,1347.3,normal,28.7,15.8,64.34,0,none,0.0
2053-06-17,M09,Pump,1.83,47.45,11.79,85.5,1325.1,normal,29.05,12.1,63.99,0,none,0.0
2053-06-18,M09,Pump,1.95,59.26,11.79,85.5,1325.1,normal,29.27,9.1,63.77,0,none,0.0
2053-06-19,M09,Pump,1.95,67.14,11.07,79.9,1344.0,normal,29.4,14.9,63.64,0,none,0.0
2053-06-20,M09,Pump,0.64,36.89,3.55,20.1,549.2,idle,29.57,15.5,63.47,0,none,0.0
2053-06-21,M09,Pump,2.12,46.9,12.31,102.8,1289.6,normal,29.6,16.2,63.44,0,none,0.0
2053-06-22,M09,Pump,1.95,55.37,11.41,102.6,1228.5,normal,29.97,10.7,63.07,0,none,0.0
2053-06-23,M09,Pump,0.51,38.74,3.32,20.6,505.1,idle,30.45,12.7,62.59,0,none,0.0
2053-06-24,M09,Pump,1.92,67.54,11.02,97.1,1301.0,normal,30.72,14.9,62.32,0,none,0.0
2053-06-25,M09,Pump,0.53,40.61,3.48,17.2,562.6,idle,30.83,17.3,62.21,0,none,0.0
2053-06-26,M09,Pump,0.54,38.77,3.42,17.8,520.5,idle,31.03,13.8,62.01,0,none,0.0
2053-06-27,M09,Pump,0.54,41.41,3.82,20.1,542.7,idle,31.53,11.0,61.51,0,none,0.0
2053-06-28,M09,Pump,2.11,67.99,11.91,126.7,1273.6,normal,31.65,11.6,61.39,0,none,0.0
2053-06-29,M09,Pump,2.09,58.18,12.77,101.3,1304.4,normal,31.83,11.9,61.21,0,none,0.0
2053-06-30,M09,Pump,1.93,64.71,12.99,90.7,1271.2,normal,32.17,9.4,60.87,0,none,0.0
2053-07-01,M09,Pump,2.45,72.11,16.86,153.6,1809.3,peak,32.23,15.5,60.81,0,none,0.0
2053-07-02,M09,Pump,0.63,40.6,3.5,17.3,541.3,idle,32.52,15.0,60.52,0,none,0.0
2053-07-03,M09,Pump,0.63,36.39,3.52,17.3,502.6,idle,32.73,9.3,60.31,0,none,0.0
2053-07-04,M09,Pump,2.12,36.39,11.08,109.3,1263.9,normal,32.93,8.1,60.11,0,none,0.0
2053-07-05,M09,Pump,2.12,65.87,11.57,118.8,1246.5,normal,32.97,17.7,60.07,0,none,0.0
2053-07-06,M09,Pump,0.56,36.93,3.77,17.6,532.5,idle,33.38,16.9,59.66,0,none,0.0
2053-07-07,M09,Pump,0.56,36.93,3.77,16.6,532.5,idle,33.78,14.5,59.26,0,none,0.0
2053-07-08,M09,Pump,2.16,45.97,12.59,90.8,1300.5,normal,34.05,11.1,58.99,0,none,0.0
2053-07-09,M09,Pump,0.64,44.26,3.66,23.5,503.2,idle,34.38,10.8,58.66,0,none,0.0
2053-07-10,M09,Pump,0.58,39.4,3.68,19.8,567.8,idle,34.82,9.8,58.22,0,none,0.0
2053-07-11,M09,Pump,0.52,37.65,3.98,19.4,540.0,idle,35.02,16.2,58.02,0,none,0.0
2053-07-12,M09,Pump,0.52,37.84,3.33,16.4,544.3,idle,35.42,10.3,57.62,0,none,0.0
2053-07-13,M09,Pump,0.65,43.7,3.48,18.3,539.9,idle,35.53,17.1,57.51,0,none,0.0
2053-07-14,M09,Pump,0.52,43.07,3.64,24.7,508.2,idle,35.83,15.2,57.21,0,none,0.0
2053-07-15,M09,Pump,1.77,53.02,11.41,114.2,1342.0,normal,36.22,16.5,56.82,0,none,0.0
2053-07-16,M09,Pump,0.52,37.42,3.47,20.1,531.6,idle,36.27,8.1,56.77,0,none,0.0
2053-07-17,M09,Pump,2.06,61.85,12.15,108.7,1326.3,normal,36.58,9.0,56.46,0,none,0.0
2053-07-18,M09,Pump,0.58,35.12,3.45,15.3,527.5,idle,36.97,10.8,56.07,0,none,0.0
2053-07-19,M09,Pump,0.57,35.99,3.83,20.5,515.8,idle,37.33,12.1,55.71,0,none,0.0
2053-07-20,M09,Pump,0.65,41.68,3.43,24.8,512.4,idle,37.4,10.4,55.64,0,none,0.0
2053-07-21,M09,Pump,0.65,44.68,3.81,21.7,563.2,idle,37.88,18.0,55.16,0,none,0.0
2053-07-22,M09,Pump,0.55,37.77,3.75,23.8,543.2,idle,38.22,10.8,54.82,0,none,0.0
2053-07-23,M09,Pump,2.19,50.13,12.65,126.2,1264.0,normal,38.62,10.9,54.42,0,none,0.0
2053-07-24,M09,Pump,0.69,37.02,3.97,24.0,504.6,idle,38.98,14.4,54.06,0,none,0.0
2053-07-25,M09,Pump,0.6,40.29,3.34,24.0,500.4,idle,39.48,11.1,53.56,0,none,0.0
2053-07-26,M09,Pump,0.6,39.64,3.96,18.4,546.1,idle,39.7,15.9,53.34,0,none,0.0
2053-07-27,M09,Pump,0.5,41.64,3.94,18.6,522.0,idle,40.2,13.4,52.84,0,none,0.0
2053-07-28,M09,Pump,0.63,38.29,3.58,17.7,522.0,idle,40.57,9.7,52.47,0,none,0.0
2053-07-29,M09,Pump,0.64,44.22,3.71,17.7,518.5,idle,40.88,15.1,52.16,0,none,0.0
2053-07-30,M09,Pump,0.69,44.1,3.38,24.1,567.5,idle,41.37,12.9,51.67,0,none,0.0
2053-07-31,M09,Pump,0.56,42.01,3.69,18.4,510.7,idle,41.68,10.1,51.36,0,none,0.0
2053-08-01,M09,Pump,0.57,44.28,3.87,18.3,538.3,idle,41.78,11.3,51.26,0,none,0.0
2053-08-02,M09,Pump,0.58,39.66,3.83,20.4,512.7,idle,41.95,17.5,51.09,0,none,0.0
2053-08-03,M09,Pump,1.83,58.06,12.39,104.4,1293.0,normal,42.23,8.8,50.81,0,none,0.0
2053-08-04,M09,Pump,2.09,58.06,12.95,90.2,1338.0,normal,42.53,16.8,50.51,0,none,0.0
2053-08-05,M09,Pump,2.55,77.97,15.91,149.3,1894.4,peak,42.95,16.4,50.09,0,none,0.0
2053-08-06,M09,Pump,2.56,80.12,16.61,144.9,1896.0,peak,43.43,12.7,49.61,0,none,0.0
2053-08-07,M09,Pump,0.61,44.14,3.76,21.5,524.2,idle,43.48,13.2,49.56,0,none,0.0
2053-08-08,M09,Pump,2.09,45.69,12.11,79.7,1246.0,normal,43.83,17.3,49.21,0,none,0.0
2053-08-09,M09,Pump,1.75,65.97,12.26,112.8,1327.7,normal,43.87,13.8,49.17,0,none,0.0
2053-08-10,M09,Pump,2.84,71.86,16.24,164.4,1782.1,peak,43.95,9.2,49.09,0,none,0.0
2053-08-11,M09,Pump,2.77,78.45,15.78,163.9,1803.5,peak,44.13,10.6,48.91,0,none,0.0
2053-08-12,M09,Pump,0.52,44.63,3.81,18.4,519.6,idle,44.37,8.8,48.67,0,none,0.0
2053-08-13,M09,Pump,0.52,74.1,16.07,145.4,1899.3,peak,44.45,16.6,48.59,0,none,0.0
2053-08-14,M09,Pump,2.08,58.06,12.49,125.7,1344.5,normal,44.6,13.8,48.44,0,none,0.0
2053-08-15,M09,Pump,0.66,43.49,3.58,18.9,556.6,idle,44.82,9.7,48.22,0,none,0.0
2053-08-16,M09,Pump,2.08,65.72,11.27,113.9,1297.2,normal,45.25,17.2,47.79,0,none,0.0
2053-08-17,M09,Pump,2.88,70.37,16.65,148.2,1297.2,peak,45.38,16.1,47.66,0,none,0.0
2053-08-18,M09,Pump,2.01,55.12,12.49,128.0,1248.5,normal,45.77,13.5,47.27,0,none,0.0
2053-08-19,M09,Pump,0.65,38.15,3.89,19.4,531.5,idle,46.13,17.7,46.91,0,none,0.0
2053-08-20,M09,Pump,2.09,56.41,11.53,129.8,1293.0,normal,46.25,18.0,46.79,0,none,0.0
2053-08-21,M09,Pump,2.02,59.87,12.77,87.6,1208.9,normal,46.63,10.9,46.41,0,none,0.0
2053-08-22,M09,Pump,0.58,40.65,3.5,21.9,505.2,idle,47.02,15.3,46.02,0,none,0.0
2053-08-23,M09,Pump,2.1,61.52,11.43,93.5,1321.0,normal,47.28,12.7,45.76,0,none,0.0
2053-08-24,M09,Pump,0.65,43.14,3.53,24.7,550.1,idle,47.6,14.3,45.44,0,none,0.0
2053-08-25,M09,Pump,1.73,55.99,12.33,86.8,1335.3,normal,47.8,11.3,45.24,0,none,0.0
2053-08-26,M09,Pump,2.08,46.87,12.83,99.0,1267.9,normal,47.88,15.5,45.16,0,none,0.0
2053-08-27,M09,Pump,0.66,41.44,3.61,17.6,536.2,idle,48.3,16.3,44.74,0,none,0.0
2053-08-28,M09,Pump,2.75,79.46,16.21,155.4,536.2,peak,48.62,15.5,44.42,0,none,0.0
2053-08-29,M09,Pump,1.98,51.64,11.32,109.6,1207.0,normal,48.85,17.7,44.19,0,none,0.0
2053-08-30,M09,Pump,1.98,50.69,11.39,97.5,1255.7,normal,48.9,14.7,44.14,0,none,0.0
2053-08-31,M09,Pump,0.52,37.47,3.3,18.5,555.8,idle,49.15,9.5,43.89,0,none,0.0
2053-09-01,M09,Pump,1.83,59.8,11.2,78.6,1274.8,normal,49.4,15.2,43.64,0,none,0.0
2053-09-02,M09,Pump,1.93,49.4,11.57,79.6,1319.7,normal,49.53,10.2,43.51,0,none,0.0
2053-09-03,M09,Pump,1.85,50.05,12.61,80.0,1242.7,normal,49.87,11.6,43.17,0,none,0.0
2053-09-04,M09,Pump,1.83,51.05,11.02,126.6,1329.6,normal,49.93,12.0,43.11,0,none,0.0
2053-09-05,M09,Pump,0.58,39.45,3.67,19.8,554.5,idle,50.4,9.3,42.64,0,none,0.0
2053-09-06,M09,Pump,0.6,36.89,3.38,24.2,503.4,idle,50.48,8.0,42.56,0,none,0.0
2053-09-07,M09,Pump,2.15,60.88,11.81,87.7,1246.6,normal,50.52,17.9,42.52,0,none,0.0
2053-09-08,M09,Pump,1.96,60.11,12.38,101.3,1246.6,normal,50.8,15.6,42.24,0,none,0.0
2053-09-09,M09,Pump,0.65,44.25,3.94,20.5,505.5,idle,51.13,8.2,41.91,0,none,0.0
2053-09-10,M09,Pump,0.51,39.03,3.81,20.0,543.9,idle,51.18,12.9,41.86,0,none,0.0
2053-09-11,M09,Pump,2.12,45.93,12.85,95.2,1207.0,normal,51.62,14.3,41.42,0,none,0.0
2053-09-12,M09,Pump,0.67,44.34,3.84,23.1,561.0,idle,52.05,17.2,40.99,0,none,0.0
2053-09-13,M09,Pump,0.6,41.8,3.5,17.5,542.6,idle,52.45,15.5,40.59,0,none,0.0
2053-09-14,M09,Pump,0.6,54.13,3.5,17.5,1277.8,normal,52.78,8.4,40.26,0,none,0.0
2053-09-15,M09,Pump,0.7,43.63,3.75,15.1,520.7,idle,53.23,15.5,39.81,0,none,0.0
2053-09-16,M09,Pump,1.91,60.01,11.79,121.0,1299.4,normal,53.28,16.9,39.76,0,none,0.0
2053-09-17,M09,Pump,1.87,63.04,11.61,81.3,1225.9,normal,53.58,13.0,39.46,0,none,0.0
2053-09-18,M09,Pump,1.7,64.14,12.25,107.7,1299.3,normal,53.93,15.0,39.11,0,none,0.0
2053-09-19,M09,Pump,2.03,58.01,12.68,100.9,1320.7,normal,54.18,11.0,38.86,0,none,0.0
2053-09-20,M09,Pump,0.66,37.0,3.62,23.4,558.2,idle,54.45,17.3,38.59,0,none,0.0
2053-09-21,M09,Pump,1.71,50.13,11.85,80.5,1239.1,normal,54.57,11.5,38.47,0,none,0.0
2053-09-22,M09,Pump,1.83,49.94,11.79,120.3,1236.6,normal,55.05,10.9,37.99,0,none,0.0
2053-09-23,M09,Pump,1.99,57.82,12.64,98.5,1233.5,normal,55.53,11.4,37.51,0,none,0.0
2053-09-24,M09,Pump,2.15,64.16,12.24,82.8,1202.4,normal,55.73,12.3,37.31,0,none,0.0
2053-09-25,M09,Pump,1.79,49.52,11.27,91.6,1250.7,normal,55.97,10.8,37.07,0,none,0.0
2053-09-26,M09,Pump,2.08,61.32,11.21,128.8,1312.8,normal,56.4,9.6,36.64,0,none,0.0
2053-09-27,M09,Pump,1.78,47.86,11.18,116.0,1235.4,normal,56.48,13.9,36.56,0,none,0.0
2053-09-28,M09,Pump,1.74,54.7,12.42,93.8,1272.4,normal,56.77,11.5,36.27,0,none,0.0
2053-09-29,M09,Pump,2.52,76.44,15.72,150.8,1819.9,peak,57.25,8.4,35.79,0,none,0.0
2053-09-30,M09,Pump,1.75,47.15,11.52,84.0,1237.9,normal,57.43,9.3,35.61,0,none,0.0
2053-10-01,M09,Pump,1.71,53.07,11.43,124.4,1328.7,normal,57.53,12.4,35.51,0,none,0.0
2053-10-02,M09,Pump,1.85,55.94,12.91,105.2,1327.3,normal,57.65,17.9,35.39,0,none,0.0
2053-10-03,M09,Pump,2.11,66.65,11.61,80.3,1215.6,normal,57.8,9.3,35.24,0,none,0.0
2053-10-04,M09,Pump,0.61,40.3,3.51,17.5,549.7,idle,58.22,17.5,34.82,0,none,0.0
2053-10-05,M09,Pump,0.57,41.04,3.8,19.3,513.5,idle,58.38,17.5,34.66,0,none,0.0
2053-10-06,M09,Pump,2.13,47.15,12.66,121.5,1285.7,normal,58.6,10.2,34.44,0,none,0.0
2053-10-07,M09,Pump,0.63,38.58,3.89,17.6,539.2,idle,58.63,15.2,34.41,0,none,0.0
2053-10-08,M09,Pump,1.7,66.62,3.89,114.9,1263.5,normal,58.68,12.6,34.36,0,none,0.0
2053-10-09,M09,Pump,0.54,39.92,3.85,21.1,536.9,idle,59.12,15.8,33.92,0,none,0.0
2053-10-10,M09,Pump,0.67,38.13,3.9,19.4,500.2,idle,59.17,10.3,33.87,0,none,0.0
2053-10-11,M09,Pump,0.65,43.78,3.64,19.6,556.4,idle,59.23,11.4,33.81,0,none,0.0
2053-10-12,M09,Pump,0.68,44.74,3.54,20.9,557.6,idle,59.6,12.6,33.44,0,none,0.0
2053-10-13,M09,Pump,0.61,39.62,3.7,18.6,513.5,idle,60.02,9.2,33.02,0,none,0.0
2053-10-14,M10,Pump,0.51,41.1,3.57,23.8,515.6,idle,297.83,17.2,68.0,0,none,0.0
2053-10-15,M10,Pump,0.56,44.71,3.69,18.5,515.6,idle,298.08,10.1,67.75,0,none,0.0
2053-10-16,M10,Pump,0.65,40.73,3.92,15.9,527.6,idle,298.18,10.3,67.65,0,none,0.0
2053-10-17,M10,Pump,0.66,38.86,3.95,16.5,523.6,idle,298.35,13.3,67.49,0,none,0.0
2053-10-18,M10,Pump,0.59,41.87,3.44,15.1,568.4,idle,298.56,9.6,67.27,0,none,0.0
2053-10-19,M10,Pump,0.68,38.0,3.64,19.9,560.9,idle,299.0,12.7,66.84,0,none,0.0
2053-10-20,M10,Pump,0.62,38.0,3.94,20.7,520.0,idle,299.5,16.5,66.34,0,none,0.0
2053-10-21,M10,Pump,0.6,43.51,3.71,24.0,562.7,idle,299.65,9.8,66.19,0,none,0.0
2053-10-22,M10,Pump,0.57,39.48,3.77,16.1,562.7,idle,299.85,10.1,65.99,0,none,0.0
2053-10-23,M10,Pump,0.57,43.48,3.96,16.4,546.7,idle,299.9,10.3,65.94,0,none,0.0
2053-10-24,M10,Pump,0.63,43.48,3.96,17.2,520.4,idle,300.18,15.3,65.65,0,none,0.0
2053-10-25,M10,Pump,1.78,66.19,12.04,128.8,520.4,normal,300.58,8.1,65.25,0,none,0.0
2053-10-26,M10,Pump,0.61,42.89,3.86,17.3,520.2,idle,300.98,9.4,64.85,0,none,0.0
2053-10-27,M10,Pump,0.52,43.05,3.86,15.8,518.0,idle,301.11,17.0,64.72,0,none,0.0
2053-10-28,M10,Pump,0.59,40.42,3.67,24.8,553.5,idle,301.25,8.1,64.59,0,none,0.0
2053-10-29,M10,Pump,0.52,37.94,3.54,18.1,555.0,idle,301.38,16.9,64.45,0,none,0.0
2053-10-30,M10,Pump,0.57,39.92,3.67,17.7,522.6,idle,301.51,14.3,64.32,0,none,0.0
2053-10-31,M10,Pump,2.09,64.93,11.07,109.5,1295.0,normal,301.83,13.1,64.0,0,none,0.0
2053-11-01,M10,Pump,0.65,41.94,3.91,15.8,527.2,idle,302.15,12.0,63.69,0,none,0.0
2053-11-02,M10,Pump,2.09,64.47,11.53,108.4,1227.1,normal,302.58,9.3,63.25,0,none,0.0
2053-11-03,M10,Pump,0.67,42.3,3.46,21.2,535.6,idle,302.95,13.5,62.89,0,none,0.0
2053-11-04,M10,Pump,0.55,43.93,3.4,19.7,535.6,idle,302.98,10.2,62.85,0,none,0.0
2053-11-05,M10,Pump,0.66,36.5,3.73,15.1,557.6,idle,303.06,16.0,62.77,0,none,0.0
2053-11-06,M10,Pump,0.55,42.21,3.72,15.5,512.8,idle,303.43,15.5,62.4,0,none,0.0
2053-11-07,M10,Pump,0.55,43.87,3.64,24.1,503.3,idle,303.81,12.8,62.02,0,none,0.0
2053-11-08,M10,Pump,1.7,66.81,12.45,118.7,1337.4,normal,304.06,11.9,61.77,0,none,0.0
2053-11-09,M10,Pump,0.7,35.98,3.41,16.9,557.3,idle,304.1,14.5,61.74,0,none,0.0
2053-11-10,M10,Pump,1.88,58.65,12.71,113.5,1209.8,normal,304.33,16.4,61.5,0,none,0.0
2053-11-11,M10,Pump,1.92,46.55,11.96,89.4,1200.2,normal,304.55,15.3,61.29,0,none,0.0
2053-11-12,M10,Pump,2.11,67.3,12.93,93.6,1324.3,normal,304.95,11.7,60.89,0,none,0.0
2053-11-13,M10,Pump,0.64,43.0,3.89,24.8,510.6,idle,305.33,15.9,60.5,0,none,0.0
2053-11-14,M10,Pump,2.08,61.89,11.58,98.4,1226.5,normal,305.6,9.6,60.24,0,none,0.0
2053-11-15,M10,Pump,2.08,65.22,12.23,104.6,1234.9,normal,305.78,10.1,60.05,0,none,0.0
2053-11-16,M10,Pump,2.09,45.19,11.93,122.8,1292.8,normal,305.88,12.5,59.95,0,none,0.0
2053-11-17,M10,Pump,2.78,71.06,15.57,156.8,1757.4,peak,306.25,17.7,59.59,0,none,0.0
2053-11-18,M10,Pump,1.87,53.14,12.0,96.8,1268.1,normal,306.5,11.6,59.34,0,none,0.0
2053-11-19,M10,Pump,1.97,47.95,11.36,121.3,1269.0,normal,306.63,17.6,59.2,0,none,0.0
2053-11-20,M10,Pump,2.61,76.51,15.35,146.0,1269.0,peak,306.93,10.1,58.9,0,none,0.0
2053-11-21,M10,Pump,1.88,55.94,11.3,86.1,1257.6,normal,307.38,10.2,58.45,0,none,0.0
2053-11-22,M10,Pump,1.89,65.32,11.07,129.6,1343.5,normal,307.65,14.1,58.19,0,none,0.0
2053-11-23,M10,Pump,0.61,42.19,3.95,17.5,522.1,idle,308.03,16.6,57.8,0,none,0.0
2053-11-24,M10,Pump,1.76,57.97,11.32,126.4,1264.7,normal,308.41,14.9,57.42,0,none,0.0
2053-11-25,M10,Pump,2.16,49.72,12.39,111.7,1260.0,normal,308.45,8.9,57.39,0,none,0.0
2053-11-26,M10,Pump,2.15,55.0,11.4,128.8,1266.2,normal,308.75,13.8,57.09,0,none,0.0
2053-11-27,M10,Pump,1.8,53.36,12.23,104.6,1295.3,normal,309.13,11.5,56.7,0,none,0.0
2053-11-28,M10,Pump,1.63,36.23,3.52,22.5,545.5,idle,309.35,14.8,56.49,0,none,0.0
2053-11-29,M10,Pump,1.63,52.25,3.52,122.8,1300.6,normal,309.76,11.3,56.07,0,none,0.0
2053-11-30,M10,Pump,1.74,58.96,11.02,112.4,1309.7,normal,310.0,16.8,55.84,0,none,0.0
2053-12-01,M10,Pump,1.95,45.09,12.33,120.6,1287.9,normal,310.41,12.0,55.42,0,none,0.0
2053-12-02,M10,Pump,0.64,35.9,3.8,21.1,523.2,idle,310.8,12.0,55.04,0,none,0.0
2053-12-03,M10,Pump,2.04,59.85,12.2,87.5,1244.4,normal,311.06,11.0,54.77,0,none,0.0
2053-12-04,M10,Pump,2.2,54.96,11.12,124.8,1225.9,normal,311.31,16.7,54.52,0,none,0.0
2053-12-05,M10,Pump,1.9,54.96,12.93,97.7,1306.3,normal,311.78,14.8,54.05,0,none,0.0
2053-12-06,M10,Pump,2.0,45.99,11.77,98.3,1348.5,normal,312.03,13.6,53.8,0,none,0.0
2053-12-07,M10,Pump,0.66,43.57,3.52,18.3,536.1,idle,312.25,8.9,53.59,0,none,0.0
2053-12-08,M10,Pump,2.02,61.75,12.64,18.3,1203.7,normal,312.66,13.3,53.17,0,none,0.0
2053-12-09,M10,Pump,2.1,59.05,12.06,110.7,1332.3,normal,312.78,16.6,53.05,0,none,0.0
2053-12-10,M10,Pump,2.1,48.73,11.87,126.1,1322.2,normal,313.01,9.0,52.82,0,none,0.0
2053-12-11,M10,Pump,1.8,61.43,11.51,96.1,1270.3,normal,313.23,12.0,52.6,0,none,0.0
2053-12-12,M10,Pump,1.92,45.67,11.51,122.0,1279.6,normal,313.61,10.1,52.22,0,none,0.0
2053-12-13,M10,Pump,2.5,73.72,15.25,144.2,1881.5,peak,314.0,10.3,51.84,0,none,0.0
2053-12-14,M10,Pump,1.94,47.59,11.51,134.7,1275.9,normal,314.35,11.4,47.81,0,none,0.0
2053-12-15,M10,Pump,1.96,57.14,11.23,114.6,1212.1,normal,314.38,13.6,47.78,0,none,0.0
2053-12-16,M10,Pump,2.06,46.46,11.91,145.6,1313.5,normal,314.8,11.6,47.36,0,none,0.0
2053-12-17,M10,Pump,1.89,57.89,11.35,93.9,1303.6,normal,315.16,8.7,46.99,0,none,0.0
2053-12-18,M10,Pump,1.92,52.58,11.51,135.9,1261.8,normal,315.45,8.5,46.71,0,none,0.0
2053-12-19,M10,Pump,1.9,66.1,11.33,108.6,1248.2,normal,315.51,9.5,46.64,0,none,0.0
2053-12-20,M10,Pump,2.6,79.12,16.25,130.9,1765.7,peak,315.78,11.8,46.38,0,none,0.0
2053-12-21,M10,Pump,0.55,36.12,3.4,19.9,522.0,idle,316.16,9.7,45.99,0,none,0.0
2053-12-22,M10,Pump,0.68,37.68,3.79,17.5,543.4,idle,316.55,10.0,45.61,0,none,0.0
2053-12-23,M10,Pump,2.15,59.43,11.46,82.9,1313.9,normal,316.66,15.3,45.49,0,none,0.0
2053-12-24,M10,Pump,1.98,51.45,12.95,117.7,1313.1,normal,316.96,13.6,45.19,0,none,0.0
2053-12-25,M10,Pump,1.76,53.4,11.99,127.9,1221.1,normal,317.03,11.9,45.13,0,none,0.0
2053-12-26,M10,Pump,2.02,61.44,11.77,100.4,1250.0,normal,317.36,14.0,44.79,0,none,0.0
2053-12-27,M10,Pump,2.0,48.82,12.39,101.9,1314.7,normal,317.66,15.2,44.49,0,none,0.0
2053-12-28,M10,Pump,2.06,48.82,12.39,99.5,1269.1,normal,318.08,17.8,44.08,0,none,0.0
2053-12-29,M10,Pump,1.97,68.1,12.7,113.7,1219.9,normal,318.33,17.2,43.83,0,none,0.0
2053-12-30,M10,Pump,1.91,46.63,12.4,108.4,1234.8,normal,318.76,13.7,43.39,0,none,0.0
2053-12-31,M10,Pump,2.12,65.1,11.39,115.4,1192.6,normal,319.15,11.6,43.01,0,none,0.0
2054-01-01,M10,Pump,1.84,65.35,12.12,149.3,1255.6,normal,319.31,17.9,42.84,0,none,0.0
2054-01-02,M10,Pump,0.73,38.57,3.77,26.4,520.2,idle,319.76,14.7,42.39,0,none,0.0
2054-01-03,M10,Pump,0.53,36.87,3.95,24.9,531.0,idle,320.05,12.1,42.11,0,none,0.0
2054-01-04,M10,Pump,0.7,44.44,3.68,25.5,525.8,idle,320.48,14.6,41.68,0,none,0.0
2054-01-05,M10,Pump,0.68,36.71,3.45,27.1,514.7,idle,320.8,10.9,41.36,0,none,0.0
2054-01-06,M10,Pump,0.61,43.11,3.76,15.2,545.4,idle,321.26,10.7,40.89,0,none,0.0
2054-01-07,M10,Pump,0.67,45.1,3.73,19.1,545.4,idle,321.6,10.5,40.56,0,none,0.0
2054-01-08,M10,Pump,0.54,36.98,3.44,24.9,552.8,idle,321.73,17.7,40.43,0,none,0.0
2054-01-09,M10,Pump,0.65,38.47,3.46,20.4,554.2,idle,322.16,8.6,39.99,0,none,0.0
2054-01-10,M10,Pump,2.13,65.26,12.22,109.8,1268.6,normal,322.66,11.3,39.49,0,none,0.0
2054-01-11,M10,Pump,0.56,41.29,3.97,19.1,520.7,idle,323.0,11.3,39.16,0,none,0.0
2054-01-12,M10,Pump,0.67,40.67,3.73,19.3,557.2,idle,323.06,12.4,39.09,0,none,0.0
2054-01-13,M10,Pump,0.56,41.72,3.52,16.5,535.3,idle,323.25,12.4,38.91,0,none,0.0
2054-01-14,M10,Pump,0.77,44.48,3.55,19.3,493.5,idle,323.68,10.4,38.48,0,none,0.0
2054-01-15,M10,Pump,0.67,38.0,3.94,16.6,490.6,idle,323.83,11.5,38.33,0,none,0.0
2054-01-16,M10,Pump,0.74,46.49,3.43,17.8,540.5,idle,324.06,14.2,38.09,0,none,0.0
2054-01-17,M10,Pump,0.67,46.6,3.65,11.9,490.8,idle,324.3,11.2,37.86,0,none,0.0
2054-01-18,M10,Pump,0.67,44.64,3.93,25.4,505.1,idle,324.35,13.7,37.81,0,none,0.0
2054-01-19,M10,Pump,0.72,45.47,3.98,20.4,531.8,idle,324.73,11.9,37.43,0,none,0.0
2054-01-20,M10,Pump,0.68,43.25,3.58,19.2,537.2,idle,325.1,17.3,37.06,0,none,0.0
2054-01-21,M10,Pump,0.6,41.82,3.69,21.2,533.7,idle,325.58,10.5,36.58,0,none,0.0
2054-01-22,M10,Pump,0.67,43.95,3.56,20.6,504.3,idle,325.78,9.1,36.38,0,none,0.0
2054-01-23,M10,Pump,0.57,44.41,4.09,15.2,551.0,idle,326.16,8.3,35.99,0,none,0.0
2054-01-24,M10,Pump,0.7,39.81,3.39,16.2,534.7,idle,326.43,13.2,35.73,0,none,0.0
2054-01-25,M10,Pump,2.05,55.25,3.39,75.4,1290.9,normal,326.63,12.2,35.53,0,none,0.0
2054-01-26,M10,Pump,0.6,42.47,3.75,23.3,506.4,idle,326.88,11.0,35.28,0,none,0.0
2054-01-27,M10,Pump,0.62,45.01,3.58,18.3,544.3,idle,327.01,10.6,35.14,0,none,0.0
2054-01-28,M10,Pump,0.76,39.4,3.86,23.0,505.5,idle,327.26,13.8,34.89,0,none,0.0
2054-01-29,M10,Pump,0.66,40.68,3.78,18.6,545.5,idle,327.76,8.8,34.39,0,none,0.0
2054-01-30,M10,Pump,2.36,59.05,13.3,90.4,1234.5,normal,328.21,17.9,33.94,0,none,0.0
2054-01-31,M10,Pump,0.77,39.85,3.51,20.3,544.1,idle,328.55,12.1,33.61,0,none,0.0
2054-02-01,M10,Pump,2.0,65.61,12.21,114.8,1183.1,normal,328.76,12.1,33.39,0,none,0.0
2054-02-02,M10,Pump,2.53,68.4,12.18,134.8,1292.5,normal,329.16,13.6,32.99,0,none,0.0
2054-02-03,M10,Pump,0.68,47.61,4.1,15.3,488.8,idle,329.21,11.0,32.94,0,none,0.0
2054-02-04,M10,Pump,2.17,59.45,11.55,66.4,1302.6,normal,329.56,10.2,32.59,0,none,0.0
2054-02-05,M10,Pump,2.41,68.4,13.36,66.4,1260.5,normal,329.88,15.2,32.28,0,none,0.0
2054-02-06,M10,Pump,0.63,43.81,3.56,14.8,490.2,idle,329.96,13.2,32.19,0,none,0.0
2054-02-07,M10,Pump,0.72,47.8,3.5,21.1,530.0,idle,330.0,8.3,32.16,0,none,0.0
2054-02-08,M10,Pump,0.7,47.51,3.54,15.4,508.9,idle,330.45,9.9,31.71,0,none,0.0
2054-02-09,M10,Pump,3.2,77.23,15.86,118.7,1717.6,peak,330.53,16.8,31.63,0,none,0.0
2054-02-10,M10,Pump,2.26,70.46,12.66,101.7,1210.0,normal,331.01,11.5,31.14,0,none,0.0
2054-02-11,M10,Pump,2.31,65.47,13.1,81.9,1271.4,normal,331.33,11.7,30.83,0,none,0.0
2054-02-12,M10,Pump,2.9,73.88,17.07,155.1,1812.7,peak,331.75,16.1,30.41,0,none,0.0
2054-02-13,M10,Pump,2.34,59.75,13.02,155.1,1256.8,normal,332.1,13.8,30.06,0,none,0.0
2054-02-14,M10,Pump,2.43,60.64,13.34,89.7,1202.1,normal,332.33,15.2,29.83,0,none,0.0
2054-02-15,M10,Pump,2.5,69.33,12.71,117.9,1250.9,normal,332.55,13.8,29.61,0,none,0.0
2054-02-16,M10,Pump,0.63,39.79,4.02,26.1,488.7,idle,332.96,10.2,29.19,0,none,0.0
2054-02-17,M10,Pump,2.29,55.83,13.26,100.2,1235.6,normal,333.21,8.8,28.94,0,none,0.0
2054-02-18,M10,Pump,2.19,67.43,13.38,121.8,1222.3,normal,333.6,12.8,28.56,0,none,0.0
2054-02-19,M10,Pump,2.56,67.43,11.69,106.7,1176.6,normal,333.96,17.5,28.19,0,none,0.0
2054-02-20,M10,Pump,0.66,45.0,3.73,30.0,494.4,idle,334.1,15.5,28.06,0,none,0.0
2054-02-21,M10,Pump,2.67,57.52,12.54,99.2,1232.1,normal,334.58,15.2,27.58,0,none,0.0
2054-02-22,M10,Pump,2.65,66.54,11.98,113.3,1209.5,normal,334.8,17.2,27.36,0,none,0.0
2054-02-23,M10,Pump,2.13,69.74,12.27,109.4,1189.3,normal,335.15,9.5,27.01,0,none,0.0
2054-02-24,M10,Pump,0.65,48.42,3.48,15.5,526.9,idle,335.28,8.7,26.88,0,none,0.0
2054-02-25,M10,Pump,2.26,59.73,12.67,94.1,1255.0,normal,335.61,17.6,26.54,0,none,0.0
2054-02-26,M10,Pump,3.66,84.97,16.25,126.5,1787.7,peak,336.1,15.7,26.06,0,none,0.0
2054-02-27,M10,Pump,2.35,58.17,13.49,65.1,1219.3,normal,336.48,17.9,25.68,0,none,0.0
2054-02-28,M10,Pump,0.82,47.11,3.73,20.0,476.6,idle,336.96,17.4,25.19,0,none,0.0
2054-03-01,M10,Pump,2.44,63.38,13.36,70.5,1260.3,normal,337.18,11.5,24.98,0,none,0.0
2054-03-02,M10,Pump,2.56,65.17,12.36,91.2,1242.2,normal,337.45,8.1,24.71,0,none,0.0
2054-03-03,M10,Pump,2.56,43.92,4.13,26.9,533.5,idle,337.51,17.0,24.64,0,none,0.0
2054-03-04,M10,Pump,2.26,67.5,13.3,94.4,1252.2,normal,338.01,17.8,24.14,0,none,0.0
2054-03-05,M10,Pump,2.31,61.98,12.18,124.3,1183.2,normal,338.06,17.2,24.09,0,none,0.0
2054-03-06,M10,Pump,3.22,85.45,17.12,108.0,1760.1,peak,338.4,11.7,23.76,1,hydraulic,2802.0
2054-03-07,M10,Pump,0.7,42.13,4.02,14.4,512.3,idle,338.68,9.7,23.48,1,hydraulic,3267.0
2054-03-08,M10,Pump,0.68,46.26,3.63,12.5,500.1,idle,338.73,8.6,23.43,1,hydraulic,1997.0
2054-03-09,M10,Pump,0.83,41.97,3.56,17.3,501.6,idle,339.11,16.6,23.04,1,hydraulic,2442.0
2054-03-10,M10,Pump,0.71,43.22,4.2,21.3,503.9,idle,339.6,16.4,22.56,1,hydraulic,2301.0
2054-03-11,M10,Pump,2.77,51.01,13.05,119.2,1265.0,normal,339.65,11.6,22.51,1,hydraulic,3580.0
2054-03-12,M10,Pump,2.74,59.31,12.06,78.3,1272.2,normal,340.08,15.2,22.08,1,hydraulic,3257.0
2054-03-13,M10,Pump,2.35,73.06,13.33,80.0,1246.2,normal,340.53,9.2,21.63,1,hydraulic,2896.0
2054-03-14,M10,Pump,2.2,63.18,12.36,100.5,1200.2,normal,340.88,14.6,21.28,1,hydraulic,3979.0
2054-03-15,M10,Pump,0.77,47.23,4.0,30.4,522.0,idle,341.36,16.5,20.79,1,hydraulic,3084.0
2054-03-16,M10,Pump,2.63,59.77,11.89,98.6,1198.6,normal,341.73,15.6,20.43,1,hydraulic,1698.0
2054-03-17,M10,Pump,2.62,65.73,13.66,73.8,1219.3,normal,341.91,11.4,20.24,1,hydraulic,2077.0
2054-03-18,M10,Pump,2.77,60.16,12.66,120.1,1207.2,normal,342.35,10.2,19.81,1,hydraulic,3625.0
2054-03-19,M10,Pump,2.72,72.41,12.86,63.8,1245.3,normal,342.43,10.7,19.73,1,hydraulic,3780.0
2054-03-20,M10,Pump,2.74,53.62,12.82,121.7,1247.7,normal,342.86,10.6,19.29,1,hydraulic,3167.0
2054-03-21,M10,Pump,2.4,60.88,12.95,78.2,1261.6,normal,343.33,13.4,18.83,1,hydraulic,3546.0
2054-03-22,M10,Pump,2.84,52.97,12.31,80.8,1185.7,normal,343.41,16.0,18.74,1,hydraulic,2467.0
2054-03-23,M10,Pump,2.65,61.97,11.81,76.6,1150.8,normal,343.58,11.3,18.58,1,hydraulic,2943.0
2054-03-24,M10,Pump,0.78,47.92,3.74,18.1,521.8,idle,343.61,8.1,18.54,1,hydraulic,2861.0
2054-03-25,M10,Pump,2.79,57.59,12.58,78.0,1157.2,normal,344.08,13.0,18.08,1,hydraulic,2039.0
2054-03-26,M10,Pump,2.74,59.72,12.98,119.4,1225.9,normal,344.48,10.6,17.68,1,hydraulic,3933.0
2054-03-27,M10,Pump,0.78,45.05,3.65,23.2,475.5,idle,344.8,14.2,17.36,1,hydraulic,2926.0
2054-03-28,M10,Pump,0.67,61.96,3.69,16.7,524.1,idle,345.13,12.9,17.03,1,hydraulic,2623.0
2054-03-29,M10,Pump,0.93,48.78,3.62,19.5,476.3,idle,345.2,14.7,16.96,1,hydraulic,2689.0
2054-03-30,M10,Pump,0.69,47.22,4.19,28.4,519.7,idle,345.55,17.3,16.61,1,hydraulic,3314.0
2054-03-31,M10,Pump,0.8,46.34,4.22,24.5,497.1,idle,345.8,16.5,16.36,1,hydraulic,3685.0
2054-04-01,M10,Pump,0.76,42.56,4.13,17.7,500.5,idle,345.98,15.5,16.18,1,hydraulic,3959.0
2054-04-02,M10,Pump,0.84,49.16,3.59,14.1,512.5,idle,346.43,8.4,15.73,1,hydraulic,2670.0
2054-04-03,M10,Pump,0.79,43.59,4.26,21.5,503.8,idle,346.71,17.8,15.44,1,hydraulic,3422.0
2054-04-04,M10,Pump,0.86,43.37,4.24,25.2,508.2,idle,346.9,11.8,15.26,1,hydraulic,3885.0
2054-04-05,M10,Pump,0.85,48.87,4.03,25.2,501.1,idle,346.93,15.8,15.23,1,hydraulic,2030.0
2054-04-06,M10,Pump,0.75,46.37,3.86,13.4,516.8,idle,347.28,17.6,14.88,1,hydraulic,3098.0
2054-04-07,M10,Pump,0.78,47.47,3.65,18.6,514.9,idle,347.51,15.2,14.64,1,hydraulic,1532.0
2054-04-08,M10,Pump,0.78,47.47,3.65,14.7,487.8,idle,347.95,14.0,14.21,1,hydraulic,3138.0
2054-04-09,M10,Pump,0.71,47.96,4.06,27.0,482.7,idle,348.45,17.2,13.71,1,hydraulic,3191.0
2054-04-10,M10,Pump,0.75,43.79,3.57,17.8,474.4,idle,348.73,9.2,13.43,1,hydraulic,2144.0
2054-04-11,M10,Pump,0.87,51.92,3.59,26.6,506.2,idle,349.2,12.9,12.96,1,hydraulic,1683.0
2054-04-12,M10,Pump,0.92,43.87,4.22,31.0,522.2,idle,349.31,11.6,12.84,1,hydraulic,2041.0
2054-04-13,M10,Pump,0.9,43.25,3.7,21.6,478.1,idle,349.45,17.4,12.71,1,hydraulic,2620.0
2054-04-14,M10,Pump,2.56,53.54,13.16,97.1,1245.1,normal,349.56,11.4,12.59,1,hydraulic,3098.0
2054-04-15,M10,Pump,0.93,47.53,4.01,21.9,471.2,idle,350.03,13.2,12.13,1,hydraulic,3640.0
2054-04-16,M10,Pump,0.92,48.07,3.87,19.2,505.2,idle,350.5,14.0,11.66,1,hydraulic,3353.0
2054-04-17,M10,Pump,0.8,45.13,4.21,12.4,495.3,idle,350.61,17.6,11.54,1,hydraulic,2115.0
2054-04-18,M10,Pump,0.91,45.13,4.16,29.7,471.2,idle,350.65,17.1,11.51,1,hydraulic,2853.0
2054-04-19,M10,Pump,0.95,42.74,3.75,12.2,523.0,idle,350.78,9.9,11.38,1,hydraulic,2614.0
2054-04-20,M10,Pump,2.64,59.92,12.2,91.9,1192.9,normal,351.0,8.2,11.16,1,hydraulic,2441.0
2054-04-21,M10,Pump,0.71,48.65,4.14,16.3,514.8,idle,351.18,10.4,10.98,1,hydraulic,2006.0
2054-04-22,M10,Pump,0.76,43.49,4.09,29.2,493.8,idle,351.21,16.8,10.94,1,hydraulic,3870.0
2054-04-23,M10,Pump,2.93,63.28,12.28,85.8,1136.8,normal,351.38,16.9,10.78,1,hydraulic,1946.0
2054-04-24,M10,Pump,0.82,44.33,3.7,25.8,468.2,idle,351.83,17.1,10.33,1,hydraulic,1807.0
2054-04-25,M10,Pump,0.75,52.84,3.99,21.3,515.1,idle,352.0,16.1,10.16,1,hydraulic,3488.0
2054-04-26,M10,Pump,2.74,58.05,12.78,138.4,1225.1,normal,352.3,14.9,9.86,1,hydraulic,2306.0
2054-04-27,M10,Pump,0.77,45.65,3.81,25.2,477.8,idle,352.68,12.7,9.48,1,hydraulic,3923.0
2054-04-28,M10,Pump,3.02,75.61,13.36,113.3,1142.3,normal,353.11,14.9,9.04,1,hydraulic,2108.0
2054-04-29,M10,Pump,4.07,88.31,16.79,150.7,1675.0,peak,353.2,12.3,8.96,1,hydraulic,2434.0
2054-04-30,M10,Pump,2.96,73.21,13.27,120.1,1138.6,normal,353.26,14.2,8.89,1,hydraulic,3617.0
2054-05-01,M10,Pump,2.91,67.07,12.38,162.6,1172.7,normal,353.33,14.5,8.83,1,hydraulic,3821.0
2054-05-02,M10,Pump,2.96,65.3,13.93,109.6,1176.7,normal,353.56,11.1,8.59,1,hydraulic,2908.0
2054-05-03,M10,Pump,2.42,65.3,12.52,121.4,1213.7,normal,353.83,14.2,8.33,1,hydraulic,2389.0
2054-05-04,M10,Pump,2.74,66.25,13.92,113.9,1106.8,normal,354.21,13.0,7.94,1,hydraulic,2656.0
2054-05-05,M10,Pump,3.57,79.01,16.42,115.3,1106.8,peak,354.65,11.5,7.51,1,hydraulic,2373.0
2054-05-06,M10,Pump,0.78,47.45,3.89,26.5,514.5,idle,355.08,13.0,7.08,1,hydraulic,2088.0
2054-05-07,M10,Pump,1.0,49.6,3.96,26.1,500.0,idle,355.21,17.9,6.94,1,hydraulic,2110.0
2054-05-08,M10,Pump,2.8,70.54,13.01,100.9,500.0,normal,355.41,15.5,6.74,1,hydraulic,2818.0
2054-05-09,M10,Pump,2.75,62.75,13.62,86.1,1156.0,normal,355.55,8.7,6.61,1,hydraulic,3656.0
2054-05-10,M10,Pump,2.94,67.57,13.14,72.0,1198.6,normal,355.93,9.9,6.23,1,hydraulic,1688.0
2054-05-11,M10,Pump,2.9,73.85,13.56,88.1,1180.0,normal,356.08,11.7,6.08,1,hydraulic,3659.0
2054-05-12,M10,Pump,2.47,62.67,12.86,86.2,1119.6,normal,356.2,12.7,5.96,1,hydraulic,2573.0
2054-05-13,M10,Pump,2.91,58.23,14.04,131.8,1191.1,normal,356.46,12.4,5.69,1,hydraulic,1681.0
2054-05-14,M10,Pump,2.92,60.86,13.94,110.3,1163.2,normal,356.78,13.5,5.38,1,hydraulic,2814.0
2054-05-15,M10,Pump,0.88,52.87,3.64,14.1,508.8,idle,357.18,13.0,4.98,1,hydraulic,2029.0
2054-05-16,M10,Pump,2.49,68.67,12.87,65.9,1175.8,normal,357.23,11.1,4.93,1,hydraulic,2381.0
2054-05-17,M10,Pump,4.21,86.07,16.67,65.9,1725.4,peak,357.63,13.6,4.53,1,hydraulic,1920.0
2054-05-18,M10,Pump,0.76,45.71,4.35,22.3,499.5,idle,357.85,15.1,4.31,1,hydraulic,1890.0
2054-05-19,M10,Pump,0.77,46.59,3.74,18.7,479.4,idle,358.23,12.8,3.93,1,hydraulic,1836.0
2054-05-20,M10,Pump,0.75,47.13,4.26,16.1,494.8,idle,358.4,10.6,3.76,1,hydraulic,1998.0
2054-05-21,M10,Pump,0.76,53.05,4.01,25.0,513.2,idle,358.43,8.8,3.73,1,hydraulic,2956.0
2054-05-22,M10,Pump,0.76,67.03,13.74,75.6,1137.7,normal,358.53,16.7,3.63,1,hydraulic,2752.0
2054-05-23,M10,Pump,1.03,46.41,4.01,28.3,478.3,idle,358.75,11.1,3.41,1,hydraulic,2374.0
2054-05-24,M10,Pump,2.78,55.76,12.44,122.2,1199.7,normal,358.81,14.1,3.34,1,hydraulic,2001.0
2054-05-25,M10,Pump,0.82,48.2,3.95,22.0,494.6,idle,359.2,10.3,2.96,1,hydraulic,2633.0
2054-05-26,M10,Pump,2.52,74.72,12.7,132.4,1148.0,normal,359.65,12.5,2.51,1,hydraulic,3414.0
2054-05-27,M10,Pump,3.08,73.47,12.7,127.7,1168.7,normal,359.68,15.5,2.48,1,hydraulic,2739.0
2054-05-28,M10,Pump,2.86,65.31,12.71,93.9,1160.2,normal,359.83,14.0,2.33,1,hydraulic,3723.0
2054-05-29,M10,Pump,2.55,76.07,13.48,95.8,1093.2,normal,360.23,13.5,1.93,1,hydraulic,1781.0
2054-05-30,M10,Pump,3.0,55.1,13.56,98.3,1172.7,normal,360.65,13.1,1.51,1,hydraulic,3450.0
2054-05-31,M10,Pump,2.83,69.99,12.38,109.1,1116.5,normal,360.95,17.5,1.21,1,hydraulic,2035.0
2054-06-01,M10,Pump,2.84,60.58,12.25,94.9,1178.3,normal,361.03,13.9,1.13,1,hydraulic,2545.0
2054-06-02,M10,Pump,2.96,76.95,13.03,94.9,1176.3,normal,361.16,17.8,0.99,1,hydraulic,2022.0
2054-06-03,M10,Pump,3.96,89.12,18.55,110.9,1645.0,peak,361.45,13.8,0.71,1,hydraulic,2362.0
2054-06-04,M10,Pump,3.12,72.27,13.22,68.1,1214.0,normal,361.58,9.7,0.58,1,hydraulic,3966.0
2054-06-05,M10,Pump,2.83,62.2,14.25,151.5,1125.6,normal,361.78,8.4,0.5,1,hydraulic,1556.0
2054-06-06,M10,Pump,2.77,71.54,12.83,117.3,1212.8,normal,361.96,14.9,0.5,1,hydraulic,3651.0
2054-06-07,M10,Pump,0.91,52.61,4.18,20.0,507.0,idle,362.1,13.6,0.5,1,hydraulic,3431.0
2054-06-08,M10,Pump,0.6,42.53,3.86,24.5,549.9,idle,0.0,11.8,77.68,0,none,0.0
2054-06-09,M10,Pump,2.15,47.19,11.25,86.2,1221.7,normal,0.48,15.6,77.19,0,none,0.0
2054-06-10,M10,Pump,0.52,36.23,4.0,17.7,533.5,idle,0.72,14.7,76.96,0,none,0.0
2054-06-11,M10,Pump,0.66,36.18,3.52,16.6,504.4,idle,0.98,15.2,76.69,0,none,0.0
2054-06-12,M10,Pump,2.18,64.74,3.52,123.2,1223.2,normal,1.1,13.5,76.58,0,none,0.0
2054-06-13,M10,Pump,0.66,42.28,3.95,17.2,529.0,idle,1.2,17.7,76.48,0,none,0.0
2054-06-14,M10,Pump,0.56,37.58,3.76,16.6,532.5,idle,1.65,13.4,76.03,0,none,0.0
2054-06-15,M10,Pump,0.63,36.3,3.48,24.7,555.7,idle,1.73,17.3,75.94,0,none,0.0
2054-06-16,M10,Pump,0.63,64.69,11.03,78.3,1223.1,normal,2.22,12.2,75.46,0,none,0.0
2054-06-17,M10,Pump,0.6,40.7,3.38,78.3,558.0,idle,2.53,13.6,75.14,0,none,0.0
2054-06-18,M10,Pump,0.59,44.92,3.46,21.5,556.3,idle,2.7,9.3,74.98,0,none,0.0
2054-06-19,M10,Pump,0.67,38.06,3.44,17.3,546.7,idle,2.87,10.2,74.81,0,none,0.0
2054-06-20,M10,Pump,0.6,40.99,3.31,18.9,521.7,idle,3.0,8.1,74.68,0,none,0.0
2054-06-21,M10,Pump,0.67,42.76,3.6,21.3,503.3,idle,3.18,11.6,74.49,0,none,0.0
2054-06-22,M10,Pump,2.02,47.24,12.43,107.8,1245.1,normal,3.52,12.3,74.16,0,none,0.0
2054-06-23,M10,Pump,0.57,35.9,3.53,24.7,534.0,idle,3.63,8.4,74.04,0,none,0.0
2054-06-24,M10,Pump,0.59,41.29,3.64,18.6,509.8,idle,3.87,17.7,73.81,0,none,0.0
2054-06-25,M10,Pump,2.02,62.23,12.85,78.2,1210.0,normal,3.92,13.4,73.76,0,none,0.0
2054-06-26,M10,Pump,0.68,41.31,3.97,19.3,529.2,idle,4.07,10.0,73.61,0,none,0.0
2054-06-27,M10,Pump,1.87,48.28,11.76,78.8,1276.4,normal,4.43,10.1,73.24,0,none,0.0
2054-06-28,M10,Pump,0.67,38.21,3.37,24.7,509.0,idle,4.63,15.3,73.04,0,none,0.0
2054-06-29,M10,Pump,1.96,63.61,11.5,121.8,1283.5,normal,4.97,13.6,72.71,0,none,0.0
2054-06-30,M10,Pump,1.87,64.91,12.24,110.0,1275.6,normal,5.05,14.6,72.63,0,none,0.0
2054-07-01,M10,Pump,0.55,38.05,3.36,17.4,519.5,idle,5.53,11.5,72.14,0,none,0.0
2054-07-02,M10,Pump,1.73,47.54,11.54,17.4,1227.6,normal,5.63,9.8,72.04,0,none,0.0
2054-07-03,M10,Pump,0.6,40.08,11.54,21.1,1227.6,idle,5.67,15.5,72.01,0,none,0.0
2054-07-04,M10,Pump,2.01,45.59,11.76,114.3,1271.3,normal,5.93,8.9,71.74,0,none,0.0
2054-07-05,M10,Pump,0.58,41.72,3.5,24.1,528.9,idle,6.37,11.1,71.31,0,none,0.0
2054-07-06,M10,Pump,0.63,44.82,3.85,20.3,560.2,idle,6.77,10.3,70.91,0,none,0.0
2054-07-07,M10,Pump,1.98,55.16,12.75,79.4,1261.1,normal,7.0,17.5,70.68,0,none,0.0
2054-07-08,M10,Pump,1.87,61.42,11.03,112.4,1252.0,normal,7.08,12.1,70.59,0,none,0.0
2054-07-09,M10,Pump,1.75,67.55,11.42,96.2,1231.1,normal,7.28,17.3,70.39,0,none,0.0
2054-07-10,M10,Pump,2.8,81.74,16.72,147.8,1828.7,peak,7.7,13.5,69.98,0,none,0.0
2054-07-11,M10,Pump,0.63,41.3,3.8,22.7,506.8,idle,8.07,13.7,69.61,0,none,0.0
2054-07-12,M10,Pump,1.78,61.89,11.95,100.2,1268.3,normal,8.23,14.2,69.44,0,none,0.0
2054-07-13,M10,Pump,1.89,58.59,11.65,111.1,1230.4,normal,8.52,10.0,69.16,0,none,0.0
2054-07-14,M10,Pump,2.08,62.98,12.16,97.2,1202.2,normal,8.6,16.5,69.08,0,none,0.0
2054-07-15,M10,Pump,2.47,71.2,15.02,158.1,1893.4,peak,8.73,11.9,68.94,0,none,0.0
2054-07-16,M10,Pump,1.71,47.59,12.72,113.8,1260.7,normal,9.07,12.9,68.61,0,none,0.0
2054-07-17,M10,Pump,2.2,58.19,12.34,112.0,1233.4,normal,9.33,12.9,68.34,0,none,0.0
2054-07-18,M10,Pump,1.94,49.98,12.02,79.6,1257.3,normal,9.62,10.1,68.06,0,none,0.0
2054-07-19,M10,Pump,1.89,51.71,11.16,118.1,1263.1,normal,10.07,8.7,67.61,0,none,0.0
2054-07-20,M10,Pump,0.66,43.36,3.45,19.2,1263.1,idle,10.53,8.9,67.14,0,none,0.0
2054-07-21,M10,Pump,2.7,82.83,16.14,155.7,1868.0,peak,10.7,8.7,66.98,0,none,0.0
2054-07-22,M10,Pump,1.76,58.44,11.17,91.5,1231.9,normal,10.92,16.1,66.76,0,none,0.0
2054-07-23,M10,Pump,1.98,64.41,11.27,118.0,1221.5,normal,11.23,13.5,66.44,0,none,0.0
2054-07-24,M10,Pump,0.54,44.17,3.31,17.0,515.1,idle,11.55,9.8,66.13,0,none,0.0
2054-07-25,M10,Pump,1.84,53.36,11.21,102.4,1259.9,normal,12.0,9.3,65.68,0,none,0.0
2054-07-26,M10,Pump,2.01,64.95,11.6,106.4,1255.7,normal,12.13,8.1,65.54,0,none,0.0
2054-07-27,M10,Pump,1.72,63.88,12.27,78.1,1237.4,normal,12.58,12.1,65.09,0,none,0.0
2054-07-28,M10,Pump,0.56,43.12,3.83,19.0,511.0,idle,12.8,8.3,64.88,0,none,0.0
2054-07-29,M10,Pump,1.89,63.63,11.9,84.0,1205.8,normal,12.87,14.1,64.81,0,none,0.0
2054-07-30,M10,Pump,1.87,48.41,12.49,92.5,1331.6,normal,13.07,17.7,64.61,0,none,0.0
2054-07-31,M10,Pump,2.01,54.05,12.22,93.3,1221.2,normal,13.25,15.5,64.43,0,none,0.0
2054-08-01,M10,Pump,2.98,78.45,15.01,147.8,1221.2,peak,13.5,13.0,64.18,0,none,0.0
2054-08-02,M10,Pump,0.55,35.56,3.47,21.8,557.4,idle,13.62,10.6,64.06,0,none,0.0
2054-08-03,M10,Pump,1.87,57.02,11.08,82.7,1282.8,normal,13.95,8.9,63.73,0,none,0.0
2054-08-04,M10,Pump,0.67,35.88,3.59,24.7,551.7,idle,14.43,17.5,63.24,0,none,0.0
2054-08-05,M10,Pump,0.54,37.85,3.96,17.2,530.9,idle,14.52,11.8,63.16,0,none,0.0
2054-08-06,M10,Pump,2.61,77.35,15.47,156.7,1785.2,peak,14.98,10.5,62.69,0,none,0.0
2054-08-07,M10,Pump,0.62,38.58,3.48,21.9,1785.2,idle,15.25,8.2,62.43,0,none,0.0
2054-08-08,M10,Pump,2.13,47.0,11.91,114.1,1284.4,normal,15.72,16.0,61.96,0,none,0.0
2054-08-09,M10,Pump,2.06,67.43,11.68,118.1,1214.1,normal,16.07,8.9,61.61,0,none,0.0
2054-08-10,M10,Pump,2.13,62.9,12.04,120.7,1300.0,normal,16.57,13.3,61.11,0,none,0.0
2054-08-11,M10,Pump,1.98,62.9,11.26,129.6,1223.2,normal,16.6,14.1,61.08,0,none,0.0
2054-08-12,M10,Pump,1.94,50.32,11.54,110.9,1205.2,normal,16.93,14.7,60.74,0,none,0.0
2054-08-13,M10,Pump,2.17,50.32,11.55,122.9,1314.7,normal,17.17,17.8,60.51,0,none,0.0
2054-08-14,M10,Pump,0.63,36.46,3.84,18.6,569.6,idle,17.5,9.2,60.18,0,none,0.0
2054-08-15,M10,Pump,2.04,64.23,12.47,108.9,1307.5,normal,17.95,9.9,59.73,0,none,0.0
2054-08-16,M10,Pump,2.0,46.18,11.69,94.5,1307.1,normal,18.07,10.2,59.61,0,none,0.0
2054-08-17,M10,Pump,1.99,59.04,12.69,105.3,1232.7,normal,18.18,13.1,59.49,0,none,0.0
2054-08-18,M10,Pump,1.71,48.67,11.06,90.3,1295.2,normal,18.42,12.4,59.26,0,none,0.0
2054-08-19,M10,Pump,0.53,35.82,3.98,25.0,544.6,idle,18.53,17.1,59.14,0,none,0.0
2054-08-20,M10,Pump,2.47,82.32,16.08,144.6,1836.3,peak,18.88,9.0,58.79,0,none,0.0
2054-08-21,M10,Pump,0.51,44.72,3.88,17.6,529.3,idle,19.37,11.6,58.31,0,none,0.0
2054-08-22,M10,Pump,1.9,64.81,11.71,80.5,1232.2,normal,19.75,10.0,57.93,0,none,0.0
2054-08-23,M10,Pump,0.54,44.49,3.95,18.0,500.2,idle,20.18,12.7,57.49,0,none,0.0
2054-08-24,M10,Pump,1.96,44.49,11.54,100.8,1225.9,normal,20.27,11.4,57.41,0,none,0.0
2054-08-25,M10,Pump,1.86,62.45,11.86,101.3,1318.4,normal,20.65,16.3,57.03,0,none,0.0
2054-08-26,M10,Pump,0.65,36.87,3.59,23.5,532.0,idle,20.92,10.1,56.76,0,none,0.0
2054-08-27,M10,Pump,2.03,52.04,11.12,86.6,1260.3,normal,21.37,16.4,56.31,0,none,0.0
2054-08-28,M10,Pump,1.88,65.6,12.09,110.6,1303.3,normal,21.62,17.7,56.06,0,none,0.0
2054-08-29,M10,Pump,0.61,42.7,3.85,18.5,505.9,idle,21.87,12.1,55.81,0,none,0.0
2054-08-30,M10,Pump,0.7,41.43,3.8,22.6,542.9,idle,22.18,16.7,55.49,0,none,0.0
2054-08-31,M10,Pump,0.59,44.85,3.81,23.5,530.8,idle,22.57,15.5,55.11,0,none,0.0
2054-09-01,M10,Pump,2.15,61.84,12.49,82.5,1292.6,normal,22.62,13.2,55.06,0,none,0.0
2054-09-02,M10,Pump,0.57,41.69,3.7,16.1,537.1,idle,23.0,10.0,54.68,0,none,0.0
2054-09-03,M10,Pump,1.57,42.76,3.65,19.8,550.4,idle,23.22,17.9,54.46,0,none,0.0
2054-09-04,M10,Pump,2.03,67.81,11.7,113.8,1225.1,normal,23.5,16.2,54.18,0,none,0.0
2054-09-05,M10,Pump,0.66,42.86,3.81,16.2,569.1,idle,23.97,16.3,53.71,0,none,0.0
2054-09-06,M10,Pump,2.17,53.51,12.15,124.2,1274.2,normal,24.37,17.9,53.31,0,none,0.0
2054-09-07,M10,Pump,0.62,53.51,3.75,20.8,528.4,idle,24.62,16.8,53.06,0,none,0.0
2054-09-08,M10,Pump,0.61,43.71,3.9,22.7,529.0,idle,24.67,10.0,53.01,0,none,0.0
2054-09-09,M10,Pump,0.66,38.88,3.76,20.7,521.0,idle,24.95,12.9,52.73,0,none,0.0
2054-09-10,M10,Pump,1.93,64.1,12.83,88.7,1268.4,normal,25.2,15.7,52.48,0,none,0.0
2054-09-11,M10,Pump,0.59,39.89,3.98,20.2,558.1,idle,25.42,16.1,52.26,0,none,0.0
2054-09-12,M10,Pump,0.63,36.07,3.79,21.5,553.1,idle,25.87,11.3,51.81,0,none,0.0
2054-09-13,M10,Pump,0.51,37.41,3.84,18.7,563.8,idle,26.13,11.9,51.54,0,none,0.0
2054-09-14,M10,Pump,0.6,35.01,3.79,20.1,522.2,idle,26.48,13.8,51.19,0,none,0.0
2054-09-15,M10,Pump,1.71,49.57,11.32,108.3,1315.4,normal,26.65,15.4,51.03,0,none,0.0
2054-09-16,M10,Pump,0.55,41.98,3.93,21.2,554.3,idle,26.87,14.3,50.81,0,none,0.0
2054-09-17,M10,Pump,0.54,35.75,3.56,22.1,548.0,idle,27.28,16.5,50.39,0,none,0.0
2054-09-18,M10,Pump,2.18,59.49,11.82,119.5,1223.0,normal,27.45,14.5,50.23,0,none,0.0
2054-09-19,M10,Pump,0.66,38.66,3.41,16.6,568.9,idle,27.85,10.5,49.83,0,none,0.0
2054-09-20,M10,Pump,0.62,36.74,3.49,18.7,503.9,idle,28.28,12.4,49.39,0,none,0.0
2054-09-21,M10,Pump,0.52,42.62,3.85,24.9,504.7,idle,28.4,8.1,49.28,0,none,0.0
2054-09-22,M10,Pump,0.68,38.17,3.53,16.3,569.0,idle,28.82,16.3,48.86,0,none,0.0
2054-09-23,M10,Pump,0.7,43.65,3.36,23.4,544.4,idle,29.12,11.1,48.56,0,none,0.0
2054-09-24,M10,Pump,0.53,37.62,3.78,23.0,559.4,idle,29.27,10.6,48.41,0,none,0.0
2054-09-25,M10,Pump,1.97,57.3,12.37,118.4,1225.6,normal,29.77,12.4,47.91,0,none,0.0
2054-09-26,M10,Pump,1.97,52.86,11.77,82.0,1288.3,normal,30.23,13.5,47.44,0,none,0.0
2054-09-27,M10,Pump,0.52,44.13,3.73,24.9,517.2,idle,30.28,12.8,47.39,0,none,0.0
2054-09-28,M10,Pump,2.04,67.18,11.6,83.0,1295.1,normal,30.32,13.3,47.36,0,none,0.0
2054-09-29,M10,Pump,0.57,37.73,4.0,22.5,534.0,idle,30.45,11.7,47.23,0,none,0.0
2054-09-30,M10,Pump,1.73,49.41,11.6,103.3,1274.6,normal,30.68,9.9,46.99,0,none,0.0
2054-10-01,M10,Pump,1.71,49.41,12.09,103.3,1274.6,normal,31.03,12.1,46.64,0,none,0.0
2054-10-02,M10,Pump,1.74,61.59,12.4,129.2,1251.3,normal,31.27,15.4,46.41,0,none,0.0
2054-10-03,M10,Pump,0.53,35.92,3.35,23.1,550.3,idle,31.32,10.8,46.36,0,none,0.0
2054-10-04,M10,Pump,2.19,52.11,12.61,82.8,1335.6,normal,31.75,10.2,45.93,0,none,0.0
2054-10-05,M10,Pump,1.73,63.12,11.61,87.4,1305.7,normal,31.88,16.0,45.79,0,none,0.0
2054-10-06,M10,Pump,2.15,62.57,11.63,96.4,1228.4,normal,32.05,8.0,45.63,0,none,0.0
2054-10-07,M10,Pump,2.11,47.46,12.81,109.3,1288.3,normal,32.55,9.8,45.13,0,none,0.0
2054-10-08,M10,Pump,2.12,47.46,11.61,96.2,1226.0,normal,32.95,8.3,44.73,0,none,0.0
2054-10-09,M10,Pump,1.93,47.53,12.31,86.8,1329.6,normal,33.03,15.4,44.64,0,none,0.0
2054-10-10,M10,Pump,2.05,65.5,11.17,119.5,1332.1,normal,33.13,13.2,44.54,0,none,0.0
2054-10-11,M10,Pump,1.72,67.98,11.6,89.0,1262.2,normal,33.62,14.3,44.06,0,none,0.0
2054-10-12,M10,Pump,1.7,65.38,11.54,105.1,1293.5,normal,33.87,16.9,43.81,0,none,0.0
2054-10-13,M10,Pump,2.1,50.75,12.43,84.1,1305.6,normal,34.1,14.5,43.58,0,none,0.0
2054-10-14,M10,Pump,2.1,35.85,3.38,20.6,503.2,idle,34.27,18.0,43.41,0,none,0.0
2054-10-15,M10,Pump,1.79,49.37,11.96,20.6,1271.3,normal,34.77,12.3,42.91,0,none,0.0
2054-10-16,M10,Pump,1.96,61.8,12.89,104.2,1271.3,normal,34.82,16.5,42.86,0,none,0.0
2054-10-17,M10,Pump,2.56,79.52,16.89,159.1,1780.9,peak,34.92,10.0,42.76,0,none,0.0
2054-10-18,M10,Pump,2.15,61.92,11.26,115.1,1243.4,normal,35.37,12.7,42.31,0,none,0.0
2054-10-19,M10,Pump,1.95,51.91,11.17,118.0,1324.3,normal,35.45,9.5,42.23,0,none,0.0
2054-10-20,M10,Pump,1.95,37.4,3.6,23.1,505.4,idle,35.5,15.6,42.18,0,none,0.0
2054-10-21,M10,Pump,0.66,44.23,3.69,15.6,518.9,idle,35.68,8.7,41.99,0,none,0.0
2054-10-22,M10,Pump,1.76,50.96,12.62,80.9,1242.6,normal,36.18,9.8,41.49,0,none,0.0
2054-10-23,M10,Pump,1.96,65.1,11.5,118.5,1287.5,normal,36.47,12.8,41.21,0,none,0.0
2054-10-24,M10,Pump,2.04,64.82,11.05,105.5,1312.1,normal,36.78,16.7,40.89,0,none,0.0
2054-10-25,M10,Pump,2.14,48.05,11.68,82.1,1325.2,normal,36.98,11.0,40.69,0,none,0.0
2054-10-26,M10,Pump,2.13,56.12,11.04,83.3,1293.7,normal,37.28,16.8,40.39,0,none,0.0
2054-10-27,M10,Pump,2.19,64.29,12.6,99.7,1347.8,normal,37.57,12.7,40.11,0,none,0.0
2054-10-28,M10,Pump,2.11,52.72,12.5,100.5,1299.1,normal,37.87,10.4,39.81,0,none,0.0
2054-10-29,M10,Pump,2.19,50.67,12.59,108.7,1342.5,normal,38.33,8.9,39.34,0,none,0.0
2054-10-30,M10,Pump,1.77,61.55,11.07,90.8,1248.1,normal,38.5,11.2,39.18,0,none,0.0
2054-10-31,M10,Pump,0.59,44.65,3.35,16.7,514.2,idle,38.98,10.7,38.69,0,none,0.0
2054-11-01,M10,Pump,1.91,46.4,12.93,107.1,1322.0,normal,39.27,10.1,38.41,0,none,0.0
2054-11-02,M10,Pump,2.09,60.2,12.81,124.9,1219.2,normal,39.47,16.1,38.21,0,none,0.0
2054-11-03,M10,Pump,0.68,40.24,3.49,21.1,519.7,idle,39.68,15.7,37.99,0,none,0.0
2054-11-04,M10,Pump,1.94,63.78,11.06,87.5,1343.5,normal,40.07,8.3,37.61,0,none,0.0
2054-11-05,M10,Pump,1.92,51.98,12.85,125.4,1206.6,normal,40.5,15.3,37.18,0,none,0.0
2054-11-06,M10,Pump,1.92,51.98,11.36,125.4,1248.1,normal,40.98,11.3,36.69,0,none,0.0
2054-11-07,M10,Pump,2.07,48.64,12.19,78.0,1237.9,normal,41.42,12.8,36.26,0,none,0.0
2054-11-08,M10,Pump,0.53,37.1,3.9,24.1,552.9,idle,41.78,15.0,35.89,0,none,0.0
2054-11-09,M10,Pump,2.75,73.46,15.55,147.8,1866.5,peak,42.17,17.4,35.51,0,none,0.0
2054-11-10,M10,Pump,1.83,67.39,12.59,130.0,1268.9,normal,42.52,16.8,35.16,0,none,0.0
2054-11-11,M10,Pump,2.75,74.21,16.21,164.3,1754.6,peak,42.75,16.6,34.93,0,none,0.0
2054-11-12,M10,Pump,1.84,51.47,12.96,84.9,1321.8,normal,43.08,9.9,34.59,0,none,0.0
2054-11-13,M10,Pump,1.84,64.79,11.98,90.6,1306.5,normal,43.35,14.0,34.33,0,none,0.0
2054-11-14,M10,Pump,2.12,55.81,12.43,87.4,1340.6,normal,43.68,11.0,33.99,0,none,0.0
2054-11-15,M10,Pump,1.75,50.1,11.58,85.9,1261.0,normal,44.07,15.4,33.61,0,none,0.0
2054-11-16,M10,Pump,2.67,50.1,15.08,145.5,1871.2,peak,44.2,10.5,33.48,0,none,0.0
2054-11-17,M10,Pump,2.89,74.95,15.92,144.6,1873.3,peak,44.45,12.5,33.23,0,none,0.0
2054-11-18,M10,Pump,2.97,74.37,16.56,148.8,1873.3,peak,44.65,13.1,33.03,0,none,0.0
2054-11-19,M10,Pump,2.0,54.44,12.52,116.9,1341.9,normal,44.68,8.7,32.99,0,none,0.0
2054-11-20,M10,Pump,1.92,56.1,11.8,93.4,1295.7,normal,44.73,15.5,32.94,0,none,0.0
2054-11-21,M10,Pump,2.11,48.63,12.96,113.6,1317.0,normal,45.22,9.2,32.46,0,none,0.0
2054-11-22,M10,Pump,0.7,40.04,3.35,22.9,561.0,idle,45.25,10.7,32.43,0,none,0.0
2054-11-23,M10,Pump,1.78,45.56,11.27,94.8,1338.6,normal,45.53,12.6,32.14,0,none,0.0
2054-11-24,M10,Pump,0.5,43.04,3.9,23.1,505.8,idle,45.67,14.8,32.01,0,none,0.0
2054-11-25,M10,Pump,0.64,44.54,3.38,15.3,561.2,idle,45.85,15.3,31.83,0,none,0.0
2054-11-26,M10,Pump,2.02,59.87,12.93,118.0,1259.6,normal,46.15,16.1,31.53,0,none,0.0
2054-11-27,M10,Pump,0.59,36.45,3.51,19.4,518.3,idle,46.3,16.4,31.38,0,none,0.0
2054-11-28,M10,Pump,0.68,35.12,3.71,22.7,551.2,idle,46.52,12.3,31.16,0,none,0.0
2054-11-29,M10,Pump,0.63,39.1,3.94,18.3,552.5,idle,47.0,10.8,30.68,0,none,0.0
2054-11-30,M10,Pump,0.69,36.28,3.96,22.8,543.2,idle,47.38,10.9,30.29,0,none,0.0
2054-12-01,M10,Pump,0.57,44.04,3.33,19.3,553.0,idle,47.55,12.8,30.13,0,none,0.0
2054-12-02,M10,Pump,0.66,37.02,3.33,23.0,529.5,idle,47.85,8.1,29.83,0,none,0.0
2054-12-03,M10,Pump,1.77,46.97,12.28,108.3,1328.1,normal,47.93,13.5,29.74,0,none,0.0
2054-12-04,M10,Pump,0.51,43.68,3.92,19.5,505.4,idle,48.4,15.9,29.28,0,none,0.0
2054-12-05,M10,Pump,0.69,35.72,3.71,19.9,558.5,idle,48.85,17.9,28.83,0,none,0.0
2054-12-06,M10,Pump,0.6,39.69,3.92,24.6,538.5,idle,49.0,8.8,28.68,0,none,0.0
2054-12-07,M10,Pump,0.59,43.31,3.88,18.2,540.3,idle,49.28,11.3,28.39,0,none,0.0
2054-12-08,M10,Pump,0.53,41.36,3.88,16.9,522.6,idle,49.63,10.7,28.04,0,none,0.0
2054-12-09,M10,Pump,1.92,64.44,12.46,94.5,1236.5,normal,49.8,16.9,27.88,0,none,0.0
2054-12-10,M10,Pump,0.64,39.8,3.72,94.5,539.1,idle,50.12,13.7,27.56,0,none,0.0
2054-12-11,M10,Pump,2.01,65.41,12.74,85.8,1288.0,normal,50.32,13.9,27.36,0,none,0.0
2054-12-12,M10,Pump,0.59,37.86,3.74,20.1,554.2,idle,50.35,9.9,27.33,0,none,0.0
2054-12-13,M10,Pump,0.52,38.03,3.32,22.5,563.9,idle,50.72,14.3,26.96,0,none,0.0
2054-12-14,M10,Pump,0.62,41.17,3.33,20.0,536.9,idle,50.93,16.4,26.74,0,none,0.0
2054-12-15,M10,Pump,0.51,42.82,3.49,22.2,528.2,idle,51.4,12.2,26.28,0,none,0.0
2054-12-16,M10,Pump,0.51,42.82,3.34,22.2,517.1,idle,51.75,9.2,25.93,0,none,0.0
2054-12-17,M10,Pump,0.63,38.75,3.75,21.0,549.5,idle,51.97,16.3,25.71,0,none,0.0
2054-12-18,M10,Pump,0.5,43.36,3.64,20.2,528.8,idle,52.33,9.3,25.34,0,none,0.0
2054-12-19,M10,Pump,0.7,43.02,3.52,22.8,530.6,idle,52.68,12.0,24.99,0,none,0.0
2054-12-20,M10,Pump,0.67,35.31,3.55,19.3,552.1,idle,52.82,17.6,24.86,0,none,0.0
2054-12-21,M10,Pump,1.79,51.58,12.45,82.0,1230.2,normal,53.28,17.1,24.39,0,none,0.0
2054-12-22,M10,Pump,0.65,43.76,3.81,20.3,506.9,idle,53.5,12.0,24.18,0,none,0.0
2054-12-23,M10,Pump,2.9,71.86,15.77,141.3,1856.5,peak,53.67,17.8,24.01,0,none,0.0
2054-12-24,M10,Pump,1.95,65.87,11.28,120.6,1276.6,normal,53.7,14.4,23.98,0,none,0.0
2054-12-25,M10,Pump,0.57,41.44,3.85,19.4,516.3,idle,53.78,10.8,23.89,0,none,0.0
2054-12-26,M10,Pump,0.68,38.13,4.0,22.7,548.1,idle,54.23,16.0,23.44,0,none,0.0
2054-12-27,M10,Pump,0.68,55.32,12.0,97.6,1222.5,normal,54.62,17.2,23.06,0,none,0.0
2054-12-28,M10,Pump,1.88,46.72,11.58,82.3,1312.9,normal,54.65,16.7,23.03,0,none,0.0
2054-12-29,M10,Pump,2.04,66.62,11.76,118.9,1288.1,normal,55.02,10.2,22.66,0,none,0.0
2054-12-30,M10,Pump,2.79,78.21,16.56,141.1,1762.1,peak,55.33,11.3,22.34,0,none,0.0
2054-12-31,M10,Pump,1.75,51.64,12.18,111.6,1306.9,normal,55.37,10.0,22.31,0,none,0.0
2055-01-01,M10,Pump,2.57,79.75,15.24,140.2,1854.2,peak,55.75,9.4,21.93,0,none,0.0
2055-01-02,M10,Pump,0.64,41.22,15.24,24.3,561.3,idle,55.8,14.9,21.88,0,none,0.0
2055-01-03,M10,Pump,2.71,84.84,15.6,152.3,1889.2,peak,56.03,9.3,21.64,0,none,0.0
2055-01-04,M10,Pump,1.93,55.83,11.16,89.0,1223.7,normal,56.08,16.7,21.59,0,none,0.0
2055-01-05,M10,Pump,0.61,38.18,3.35,20.1,546.9,idle,56.53,13.7,21.14,0,none,0.0
2055-01-06,M10,Pump,2.84,82.56,15.96,149.8,1852.6,peak,56.58,11.5,21.09,0,none,0.0
2055-01-07,M10,Pump,1.71,59.57,11.81,101.5,1244.4,normal,56.88,12.5,20.79,0,none,0.0
2055-01-08,M10,Pump,1.76,54.23,11.62,127.9,1341.5,normal,57.18,15.6,20.49,0,none,0.0
2055-01-09,M10,Pump,2.02,65.79,12.5,96.0,1290.6,normal,57.47,16.8,20.21,0,none,0.0
2055-01-10,M10,Pump,0.54,41.87,3.33,23.3,540.8,idle,57.8,17.4,19.88,0,none,0.0
2055-01-11,M10,Pump,1.73,65.05,12.76,122.3,1316.2,normal,57.9,15.2,19.78,0,none,0.0
2055-01-12,M10,Pump,0.64,38.97,3.4,17.9,524.3,idle,58.27,10.4,19.41,0,none,0.0
2055-01-13,M10,Pump,0.64,58.01,11.42,87.9,1307.5,normal,58.73,16.6,18.94,0,none,0.0
2055-01-14,M10,Pump,1.7,48.44,11.87,85.8,1344.0,normal,59.05,9.5,18.63,0,none,0.0
2055-01-15,M10,Pump,1.7,48.44,11.22,98.0,1297.6,normal,59.43,13.2,18.24,0,none,0.0
2055-01-16,M10,Pump,2.18,55.87,12.38,88.2,1293.5,normal,59.53,10.7,18.14,0,none,0.0
2055-01-17,M10,Pump,1.82,49.56,12.02,89.0,1308.2,normal,59.63,16.7,18.04,0,none,0.0
2055-01-18,M10,Pump,2.17,54.05,11.64,87.2,1258.6,normal,59.72,9.8,17.96,0,none,0.0
2055-01-19,M10,Pump,1.98,53.58,12.25,87.2,1214.7,normal,59.93,12.7,17.74,0,none,0.0
2055-01-20,M10,Pump,0.64,44.0,3.32,20.5,542.3,idle,60.18,15.8,17.49,0,none,0.0
2055-01-21,M10,Pump,0.64,38.86,3.87,20.4,528.6,idle,60.57,11.4,17.11,0,none,0.0
2055-01-22,M10,Pump,2.06,66.33,12.62,126.4,1239.9,normal,60.77,10.4,16.91,0,none,0.0
2055-01-23,M10,Pump,1.76,57.29,11.09,113.1,1236.0,normal,61.07,12.2,16.61,0,none,0.0
2055-01-24,M10,Pump,0.59,41.56,3.64,17.4,561.6,idle,61.48,14.2,16.19,0,none,0.0
2055-01-25,M10,Pump,2.08,58.82,12.4,99.6,1256.4,normal,61.97,15.4,15.71,0,none,0.0
2055-01-26,M10,Pump,1.78,63.48,11.76,114.0,1245.0,normal,62.23,14.8,15.44,0,none,0.0
2055-01-27,M10,Pump,2.1,47.42,12.25,120.0,1299.0,normal,62.43,15.1,15.24,0,none,0.0
2055-01-28,M10,Pump,2.05,57.1,12.12,81.4,1237.6,normal,62.62,10.8,15.06,0,none,0.0
2055-01-29,M10,Pump,2.06,66.74,12.08,115.7,1302.5,normal,63.03,15.1,14.64,0,none,0.0
2055-01-30,M10,Pump,0.7,42.95,3.74,16.1,525.4,idle,63.23,13.1,14.44,0,none,0.0
2055-01-31,M10,Pump,0.55,43.54,3.61,20.4,567.5,idle,63.33,10.9,14.34,0,none,0.0
2055-02-01,M10,Pump,2.12,63.17,11.28,79.2,1218.8,normal,63.73,10.4,13.94,0,none,0.0
2055-02-02,M10,Pump,2.07,54.45,11.23,116.4,1229.2,normal,63.93,17.3,13.74,0,none,0.0
2055-02-03,M10,Pump,2.07,62.06,12.22,129.7,1265.1,normal,64.18,11.6,13.49,0,none,0.0
2055-02-04,M10,Pump,1.86,49.63,12.01,122.3,1342.0,normal,64.63,15.0,13.04,0,none,0.0
2055-02-05,M10,Pump,2.98,49.63,16.21,154.5,1819.9,peak,65.07,11.7,12.61,0,none,0.0
2055-02-06,M10,Pump,1.78,46.51,11.87,87.7,1333.0,normal,65.27,8.8,12.41,0,none,0.0
2055-02-07,M10,Pump,2.08,59.22,11.09,110.4,1293.2,normal,65.32,15.1,12.36,0,none,0.0
2055-02-08,M10,Pump,1.92,60.13,12.72,117.4,1271.0,normal,65.7,12.4,11.98,0,none,0.0
2055-02-09,M10,Pump,1.83,55.99,12.89,120.6,1204.1,normal,65.9,15.7,11.78,0,none,0.0
2055-02-10,M10,Pump,2.09,48.92,12.14,119.9,1284.2,normal,66.17,17.3,11.51,0,none,0.0
2055-02-11,M10,Pump,2.09,52.39,12.14,121.5,1323.8,normal,66.33,16.7,11.34,0,none,0.0
2055-02-12,M10,Pump,2.11,51.5,12.6,121.5,1231.0,normal,66.55,15.1,11.13,0,none,0.0
2055-02-13,M10,Pump,1.96,54.36,11.22,80.2,1291.7,normal,66.65,12.5,11.03,0,none,0.0
2055-02-14,M10,Pump,1.86,45.37,11.86,94.0,1286.5,normal,67.13,13.9,10.54,0,none,0.0
2055-02-15,M10,Pump,2.16,52.08,12.99,82.5,1213.2,normal,67.58,14.0,10.09,0,none,0.0
2055-02-16,M10,Pump,2.06,62.22,11.85,92.9,1319.1,normal,67.93,12.9,9.74,0,none,0.0
2055-02-17,M10,Pump,2.18,67.77,12.27,116.5,1323.3,normal,68.33,11.3,9.34,0,none,0.0
2055-02-18,M10,Pump,2.1,67.85,12.62,112.5,1256.4,normal,68.55,10.8,9.13,0,none,0.0
2055-02-19,M10,Pump,2.0,65.25,11.61,79.6,1249.1,normal,69.02,14.9,8.66,0,none,0.0
2055-02-20,M10,Pump,2.18,63.26,11.37,78.6,1300.4,normal,69.27,10.7,8.41,0,none,0.0
2055-02-21,M10,Pump,0.62,35.83,3.98,21.2,545.6,idle,69.68,9.1,7.99,0,none,0.0
2055-02-22,M10,Pump,0.67,38.37,3.69,20.8,567.7,idle,69.93,14.8,7.74,0,none,0.0
2055-02-23,M10,Pump,0.53,42.59,3.69,23.4,558.2,idle,70.13,14.6,7.54,0,none,0.0
2055-02-24,M10,Pump,0.5,37.56,3.43,19.6,563.4,idle,70.42,11.3,7.26,0,none,0.0
2055-02-25,M10,Pump,0.5,39.88,3.92,24.3,546.0,idle,70.75,17.0,6.93,0,none,0.0
2055-02-26,M10,Pump,0.67,38.24,3.5,15.5,535.2,idle,70.87,12.3,6.81,0,none,0.0
2055-02-27,M10,Pump,0.59,38.72,3.38,17.3,514.3,idle,71.03,15.9,6.64,0,none,0.0
2055-02-28,M10,Pump,0.69,44.66,3.3,16.7,562.2,idle,71.27,15.8,6.41,0,none,0.0
2055-03-01,M10,Pump,1.72,66.7,11.76,106.0,1314.6,normal,71.7,12.9,5.98,0,none,0.0
2055-03-02,M10,Pump,0.55,36.01,3.87,24.9,546.1,idle,72.08,11.6,5.59,0,none,0.0
2055-03-03,M10,Pump,0.55,44.41,3.46,18.5,515.3,idle,72.53,10.8,5.14,0,none,0.0
2055-03-04,M10,Pump,1.73,61.84,11.29,82.8,1253.7,normal,72.75,14.9,4.93,0,none,0.0
2055-03-05,M10,Pump,0.51,36.8,3.35,23.8,554.6,idle,72.88,13.0,4.79,0,none,0.0
2055-03-06,M10,Pump,0.67,43.68,3.96,16.9,563.0,idle,73.25,8.6,4.43,0,none,0.0
2055-03-07,M10,Pump,1.96,48.82,3.96,95.0,1207.0,normal,73.43,11.4,4.24,0,none,0.0
2055-03-08,M10,Pump,0.52,39.24,3.88,18.1,553.6,idle,73.58,11.5,4.09,0,none,0.0
2055-03-09,M10,Pump,1.73,54.06,11.25,122.9,1345.2,normal,73.93,16.9,3.74,0,none,0.0
2055-03-10,M10,Pump,1.86,67.74,12.5,78.1,1272.8,normal,74.15,16.0,3.53,0,none,0.0
2055-03-11,M10,Pump,0.67,40.34,3.68,19.5,527.6,idle,74.23,13.6,3.44,0,none,0.0
2055-03-12,M10,Pump,0.51,41.22,3.84,22.9,543.7,idle,74.62,11.7,3.06,0,none,0.0
2055-03-13,M10,Pump,0.57,35.23,3.93,19.3,542.1,idle,75.0,17.7,2.68,0,none,0.0
2055-03-14,M10,Pump,0.54,36.42,3.36,23.0,545.2,idle,75.43,13.1,2.24,0,none,0.0
2055-03-15,M10,Pump,0.62,44.19,3.41,16.7,513.3,idle,75.75,14.1,1.93,0,none,0.0
2055-03-16,M10,Pump,0.58,43.74,3.92,20.9,546.1,idle,76.18,17.9,1.49,0,none,0.0
2055-03-17,M10,Pump,0.68,41.24,3.46,22.1,553.9,idle,76.6,8.3,1.08,0,none,0.0
2055-03-18,M10,Pump,0.63,37.74,3.58,19.7,510.2,idle,76.85,8.5,0.83,0,none,0.0
2055-03-19,M10,Pump,0.59,36.61,3.65,15.5,566.4,idle,76.98,8.9,0.69,0,none,0.0
2055-03-20,M10,Pump,0.55,39.67,3.32,16.9,548.5,idle,77.18,13.6,0.5,0,none,0.0
2055-03-21,M10,Pump,0.52,41.28,3.3,19.6,550.5,idle,77.62,14.3,0.5,0,none,0.0
2055-03-22,M10,Pump,2.16,56.34,12.68,119.7,1244.4,normal,77.95,10.3,0.5,0,none,0.0
2055-03-23,M10,Pump,2.14,59.73,11.21,119.7,1226.5,normal,78.18,16.9,0.5,0,none,0.0
2055-03-24,M10,Pump,2.68,77.0,16.25,156.6,1784.9,peak,78.62,14.8,0.5,0,none,0.0
2055-03-25,M10,Pump,0.57,36.45,3.39,23.2,552.5,idle,78.77,14.7,0.5,0,none,0.0
2055-03-26,M10,Pump,1.92,47.21,11.9,93.3,1316.7,normal,79.02,13.8,0.5,0,none,0.0
2055-03-27,M10,Pump,1.75,55.4,12.21,129.3,1213.0,normal,79.52,13.1,47.86,0,none,0.0
2055-03-28,M10,Pump,1.76,67.79,11.88,116.7,1316.4,normal,79.73,8.2,47.65,0,none,0.0
2055-03-29,M10,Pump,1.86,67.79,11.63,117.8,1324.7,normal,79.8,11.7,47.58,0,none,0.0
2055-03-30,M10,Pump,2.05,55.29,11.69,100.1,1334.3,normal,80.23,14.0,47.15,0,none,0.0
2055-03-31,M10,Pump,2.13,52.59,11.84,118.6,1261.1,normal,80.3,16.4,47.08,0,none,0.0
2055-04-01,M10,Pump,1.99,54.88,11.68,87.8,1217.8,normal,80.42,12.1,46.96,0,none,0.0
2055-04-02,M10,Pump,1.71,51.63,11.55,91.4,1208.1,normal,80.47,15.1,46.91,0,none,0.0
2055-04-03,M10,Pump,0.57,40.45,4.06,18.5,500.3,idle,80.85,10.4,46.53,0,none,0.0
2055-04-04,M10,Pump,2.63,82.53,16.1,147.3,1880.3,peak,80.98,12.3,46.4,0,none,0.0
2055-04-05,M10,Pump,1.86,67.63,13.07,113.6,1283.7,normal,81.27,9.8,46.11,0,none,0.0
2055-04-06,M10,Pump,0.54,42.62,3.65,19.9,504.8,idle,81.3,16.9,46.08,0,none,0.0
2055-04-07,M10,Pump,1.86,57.54,12.39,95.9,1263.7,normal,81.62,12.5,45.76,0,none,0.0
2055-04-08,M10,Pump,2.86,77.28,16.64,157.5,1865.2,peak,81.73,17.9,45.65,0,none,0.0
2055-04-09,M10,Pump,1.97,67.21,12.18,91.1,1296.1,normal,81.8,14.1,45.58,0,none,0.0
2055-04-10,M10,Pump,1.8,67.21,12.18,114.3,1276.8,normal,82.1,17.5,45.28,0,none,0.0
2055-04-11,M10,Pump,1.74,61.81,13.21,129.1,1253.0,normal,82.37,15.5,45.01,0,none,0.0
2055-04-12,M10,Pump,0.6,44.29,3.68,16.9,505.2,idle,82.62,12.3,44.76,0,none,0.0
2055-04-13,M10,Pump,0.7,38.26,4.05,19.5,512.5,idle,82.77,10.7,44.61,0,none,0.0
2055-04-14,M10,Pump,0.69,40.28,3.94,17.2,517.7,idle,83.23,15.4,44.15,0,none,0.0
2055-04-15,M10,Pump,2.09,40.28,12.84,84.0,1313.7,normal,83.55,13.1,43.83,0,none,0.0
2055-04-16,M10,Pump,2.09,63.21,12.16,103.8,1191.4,normal,83.62,9.9,43.76,0,none,0.0
2055-04-17,M10,Pump,2.09,53.78,13.83,129.6,1277.6,normal,84.05,10.9,43.33,0,none,0.0
2055-04-18,M10,Pump,1.98,55.93,11.93,119.6,1285.0,normal,84.22,16.2,43.16,0,none,0.0
2055-04-19,M10,Pump,2.04,64.45,13.94,98.3,1248.1,normal,84.4,8.3,42.98,0,none,0.0
2055-04-20,M10,Pump,2.21,61.16,13.82,89.5,1231.1,normal,84.67,9.9,42.71,0,none,0.0
2055-04-21,M10,Pump,0.59,39.12,13.82,20.1,558.7,idle,85.05,15.6,42.33,0,none,0.0
2055-04-22,M10,Pump,0.57,36.37,3.74,17.2,536.6,idle,85.4,12.1,41.98,0,none,0.0
2055-04-23,M10,Pump,1.81,54.82,13.91,84.5,1193.0,normal,85.67,14.5,41.71,0,none,0.0
2055-04-24,M10,Pump,2.0,62.16,14.23,112.4,1319.8,normal,85.97,14.9,41.41,0,none,0.0
2055-04-25,M10,Pump,1.85,54.01,14.13,120.2,1277.4,normal,86.25,16.5,41.13,0,none,0.0
2055-04-26,M10,Pump,1.98,46.58,12.92,86.2,1186.4,normal,86.42,9.7,40.96,0,none,0.0
2055-04-27,M10,Pump,2.12,49.23,13.13,128.8,1238.4,normal,86.65,14.6,40.73,0,none,0.0
2055-04-28,M10,Pump,2.52,81.59,18.68,147.0,1836.5,peak,86.83,10.6,40.55,0,none,0.0
2055-04-29,M10,Pump,1.87,62.26,12.74,100.2,1252.8,normal,87.3,17.8,40.08,0,none,0.0
2055-04-30,M10,Pump,2.1,61.33,14.46,87.6,1272.4,normal,87.63,11.3,39.75,0,none,0.0
2055-05-01,M10,Pump,0.54,41.17,4.18,15.3,494.4,idle,87.7,11.3,39.68,0,none,0.0
2055-05-02,M10,Pump,2.16,53.03,13.36,111.3,1206.7,normal,87.95,14.5,39.43,0,none,0.0
2055-05-03,M10,Pump,1.83,56.15,12.73,125.7,1311.8,normal,88.08,8.1,39.3,0,none,0.0
2055-05-04,M10,Pump,1.96,51.28,13.69,83.2,1231.9,normal,88.18,15.9,39.2,0,none,0.0
2055-05-05,M10,Pump,0.52,43.58,4.02,20.2,489.5,idle,88.52,16.5,38.86,0,none,0.0
2055-05-06,M10,Pump,0.61,36.61,4.57,20.0,495.0,idle,88.85,10.7,38.53,0,none,0.0
2055-05-07,M10,Pump,1.91,47.69,14.03,84.4,1239.8,normal,89.18,12.2,38.2,0,none,0.0
2055-05-08,M10,Pump,1.89,64.23,14.0,122.1,1306.8,normal,89.63,17.6,37.75,0,none,0.0
2055-05-09,M10,Pump,0.7,39.32,4.5,19.4,516.1,idle,89.72,13.4,37.66,0,none,0.0
2055-05-10,M10,Pump,2.18,50.15,14.11,108.8,1177.2,normal,90.18,15.8,37.2,0,none,0.0
2055-05-11,M10,Pump,2.18,54.05,14.55,126.3,1272.3,normal,90.28,15.7,37.1,0,none,0.0
2055-05-12,M10,Pump,3.0,72.92,18.99,154.1,1801.1,peak,90.65,14.5,36.73,0,none,0.0
2055-05-13,M10,Pump,1.8,62.02,13.44,81.5,1234.1,normal,90.82,12.9,36.56,0,none,0.0
2055-05-14,M10,Pump,2.83,86.3,19.56,154.8,1730.7,peak,90.93,10.3,36.45,0,none,0.0
2055-05-15,M10,Pump,1.82,60.92,13.68,114.7,1181.6,normal,91.07,15.1,36.31,0,none,0.0
2055-05-16,M10,Pump,1.92,64.8,15.22,96.0,1193.7,normal,91.5,17.8,35.88,0,none,0.0
2055-05-17,M10,Pump,0.71,44.69,4.66,17.2,513.2,idle,91.88,10.0,35.5,0,none,0.0
2055-05-18,M10,Pump,1.78,49.65,13.87,93.8,1306.6,normal,92.13,11.0,35.25,0,none,0.0
2055-05-19,M10,Pump,2.72,82.68,20.52,146.2,1713.0,peak,92.63,17.6,34.75,0,none,0.0
2055-05-20,M10,Pump,1.87,67.56,15.11,101.5,1278.3,normal,92.92,8.5,34.46,0,none,0.0
2055-05-21,M10,Pump,0.57,39.67,4.55,22.9,500.4,idle,93.08,11.3,34.3,0,none,0.0
2055-05-22,M10,Pump,0.56,42.06,4.18,22.5,521.6,idle,93.32,17.1,34.06,0,none,0.0
2055-05-23,M10,Pump,0.62,46.08,4.71,16.5,510.7,idle,93.52,12.5,33.86,0,none,0.0
2055-05-24,M10,Pump,0.58,45.42,4.71,19.7,537.6,idle,93.75,14.7,33.63,0,none,0.0
2055-05-25,M10,Pump,1.97,65.95,13.79,85.0,1264.7,normal,94.2,16.3,33.18,0,none,0.0
2055-05-26,M10,Pump,0.54,44.35,4.77,21.6,536.3,idle,94.47,13.6,32.91,0,none,0.0
2055-05-27,M10,Pump,0.54,46.49,4.63,20.1,515.4,idle,94.5,11.5,32.88,0,none,0.0
2055-05-28,M10,Pump,0.7,39.97,4.75,17.4,487.2,idle,94.57,9.3,32.81,0,none,0.0
2055-05-29,M10,Pump,0.71,38.87,4.75,19.2,537.1,idle,94.8,12.8,32.58,0,none,0.0
2055-05-30,M10,Pump,0.67,39.05,4.58,15.3,509.3,idle,95.05,10.6,32.33,0,none,0.0
2055-05-31,M10,Pump,0.66,39.99,4.9,15.5,482.3,idle,95.4,17.7,31.98,0,none,0.0
2055-06-01,M10,Pump,0.66,40.5,4.61,16.1,546.7,idle,95.55,8.4,31.83,0,none,0.0
2055-06-02,M10,Pump,0.72,42.94,4.71,24.3,531.2,idle,95.8,17.6,31.58,0,none,0.0
2055-06-03,M10,Pump,0.55,45.69,4.42,19.3,514.9,idle,96.02,10.5,31.36,0,none,0.0
2055-06-04,M10,Pump,0.66,39.3,4.29,23.7,514.9,idle,96.18,8.6,31.2,0,none,0.0
2055-06-05,M10,Pump,0.62,44.44,4.87,23.7,496.1,idle,96.28,14.8,31.1,0,none,0.0
2055-06-06,M10,Pump,0.62,47.37,5.0,19.7,493.7,idle,96.53,12.6,30.85,0,none,0.0
2055-06-07,M10,Pump,2.22,47.37,15.2,83.8,1256.2,normal,96.62,9.4,30.76,0,none,0.0
2055-06-08,M10,Pump,0.58,43.96,4.77,22.0,514.3,idle,96.77,14.3,30.61,0,none,0.0
2055-06-09,M10,Pump,0.65,38.73,4.87,16.9,504.4,idle,96.83,13.3,30.55,0,none,0.0
2055-06-10,M10,Pump,0.65,63.77,16.19,114.7,1160.1,normal,97.22,8.2,30.16,0,none,0.0
2055-06-11,M10,Pump,0.6,40.82,4.66,21.5,490.3,idle,97.42,14.3,29.96,0,none,0.0
2055-06-12,M10,Pump,0.62,46.88,4.96,22.2,534.0,idle,97.57,16.8,29.81,0,none,0.0
2055-06-13,M10,Pump,0.6,46.88,4.37,15.6,499.0,idle,97.88,13.4,29.5,0,none,0.0
2055-06-14,M10,Pump,0.56,43.34,4.37,24.8,533.2,idle,98.25,9.9,29.13,0,none,0.0
2055-06-15,M10,Pump,0.73,46.24,5.23,18.7,509.5,idle,98.37,15.1,29.01,0,none,0.0
2055-06-16,M10,Pump,1.89,62.83,16.62,103.9,1184.5,normal,98.67,12.8,28.71,0,none,0.0
2055-06-17,M10,Pump,0.62,38.89,5.04,19.5,535.4,idle,98.92,18.0,28.46,0,none,0.0
2055-06-18,M10,Pump,2.25,51.17,17.24,128.4,1230.5,normal,99.03,14.7,28.35,0,none,0.0
2055-06-19,M10,Pump,0.7,51.17,5.31,19.6,535.4,idle,99.43,15.8,27.95,0,none,0.0
2055-06-20,M10,Pump,0.6,46.24,4.8,18.6,537.7,idle,99.53,13.5,27.85,0,none,0.0
2055-06-21,M10,Pump,0.67,46.76,4.92,24.2,524.0,idle,99.57,17.2,27.81,0,none,0.0
2055-06-22,M10,Pump,0.53,46.1,4.45,23.3,496.3,idle,99.98,14.2,27.4,0,none,0.0
2055-06-23,M10,Pump,0.65,45.94,5.04,21.7,533.4,idle,100.05,12.9,27.33,0,none,0.0
2055-06-24,M10,Pump,0.59,43.92,4.6,19.7,484.1,idle,100.1,9.3,27.28,0,none,0.0
2055-06-25,M10,Pump,0.66,41.7,5.25,18.4,493.1,idle,100.17,11.5,27.21,0,none,0.0
2055-06-26,M10,Pump,0.63,40.3,4.66,22.8,506.3,idle,100.67,15.8,26.71,0,none,0.0
2055-06-27,M10,Pump,0.56,38.9,4.93,22.4,496.4,idle,100.85,15.7,26.53,0,none,0.0
2055-06-28,M10,Pump,0.57,42.57,5.4,19.2,490.1,idle,101.07,8.2,26.31,0,none,0.0
2055-06-29,M10,Pump,0.64,46.81,4.55,20.6,527.6,idle,101.55,8.2,25.83,0,none,0.0
2055-06-30,M10,Pump,0.64,69.91,16.68,104.9,1269.6,normal,101.67,14.2,25.71,0,none,0.0
2055-07-01,M10,Pump,2.6,84.83,22.84,152.2,1653.0,peak,101.75,16.0,25.63,0,none,0.0
2055-07-02,M10,Pump,2.05,52.28,16.68,116.4,1207.7,normal,101.88,17.8,25.5,0,none,0.0
2055-07-03,M10,Pump,2.12,51.22,15.47,122.2,1138.1,normal,102.35,11.1,25.03,0,none,0.0
2055-07-04,M10,Pump,1.93,70.48,16.58,113.1,1160.9,normal,102.83,12.8,24.55,0,none,0.0
2055-07-05,M10,Pump,0.58,44.07,5.24,24.6,508.0,idle,103.25,15.2,24.13,0,none,0.0
2055-07-06,M10,Pump,1.84,57.43,16.08,91.2,1199.4,normal,103.33,12.3,24.05,0,none,0.0
2055-07-07,M10,Pump,1.95,55.65,18.11,108.4,1165.0,normal,103.37,9.5,24.01,0,none,0.0
2055-07-08,M10,Pump,2.7,86.25,18.11,157.0,1703.6,peak,103.87,9.1,23.51,1,electrical,4251.0
2055-07-09,M10,Pump,2.19,70.7,16.02,122.8,1245.0,normal,104.2,11.4,23.18,1,electrical,5833.0
2055-07-10,M10,Pump,0.6,42.08,5.24,17.7,478.4,idle,104.33,9.1,23.05,1,electrical,3830.0
2055-07-11,M10,Pump,3.13,81.55,22.61,17.7,1711.0,peak,104.48,9.5,22.9,1,electrical,3160.0
2055-07-12,M10,Pump,2.18,54.92,16.68,87.3,1174.1,normal,104.63,9.3,22.75,1,electrical,3155.0
2055-07-13,M10,Pump,0.71,41.6,4.73,87.3,506.2,idle,104.78,9.8,22.6,1,electrical,3740.0
2055-07-14,M10,Pump,1.96,64.04,15.82,95.7,1143.3,normal,105.03,16.6,22.35,1,electrical,2718.0
2055-07-15,M10,Pump,1.91,58.1,17.15,95.7,1136.8,normal,105.18,8.9,22.2,1,electrical,3695.0
2055-07-16,M10,Pump,2.15,58.64,16.27,90.2,1222.9,normal,105.4,8.2,21.98,1,electrical,5124.0
2055-07-17,M10,Pump,1.82,61.05,16.82,120.2,1232.4,normal,105.5,11.3,21.88,1,electrical,3385.0
2055-07-18,M10,Pump,2.15,58.22,17.62,111.3,1167.9,normal,105.6,17.4,21.78,1,electrical,5662.0
2055-07-19,M10,Pump,0.72,49.23,5.06,23.0,499.9,idle,105.65,12.1,21.73,1,electrical,5652.0
2055-07-20,M10,Pump,0.62,43.3,5.05,23.0,515.2,idle,105.93,9.4,21.45,1,electrical,4965.0
2055-07-21,M10,Pump,2.03,66.75,17.99,91.9,1144.4,normal,106.13,8.1,21.25,1,electrical,5932.0
2055-07-22,M10,Pump,2.03,86.67,24.63,140.5,1707.6,peak,106.35,16.5,21.03,1,electrical,5758.0
2055-07-23,M10,Pump,2.98,83.3,23.91,143.4,1630.5,peak,106.73,13.5,20.65,1,electrical,2170.0
2055-07-24,M10,Pump,1.85,58.34,17.02,123.5,1128.9,normal,106.98,11.2,20.4,1,electrical,5919.0
2055-07-25,M10,Pump,0.62,49.19,5.33,16.3,484.4,idle,107.05,17.7,20.33,1,electrical,2340.0
2055-07-26,M10,Pump,2.13,49.96,18.99,107.5,1214.0,normal,107.45,16.5,19.93,1,electrical,3858.0
2055-07-27,M10,Pump,0.64,49.34,5.48,21.6,1214.0,idle,107.93,10.0,19.45,1,electrical,2738.0
2055-07-28,M10,Pump,0.64,50.43,17.1,90.8,1114.8,normal,108.08,16.0,19.3,1,electrical,4352.0
2055-07-29,M10,Pump,0.64,57.15,17.37,83.2,1250.2,normal,108.53,15.0,18.85,1,electrical,2947.0
2055-07-30,M10,Pump,2.24,63.01,18.64,118.4,1203.8,normal,108.57,11.7,18.81,1,electrical,4169.0
2055-07-31,M10,Pump,0.56,47.1,5.51,22.2,498.5,idle,108.75,15.0,18.63,1,electrical,5966.0
2055-08-01,M10,Pump,0.73,46.18,5.52,23.4,487.8,idle,108.82,12.2,18.56,1,electrical,3937.0
2055-08-02,M10,Pump,1.98,61.55,18.24,89.5,1205.0,normal,109.28,12.4,18.1,1,electrical,3215.0
2055-08-03,M10,Pump,2.23,63.29,18.08,93.3,1236.1,normal,109.42,9.1,17.96,1,electrical,4162.0
2055-08-04,M10,Pump,2.21,61.08,18.52,95.5,1117.7,normal,109.57,10.7,17.81,1,electrical,3621.0
2055-08-05,M10,Pump,2.21,51.93,18.14,110.3,1161.0,normal,109.95,15.5,17.43,1,electrical,5211.0
2055-08-06,M10,Pump,2.1,52.1,18.97,79.7,1161.0,normal,110.15,14.8,17.23,1,electrical,5027.0
2055-08-07,M10,Pump,2.04,54.37,18.25,118.6,1164.7,normal,110.23,9.4,17.15,1,electrical,2141.0
2055-08-08,M10,Pump,2.0,53.45,18.25,121.1,1184.6,normal,110.42,15.7,16.96,1,electrical,5710.0
2055-08-09,M10,Pump,1.9,65.39,16.79,121.6,1234.2,normal,110.48,11.0,16.9,1,electrical,4066.0
2055-08-10,M10,Pump,1.9,49.01,5.1,17.3,481.5,idle,110.53,9.0,16.85,1,electrical,4485.0
2055-08-11,M10,Pump,2.23,61.36,17.8,17.3,1218.2,normal,110.68,11.9,16.7,1,electrical,3495.0
2055-08-12,M10,Pump,1.82,58.05,17.56,17.3,1128.6,normal,111.1,17.8,16.28,1,electrical,2831.0
2055-08-13,M10,Pump,2.08,60.16,18.49,115.8,1226.6,normal,111.53,11.2,15.85,1,electrical,4902.0
2055-08-14,M10,Pump,1.88,52.33,17.96,106.4,1116.0,normal,111.97,11.0,15.41,1,electrical,3906.0
2055-08-15,M10,Pump,0.68,46.06,5.92,18.6,484.5,idle,112.37,8.0,15.01,1,electrical,5357.0
2055-08-16,M10,Pump,0.71,43.22,5.55,15.1,494.0,idle,112.68,9.2,14.7,1,electrical,5158.0
2055-08-17,M10,Pump,2.28,51.22,19.05,122.0,1167.5,normal,112.85,17.3,14.53,1,electrical,2135.0
2055-08-18,M10,Pump,1.99,73.56,17.41,88.9,1220.0,normal,113.22,9.0,14.16,1,electrical,3894.0
2055-08-19,M10,Pump,0.6,48.85,5.52,23.1,501.6,idle,113.25,15.5,14.13,1,electrical,3805.0
2055-08-20,M10,Pump,2.07,62.68,17.78,84.0,1196.7,normal,113.3,9.8,14.08,1,electrical,4882.0
2055-08-21,M10,Pump,0.72,47.94,6.19,23.9,506.9,idle,113.7,9.7,13.68,1,electrical,5680.0
2055-08-22,M10,Pump,0.73,42.45,6.01,22.5,506.9,idle,114.08,10.2,13.3,1,electrical,2869.0
2055-08-23,M10,Pump,0.73,40.94,5.7,15.2,489.6,idle,114.45,15.4,12.93,1,electrical,2379.0
2055-08-24,M10,Pump,2.05,65.22,19.91,118.0,1192.7,normal,114.72,16.5,12.66,1,electrical,3532.0
2055-08-25,M10,Pump,1.88,60.53,20.12,112.0,1186.4,normal,114.95,12.5,12.43,1,electrical,4478.0
2055-08-26,M10,Pump,1.95,58.45,20.62,122.0,1115.0,normal,115.22,11.5,12.16,1,electrical,2386.0
2055-08-27,M10,Pump,2.94,83.38,25.46,151.8,1679.7,peak,115.5,10.4,11.88,1,electrical,4823.0
2055-08-28,M10,Pump,2.35,71.22,20.52,114.6,1092.7,normal,115.93,8.3,11.45,1,electrical,4873.0
2055-08-29,M10,Pump,2.86,83.77,26.86,163.1,1651.3,peak,116.0,14.9,11.38,1,electrical,4953.0
2055-08-30,M10,Pump,0.6,44.51,5.99,17.8,511.8,idle,116.22,13.9,11.16,1,electrical,5172.0
2055-08-31,M10,Pump,2.06,73.95,18.15,87.8,1158.4,normal,116.45,13.5,10.93,1,electrical,3013.0
2055-09-01,M10,Pump,0.72,44.79,6.32,19.2,507.3,idle,116.85,12.9,10.53,1,electrical,2867.0
2055-09-02,M10,Pump,1.99,62.18,18.88,89.2,1143.3,normal,117.35,14.4,10.03,1,electrical,2114.0
2055-09-03,M10,Pump,0.62,49.25,6.26,18.6,515.0,idle,117.65,16.2,9.73,1,electrical,4960.0
2055-09-04,M10,Pump,0.75,50.59,6.09,19.1,471.7,idle,117.83,11.5,9.55,1,electrical,4938.0
2055-09-05,M10,Pump,1.57,47.8,6.08,21.3,487.8,idle,118.28,17.3,9.1,1,electrical,5563.0
2055-09-06,M10,Pump,0.57,48.47,5.86,20.2,474.2,idle,118.5,17.8,8.88,1,electrical,3368.0
2055-09-07,M10,Pump,0.54,50.35,5.64,20.8,506.4,idle,118.83,16.4,8.55,1,electrical,3913.0
2055-09-08,M10,Pump,0.58,45.7,5.9,15.9,477.4,idle,118.87,16.5,8.51,1,electrical,3565.0
2055-09-09,M10,Pump,0.65,41.93,6.06,15.9,506.3,idle,119.35,13.8,8.03,1,electrical,3605.0
2055-09-10,M10,Pump,2.2,41.93,6.06,96.8,1110.2,normal,119.47,12.7,7.91,1,electrical,5607.0
2055-09-11,M10,Pump,0.6,47.72,5.63,15.6,488.9,idle,119.83,9.5,7.55,1,electrical,5857.0
2055-09-12,M10,Pump,0.76,46.64,6.04,24.5,464.1,idle,120.25,9.1,7.13,1,electrical,4710.0
2055-09-13,M10,Pump,0.6,50.94,6.33,15.5,464.1,idle,120.72,8.3,6.66,1,electrical,2527.0
2055-09-14,M10,Pump,0.72,44.71,6.06,17.0,487.4,idle,121.18,11.8,6.2,1,electrical,5029.0
2055-09-15,M10,Pump,0.72,53.63,21.07,112.2,1077.9,normal,121.65,9.2,5.73,1,electrical,3786.0
2055-09-16,M10,Pump,2.16,66.22,20.27,124.9,1116.3,normal,121.95,8.2,5.43,1,electrical,2481.0
2055-09-17,M10,Pump,1.88,67.55,20.88,129.4,1116.3,normal,121.98,16.9,5.4,1,electrical,5227.0
2055-09-18,M10,Pump,0.63,46.74,6.68,19.1,494.8,idle,122.13,8.0,5.25,1,electrical,4659.0
2055-09-19,M10,Pump,0.63,46.24,5.84,24.5,457.6,idle,122.2,16.4,5.18,1,electrical,2014.0
2055-09-20,M10,Pump,0.63,43.03,6.78,21.2,506.0,idle,122.67,14.5,4.71,1,electrical,2200.0
2055-09-21,M10,Pump,1.88,56.24,20.25,21.2,1114.1,normal,122.72,17.9,4.66,1,electrical,4046.0
2055-09-22,M10,Pump,0.7,43.94,6.43,19.0,477.0,idle,123.12,9.7,4.26,1,electrical,2098.0
2055-09-23,M10,Pump,2.16,53.71,22.26,118.9,1127.2,normal,123.33,16.0,4.05,1,electrical,4731.0
2055-09-24,M10,Pump,0.67,42.72,6.35,19.3,467.9,idle,123.73,12.6,3.65,1,electrical,4010.0
2055-09-25,M10,Pump,0.72,44.29,5.98,20.2,486.7,idle,124.22,8.5,3.16,1,electrical,3136.0
2055-09-26,M10,Pump,0.55,48.0,6.16,22.6,472.6,idle,124.6,9.3,2.78,1,electrical,3579.0
2055-09-27,M10,Pump,0.73,46.56,6.16,22.2,494.5,idle,124.9,17.6,2.48,1,electrical,2430.0
2055-09-28,M10,Pump,0.72,47.5,6.28,22.6,465.1,idle,125.23,14.5,2.15,1,electrical,5165.0
2055-09-29,M10,Pump,1.91,72.46,20.88,84.9,1146.9,normal,125.65,12.0,1.73,1,electrical,3777.0
2055-09-30,M10,Pump,3.21,90.63,28.54,142.2,1639.8,peak,125.68,12.5,1.7,1,electrical,4603.0
2055-10-01,M10,Pump,3.21,80.9,29.82,142.2,1596.0,peak,125.88,11.6,1.5,1,electrical,4848.0
2055-10-02,M10,Pump,1.92,73.8,19.73,100.1,1173.2,normal,126.33,9.1,1.05,1,electrical,4428.0
2055-10-03,M10,Pump,2.01,55.32,20.14,99.1,1114.4,normal,126.8,8.4,0.58,1,electrical,5544.0
2055-10-04,M10,Pump,3.11,81.55,29.49,165.0,1654.6,peak,127.27,9.2,0.5,1,electrical,2838.0
2055-10-05,M10,Pump,2.02,66.62,12.98,107.7,1241.0,normal,0.0,15.4,95.66,0,none,0.0
2055-10-06,M10,Pump,0.68,43.44,3.36,107.7,525.6,idle,0.27,15.3,95.4,0,none,0.0
2055-10-07,M10,Pump,0.56,38.43,3.52,20.2,540.6,idle,0.72,9.7,94.95,0,none,0.0
2055-10-08,M10,Pump,1.91,54.49,12.47,78.2,1342.0,normal,0.77,11.6,94.9,0,none,0.0
2055-10-09,M10,Pump,2.06,61.27,11.84,128.2,1342.0,normal,1.02,10.7,94.65,0,none,0.0
2055-10-10,M10,Pump,0.52,43.04,3.82,17.7,541.6,idle,1.47,12.2,94.2,0,none,0.0
2055-10-11,M10,Pump,1.97,57.12,12.19,129.7,1348.1,normal,1.75,13.4,93.91,0,none,0.0
2055-10-12,M10,Pump,2.19,57.62,12.19,107.1,1348.1,normal,2.07,9.1,93.6,0,none,0.0
2055-10-13,M10,Pump,1.86,59.55,12.24,125.0,1235.6,normal,2.48,13.1,93.18,0,none,0.0
2055-10-14,M10,Pump,2.05,55.37,11.26,94.4,1208.6,normal,2.67,14.1,93.0,0,none,0.0
2055-10-15,M10,Pump,0.56,35.69,3.95,16.0,557.2,idle,2.88,14.1,92.78,0,none,0.0
2055-10-16,M10,Pump,0.68,39.68,3.34,21.0,516.4,idle,3.23,17.5,92.43,0,none,0.0
2055-10-17,M10,Pump,1.79,58.04,11.71,116.0,1288.7,normal,3.6,10.2,92.06,0,none,0.0
2055-10-18,M10,Pump,2.11,46.34,11.47,107.5,1332.1,normal,3.75,14.0,91.91,0,none,0.0
2055-10-19,M10,Pump,2.11,60.63,12.15,110.8,1232.0,normal,4.08,9.2,91.58,0,none,0.0
2055-10-20,M10,Pump,2.0,56.36,11.77,124.2,1324.4,normal,4.3,8.4,91.36,0,none,0.0
2055-10-21,M10,Pump,0.52,44.86,3.46,17.1,566.1,idle,4.37,8.6,91.3,0,none,0.0
2055-10-22,M10,Pump,1.92,63.52,11.58,123.4,1324.8,normal,4.6,12.3,91.06,0,none,0.0
2055-10-23,M10,Pump,0.6,42.05,3.97,19.5,534.6,idle,4.93,11.8,90.73,0,none,0.0
2055-10-24,M10,Pump,0.64,38.86,3.97,15.4,528.2,idle,5.22,8.9,90.45,0,none,0.0
2055-10-25,M10,Pump,2.06,54.88,11.52,99.5,1332.2,normal,5.47,13.8,90.2,0,none,0.0
2055-10-26,M10,Pump,0.61,38.35,3.77,21.1,539.2,idle,5.6,14.8,90.06,0,none,0.0
2055-10-27,M10,Pump,0.58,35.72,3.73,19.2,530.0,idle,5.73,10.5,89.93,0,none,0.0
2055-10-28,M10,Pump,0.55,37.49,3.85,19.8,507.6,idle,6.05,10.2,89.61,0,none,0.0
2055-10-29,M10,Pump,0.51,37.49,3.64,21.2,510.1,idle,6.25,13.3,89.41,0,none,0.0
2055-10-30,M10,Pump,0.59,35.73,3.33,23.6,546.1,idle,6.55,15.2,89.11,0,none,0.0
2055-10-31,M10,Pump,0.66,36.82,3.53,19.4,546.1,idle,6.83,10.4,88.83,0,none,0.0
2055-11-01,M10,Pump,0.61,40.51,3.41,19.8,557.7,idle,7.3,12.2,88.36,0,none,0.0
2055-11-02,M10,Pump,0.6,37.0,3.41,22.6,509.4,idle,7.42,14.0,88.25,0,none,0.0
2055-11-03,M10,Pump,0.62,44.65,3.57,15.4,544.3,idle,7.58,17.6,88.08,0,none,0.0
2055-11-04,M10,Pump,0.51,36.92,3.33,16.7,559.9,idle,7.75,9.2,87.91,0,none,0.0
2055-11-05,M10,Pump,0.65,38.42,3.93,21.6,531.3,idle,7.87,12.0,87.8,0,none,0.0
2055-11-06,M10,Pump,0.51,42.31,3.56,21.6,520.2,idle,8.35,10.0,87.31,0,none,0.0
2055-11-07,M10,Pump,0.5,42.43,3.4,20.2,501.1,idle,8.77,12.5,86.9,0,none,0.0
2055-11-08,M10,Pump,2.01,53.5,12.26,20.2,1240.0,normal,9.1,16.0,86.56,0,none,0.0
2055-11-09,M10,Pump,0.52,41.46,3.38,21.2,509.4,idle,9.2,8.8,86.46,0,none,0.0
2055-11-10,M10,Pump,0.69,39.16,3.38,15.4,523.1,idle,9.57,12.3,86.1,0,none,0.0
2055-11-11,M10,Pump,2.15,48.31,12.58,99.7,1320.4,normal,10.07,15.9,85.6,0,none,0.0
2055-11-12,M10,Pump,0.67,44.98,3.35,23.0,504.9,idle,10.4,14.9,85.26,0,none,0.0
2055-11-13,M10,Pump,0.56,41.46,3.61,20.6,567.6,idle,10.85,11.7,84.81,0,none,0.0
2055-11-14,M10,Pump,0.66,38.64,3.72,15.5,531.7,idle,11.28,8.6,84.38,0,none,0.0
2055-11-15,M10,Pump,2.0,61.44,12.8,92.7,1335.3,normal,11.48,14.9,84.18,0,none,0.0
2055-11-16,M10,Pump,0.63,35.78,12.8,19.8,524.7,idle,11.77,15.8,83.9,0,none,0.0
2055-11-17,M10,Pump,0.63,35.78,3.39,19.8,560.6,idle,12.1,11.0,83.56,0,none,0.0
2055-11-18,M10,Pump,1.94,46.56,12.1,108.8,1333.3,normal,12.17,14.7,83.5,0,none,0.0
2055-11-19,M10,Pump,0.51,41.93,3.69,16.8,508.4,idle,12.3,11.2,47.93,0,none,0.0
2055-11-20,M10,Pump,2.05,52.87,13.06,124.5,1284.0,normal,12.52,17.2,47.72,0,none,0.0
2055-11-21,M10,Pump,2.02,48.71,12.86,101.9,1277.1,normal,12.58,11.3,47.65,0,none,0.0
2055-11-22,M10,Pump,2.14,45.23,12.1,110.6,1222.2,normal,12.8,13.9,47.43,0,none,0.0
2055-11-23,M10,Pump,2.45,78.2,16.39,110.6,1877.3,peak,13.3,9.6,46.93,0,none,0.0
2055-11-24,M10,Pump,1.86,57.12,11.64,78.6,1259.4,normal,13.65,8.3,46.58,0,none,0.0
2055-11-25,M10,Pump,1.97,62.9,12.27,92.5,1284.6,normal,14.1,13.9,46.13,0,none,0.0
2055-11-26,M10,Pump,1.9,50.76,13.32,105.9,1222.8,normal,14.58,14.4,45.65,0,none,0.0
2055-11-27,M10,Pump,1.9,63.9,13.06,109.2,1269.6,normal,14.83,14.1,45.4,0,none,0.0
2055-11-28,M10,Pump,2.1,61.75,12.69,112.2,1269.6,normal,14.97,9.0,45.27,0,none,0.0
2055-11-29,M10,Pump,1.72,66.93,13.52,119.0,1246.3,normal,15.28,16.3,44.95,0,none,0.0
2055-11-30,M10,Pump,2.51,75.91,17.36,148.4,1853.9,peak,15.55,16.1,44.68,0,none,0.0
2055-12-01,M10,Pump,2.06,60.1,13.64,124.5,1294.9,normal,15.87,8.2,44.37,0,none,0.0
2055-12-02,M10,Pump,2.06,45.05,3.69,18.7,552.3,idle,16.2,10.3,44.03,0,none,0.0
2055-12-03,M10,Pump,1.82,60.41,12.77,110.5,1329.3,normal,16.53,10.7,43.7,0,none,0.0
2055-12-04,M10,Pump,2.12,60.41,11.99,128.3,1329.3,normal,16.98,15.9,43.25,0,none,0.0
2055-12-05,M10,Pump,1.81,60.22,11.97,87.8,1279.3,normal,17.05,9.5,43.18,0,none,0.0
2055-12-06,M10,Pump,0.59,39.1,4.08,23.7,540.5,idle,17.33,13.9,42.9,0,none,0.0
2055-12-07,M10,Pump,1.95,61.03,13.48,118.3,1229.7,normal,17.5,11.5,42.73,0,none,0.0
2055-12-08,M10,Pump,1.78,61.64,12.31,102.0,1216.9,normal,17.97,9.1,42.27,0,none,0.0
2055-12-09,M10,Pump,1.89,56.78,14.02,113.4,1208.1,normal,18.0,13.2,42.23,0,none,0.0
2055-12-10,M10,Pump,2.17,57.48,12.52,105.4,1210.7,normal,18.07,16.8,42.17,0,none,0.0
2055-12-11,M10,Pump,1.9,64.56,13.59,102.8,1214.9,normal,18.42,16.9,41.82,0,none,0.0
2055-12-12,M10,Pump,1.9,68.59,12.96,102.8,1254.1,normal,18.77,10.1,41.47,0,none,0.0
2055-12-13,M10,Pump,1.9,45.56,3.73,21.6,547.5,idle,18.87,16.6,41.37,0,none,0.0
2055-12-14,M10,Pump,2.1,64.77,13.93,101.2,1311.2,normal,19.2,12.5,41.03,0,none,0.0
2055-12-15,M10,Pump,2.19,56.24,13.4,103.2,1219.6,normal,19.4,11.1,40.83,0,none,0.0
2055-12-16,M10,Pump,0.53,38.86,4.37,20.4,549.1,idle,19.7,8.8,40.53,0,none,0.0
2055-12-17,M10,Pump,2.1,54.28,12.8,107.5,1315.1,normal,19.77,13.0,40.47,0,none,0.0
2055-12-18,M10,Pump,2.16,54.28,14.2,105.4,1200.9,normal,20.25,12.6,39.98,0,none,0.0
2055-12-19,M10,Pump,1.87,59.66,13.23,118.6,1230.1,normal,20.48,8.9,39.75,0,none,0.0
2055-12-20,M10,Pump,1.79,64.45,14.2,91.2,1317.8,normal,20.95,16.4,39.28,0,none,0.0
2055-12-21,M10,Pump,0.59,43.34,4.55,16.6,548.6,idle,21.45,11.8,38.78,0,none,0.0
2055-12-22,M10,Pump,0.65,38.25,4.36,23.8,542.9,idle,21.63,11.3,38.6,0,none,0.0
2055-12-23,M10,Pump,2.12,50.31,13.2,106.5,1256.1,normal,21.83,17.9,38.4,0,none,0.0
2055-12-24,M10,Pump,3.03,78.64,18.12,144.8,1715.8,peak,21.87,17.6,38.37,0,none,0.0
2055-12-25,M10,Pump,1.77,59.89,13.26,122.3,1256.9,normal,22.33,15.1,37.9,0,none,0.0
2055-12-26,M10,Pump,2.18,56.59,14.33,105.3,1312.5,normal,22.78,15.1,37.45,0,none,0.0
2055-12-27,M10,Pump,2.15,60.47,14.38,90.9,1275.3,normal,22.9,10.5,37.33,0,none,0.0
2055-12-28,M10,Pump,2.24,49.79,14.49,104.9,1291.6,normal,23.08,16.4,37.15,0,none,0.0
2055-12-29,M10,Pump,0.51,38.19,3.94,16.6,534.6,idle,23.15,10.5,37.08,0,none,0.0
2055-12-30,M10,Pump,1.81,61.16,15.1,79.8,1170.6,normal,23.33,11.8,36.9,0,none,0.0
2055-12-31,M10,Pump,3.06,81.96,18.12,147.7,1844.9,peak,23.38,16.0,36.85,0,none,0.0
2056-01-01,M10,Pump,0.56,44.42,4.13,19.0,545.7,idle,23.58,10.6,36.65,0,none,0.0
2056-01-02,M10,Pump,1.75,54.03,14.31,110.5,1168.9,normal,23.97,14.6,36.27,0,none,0.0
2056-01-03,M10,Pump,1.96,54.03,13.26,96.5,1299.6,normal,24.22,15.9,36.02,0,none,0.0
2056-01-04,M10,Pump,1.89,60.52,13.98,83.5,1205.2,normal,24.55,17.9,35.68,0,none,0.0
2056-01-05,M10,Pump,1.99,53.87,14.77,127.3,1173.0,normal,24.6,18.0,35.63,0,none,0.0
2056-01-06,M10,Pump,2.11,47.13,13.31,84.9,1232.0,normal,24.82,9.9,35.42,0,none,0.0
2056-01-07,M10,Pump,1.77,63.72,13.4,103.8,1260.1,normal,24.92,14.3,35.32,0,none,0.0
2056-01-08,M10,Pump,1.87,60.5,14.03,89.1,1279.4,normal,25.33,9.8,34.9,0,none,0.0
2056-01-09,M10,Pump,1.92,65.92,14.03,96.5,1175.2,normal,25.45,14.3,34.78,0,none,0.0
2056-01-10,M10,Pump,2.0,56.03,13.49,102.2,1170.3,normal,25.73,8.7,34.5,0,none,0.0
2056-01-11,M10,Pump,2.18,58.65,15.23,120.7,1166.0,normal,26.03,14.1,34.2,0,none,0.0
2056-01-12,M10,Pump,1.92,47.92,13.7,80.0,1227.0,normal,26.28,16.3,33.95,0,none,0.0
2056-01-13,M10,Pump,0.61,38.0,4.31,17.4,502.1,idle,26.58,17.1,33.65,0,none,0.0
2056-01-14,M10,Pump,2.08,63.45,14.51,119.0,1216.9,normal,26.75,10.2,33.48,0,none,0.0
2056-01-15,M10,Pump,2.02,50.79,14.27,115.8,1297.2,normal,26.88,11.6,33.35,0,none,0.0
2056-01-16,M10,Pump,2.11,48.77,14.13,101.2,1260.4,normal,27.33,13.2,32.9,0,none,0.0
2056-01-17,M10,Pump,0.55,45.08,4.64,22.8,518.2,idle,27.68,8.7,32.55,0,none,0.0
2056-01-18,M10,Pump,2.07,53.38,4.64,121.9,1277.6,normal,28.18,15.6,32.05,0,none,0.0
2056-01-19,M10,Pump,0.53,53.38,5.06,20.9,491.3,idle,28.38,12.4,31.85,0,none,0.0
2056-01-20,M10,Pump,0.53,40.39,4.25,19.3,486.1,idle,28.73,11.7,31.5,0,none,0.0
2056-01-21,M10,Pump,0.54,42.43,4.77,24.1,526.3,idle,29.02,13.7,31.22,0,none,0.0
2056-01-22,M10,Pump,0.69,41.98,4.53,20.9,525.1,idle,29.42,15.4,30.82,0,none,0.0
2056-01-23,M10,Pump,0.63,40.54,4.59,19.5,479.2,idle,29.6,9.7,30.63,0,none,0.0
2056-01-24,M10,Pump,0.71,40.54,4.97,16.7,514.9,idle,30.07,9.2,30.17,0,none,0.0
2056-01-25,M10,Pump,0.71,40.18,4.61,18.9,502.8,idle,30.45,10.8,29.78,0,none,0.0
2056-01-26,M10,Pump,0.64,42.03,4.94,19.9,487.3,idle,30.78,14.1,29.45,0,none,0.0
2056-01-27,M10,Pump,0.72,40.54,4.85,15.6,537.7,idle,31.08,9.1,29.15,0,none,0.0
2056-01-28,M10,Pump,0.72,41.8,4.44,22.7,493.9,idle,31.12,10.2,29.12,0,none,0.0
2056-01-29,M10,Pump,2.13,69.25,16.07,122.8,1174.5,normal,31.42,14.9,28.82,0,none,0.0
2056-01-30,M10,Pump,2.25,53.45,15.16,123.8,1221.0,normal,31.65,13.8,28.58,0,none,0.0
2056-01-31,M10,Pump,0.69,46.31,4.98,16.9,521.4,idle,31.98,16.5,28.25,0,none,0.0
2056-02-01,M10,Pump,0.53,40.34,5.0,24.1,526.3,idle,32.23,8.1,28.0,0,none,0.0
2056-02-02,M10,Pump,0.59,46.59,5.31,18.3,487.3,idle,32.32,16.2,27.92,0,none,0.0
2056-02-03,M10,Pump,0.56,42.35,4.46,19.9,523.5,idle,32.35,11.0,27.88,0,none,0.0
2056-02-04,M10,Pump,0.64,48.06,4.84,15.1,506.0,idle,32.4,14.2,27.83,0,none,0.0
2056-02-05,M10,Pump,0.72,39.37,4.64,22.2,494.0,idle,32.7,15.0,27.53,0,none,0.0
2056-02-06,M10,Pump,0.68,42.64,5.19,20.5,479.6,idle,32.95,13.0,27.28,0,none,0.0
2056-02-07,M10,Pump,0.61,41.83,5.23,21.2,525.3,idle,33.25,11.6,26.98,0,none,0.0
2056-02-08,M10,Pump,0.6,45.45,4.53,15.4,492.6,idle,33.43,14.9,26.8,0,none,0.0
2056-02-09,M10,Pump,0.68,43.89,4.86,24.0,506.3,idle,33.53,17.4,26.7,0,none,0.0
2056-02-10,M10,Pump,0.65,48.47,4.99,22.8,500.3,idle,33.88,14.6,26.35,0,none,0.0
2056-02-11,M10,Pump,1.8,67.84,17.6,100.6,1205.7,normal,34.15,11.3,26.08,0,none,0.0
2056-02-12,M10,Pump,2.0,71.64,17.56,80.1,1243.6,normal,34.5,17.1,25.73,0,none,0.0
2056-02-13,M10,Pump,2.09,71.64,16.34,85.8,1256.3,normal,34.68,14.9,25.55,0,none,0.0
2056-02-14,M10,Pump,0.52,47.53,5.46,15.7,519.0,idle,35.02,17.1,25.22,0,none,0.0
2056-02-15,M10,Pump,0.64,48.37,5.34,21.9,532.3,idle,35.22,9.5,25.02,0,none,0.0
2056-02-16,M10,Pump,0.56,42.6,5.39,16.0,532.9,idle,35.3,8.3,24.93,0,none,0.0
2056-02-17,M10,Pump,0.68,43.25,4.91,16.5,477.2,idle,35.38,8.6,24.85,0,none,0.0
2056-02-18,M10,Pump,2.0,68.28,16.75,101.5,1175.0,normal,35.58,10.2,24.65,0,none,0.0
2056-02-19,M10,Pump,0.56,48.83,4.62,18.1,521.2,idle,35.8,16.8,24.43,0,none,0.0
2056-02-20,M10,Pump,0.63,42.14,5.59,21.2,489.4,idle,36.23,17.6,24.0,0,none,0.0
2056-02-21,M10,Pump,2.23,52.48,16.74,121.7,1266.1,normal,36.42,10.5,23.82,1,electrical,4929.0
2056-02-22,M10,Pump,0.61,40.42,5.19,24.4,513.5,idle,36.45,9.5,23.78,1,electrical,4975.0
2056-02-23,M10,Pump,0.65,42.21,5.25,23.9,493.8,idle,36.95,10.5,23.28,1,electrical,2713.0
2056-02-24,M10,Pump,1.91,60.22,16.64,102.4,1138.6,normal,37.18,8.8,23.05,1,electrical,2994.0
2056-02-25,M10,Pump,1.97,68.24,16.79,128.3,1223.4,normal,37.62,17.9,22.62,1,electrical,3282.0
2056-02-26,M10,Pump,2.76,78.03,23.34,147.6,1768.5,peak,37.77,17.7,22.47,1,electrical,5609.0
2056-02-27,M10,Pump,2.76,49.94,23.34,147.6,1768.5,normal,37.93,13.4,22.3,1,electrical,3806.0
2056-02-28,M10,Pump,1.89,62.81,16.21,107.3,1124.1,normal,38.38,12.5,21.85,1,electrical,3576.0
2056-02-29,M10,Pump,2.09,61.36,15.93,113.8,1201.7,normal,38.42,9.3,21.82,1,electrical,5763.0
2056-03-01,M10,Pump,2.12,61.61,17.95,105.3,1249.3,normal,38.83,17.9,21.4,1,electrical,5824.0
2056-03-02,M10,Pump,0.73,46.77,5.71,24.2,483.4,idle,39.22,15.5,21.02,1,electrical,4021.0
2056-03-03,M10,Pump,0.74,42.23,4.82,24.6,480.4,idle,39.58,17.0,20.65,1,electrical,4901.0
2056-03-04,M10,Pump,2.91,89.16,22.04,146.7,1714.4,peak,39.82,11.0,20.42,1,electrical,5978.0
2056-03-05,M10,Pump,0.69,47.72,5.74,16.7,489.2,idle,40.13,17.0,20.1,1,electrical,4044.0
2056-03-06,M10,Pump,0.68,46.85,5.17,18.0,489.2,idle,40.42,8.8,19.82,1,electrical,3838.0
2056-03-07,M10,Pump,2.28,70.68,16.28,94.9,1169.0,normal,40.78,15.9,19.45,1,electrical,5452.0
2056-03-08,M10,Pump,2.32,71.54,18.18,80.4,1139.8,normal,41.18,10.4,19.05,1,electrical,2895.0
2056-03-09,M10,Pump,2.04,71.95,16.66,119.2,1138.5,normal,41.58,15.9,18.65,1,electrical,5499.0
2056-03-10,M10,Pump,2.07,67.54,18.45,118.3,1224.8,normal,41.65,14.7,18.58,1,electrical,5292.0
2056-03-11,M10,Pump,1.97,58.34,18.91,80.0,1181.9,normal,42.08,16.6,18.15,1,electrical,5958.0
2056-03-12,M10,Pump,2.29,70.35,18.9,80.0,1233.3,normal,42.18,12.6,18.05,1,electrical,5992.0
2056-03-13,M10,Pump,2.3,65.27,17.41,103.5,1215.7,normal,42.28,9.8,17.95,1,electrical,3418.0
2056-03-14,M10,Pump,0.7,43.47,5.31,22.4,506.6,idle,42.47,12.4,17.77,1,electrical,5321.0
2056-03-15,M10,Pump,2.88,81.4,5.31,140.8,1626.5,peak,42.85,13.9,17.38,1,electrical,2849.0
2056-03-16,M10,Pump,2.12,55.0,19.02,118.2,1205.4,normal,43.18,18.0,17.05,1,electrical,3779.0
2056-03-17,M10,Pump,0.72,41.64,5.3,17.5,511.2,idle,43.62,15.5,16.62,1,electrical,4921.0
2056-03-18,M10,Pump,2.09,56.07,17.19,124.4,1201.0,normal,43.77,11.2,16.47,1,electrical,2758.0
2056-03-19,M10,Pump,2.09,72.49,17.19,87.3,1175.1,normal,43.92,9.0,16.32,1,electrical,4258.0
2056-03-20,M10,Pump,0.64,48.74,5.2,19.5,501.3,idle,44.03,13.1,16.2,1,electrical,2781.0
2056-03-21,M10,Pump,2.31,71.02,18.51,109.5,1221.5,normal,44.27,17.7,15.97,1,electrical,4566.0
2056-03-22,M10,Pump,0.69,49.15,6.04,23.3,460.4,idle,44.38,12.6,15.85,1,electrical,4666.0
2056-03-23,M10,Pump,1.99,59.68,19.03,94.0,1147.4,normal,44.63,12.8,15.6,1,electrical,5021.0
2056-03-24,M10,Pump,2.03,72.38,18.29,85.3,1103.5,normal,44.68,14.5,15.55,1,electrical,2951.0
2056-03-25,M10,Pump,2.71,89.52,26.12,153.2,1696.1,peak,44.9,12.6,15.33,1,electrical,4664.0
2056-03-26,M10,Pump,2.24,51.76,18.18,111.4,1225.2,normal,45.05,14.1,15.18,1,electrical,3504.0
2056-03-27,M10,Pump,2.2,58.57,19.9,112.6,1214.8,normal,45.38,16.2,14.85,1,electrical,4971.0
2056-03-28,M10,Pump,0.62,40.59,5.32,24.3,460.4,idle,45.63,13.9,14.6,1,electrical,4762.0
2056-03-29,M10,Pump,0.66,44.67,5.61,19.0,462.5,idle,45.7,11.2,14.53,1,electrical,3279.0
2056-03-30,M10,Pump,1.88,52.09,17.38,82.5,1194.0,normal,46.1,8.6,14.13,1,electrical,2028.0
2056-03-31,M10,Pump,1.88,56.73,19.35,83.8,1221.8,normal,46.57,16.5,13.67,1,electrical,4684.0
2056-04-01,M10,Pump,2.08,72.88,17.91,79.6,1177.8,normal,46.6,11.7,13.63,1,electrical,4962.0
2056-04-02,M10,Pump,1.99,63.94,18.86,101.8,1212.6,normal,46.92,15.7,13.32,1,electrical,3218.0
2056-04-03,M10,Pump,1.93,62.33,18.73,113.0,1101.8,normal,47.25,13.8,12.98,1,electrical,4506.0
2056-04-04,M10,Pump,2.92,83.09,26.97,158.9,1616.0,peak,47.7,10.0,12.53,1,electrical,3419.0
2056-04-05,M10,Pump,2.92,68.99,19.23,96.5,1144.3,normal,47.97,12.2,12.27,1,electrical,5924.0
2056-04-06,M10,Pump,2.02,51.46,19.93,109.8,1128.7,normal,48.22,8.7,12.02,1,electrical,4239.0
2056-04-07,M10,Pump,2.02,51.46,5.55,22.4,506.5,idle,48.25,17.1,11.98,1,electrical,3468.0
2056-04-08,M10,Pump,2.16,69.05,18.78,81.7,1174.3,normal,48.32,16.2,11.92,1,electrical,4262.0
2056-04-09,M10,Pump,0.59,48.81,5.69,21.7,489.9,idle,48.48,10.8,11.75,1,electrical,2701.0
2056-04-10,M10,Pump,3.11,88.54,24.32,147.4,1709.7,peak,48.6,13.8,11.63,1,electrical,3378.0
2056-04-11,M10,Pump,2.04,62.91,18.28,106.7,1126.7,normal,48.68,16.5,11.55,1,electrical,2773.0
2056-04-12,M10,Pump,2.04,55.75,18.92,82.9,1169.5,normal,49.08,11.3,11.15,1,electrical,2275.0
2056-04-13,M10,Pump,2.34,55.16,17.86,100.0,1190.7,normal,49.3,13.8,10.93,1,electrical,2852.0
2056-04-14,M10,Pump,0.75,55.16,17.86,100.0,462.9,idle,49.68,9.1,10.55,1,electrical,5062.0
2056-04-15,M10,Pump,2.72,90.17,27.1,147.8,1712.1,peak,50.08,9.0,10.15,1,electrical,4443.0
2056-04-16,M10,Pump,1.89,58.77,20.13,130.0,1148.9,normal,50.33,11.4,9.9,1,electrical,4754.0
2056-04-17,M10,Pump,3.12,90.11,24.59,147.2,1596.3,peak,50.48,16.1,9.75,1,electrical,3756.0
2056-04-18,M10,Pump,2.26,64.44,18.35,99.9,1154.5,normal,50.63,11.6,9.6,1,electrical,4479.0
2056-04-19,M10,Pump,3.05,88.1,24.9,152.2,1603.7,peak,50.67,11.4,9.57,1,electrical,2124.0
2056-04-20,M10,Pump,2.25,66.56,20.46,81.9,1153.4,normal,50.83,10.4,9.4,1,electrical,5616.0
2056-04-21,M10,Pump,2.29,67.93,21.01,88.7,1121.5,normal,51.33,10.4,8.9,1,electrical,2550.0
2056-04-22,M10,Pump,0.64,46.79,5.76,18.8,494.2,idle,51.58,12.9,8.65,1,electrical,4057.0
2056-04-23,M10,Pump,0.68,42.73,6.64,20.6,480.7,idle,52.03,16.7,8.2,1,electrical,5923.0
2056-04-24,M10,Pump,3.23,78.74,26.78,160.1,1629.5,peak,52.08,10.0,8.15,1,electrical,5915.0
2056-04-25,M10,Pump,0.7,50.71,5.82,17.4,472.3,idle,52.55,10.2,7.68,1,electrical,5381.0
2056-04-26,M10,Pump,0.63,42.88,5.8,23.7,484.8,idle,52.87,13.2,7.37,1,electrical,3807.0
2056-04-27,M10,Pump,1.99,73.48,21.06,96.8,1181.0,normal,52.93,16.7,7.3,1,electrical,5342.0
2056-04-28,M10,Pump,0.67,48.68,5.95,17.1,464.6,idle,53.28,13.7,6.95,1,electrical,2942.0
2056-04-29,M10,Pump,1.89,62.71,19.93,78.1,1191.4,normal,53.5,11.1,6.73,1,electrical,3815.0
2056-04-30,M10,Pump,0.7,46.42,6.74,24.4,453.9,idle,53.92,15.5,6.32,1,electrical,5593.0
2056-05-01,M10,Pump,2.18,70.75,19.25,84.7,1109.6,normal,54.02,9.2,6.22,1,electrical,5699.0
2056-05-02,M10,Pump,0.61,51.63,6.54,15.6,496.9,idle,54.13,11.2,6.1,1,electrical,4381.0
2056-05-03,M10,Pump,0.58,45.59,5.99,17.7,466.6,idle,54.38,16.6,5.85,1,electrical,5650.0
2056-05-04,M10,Pump,0.71,44.77,6.6,15.9,484.0,idle,54.85,8.9,5.38,1,electrical,4483.0
2056-05-05,M10,Pump,2.32,54.0,21.08,104.6,1115.2,normal,55.32,10.4,4.92,1,electrical,2430.0
2056-05-06,M10,Pump,0.57,49.02,6.08,18.4,490.3,idle,55.82,13.4,4.42,1,electrical,3649.0
2056-05-07,M10,Pump,2.37,59.95,21.59,127.7,1082.0,normal,55.93,8.5,4.3,1,electrical,3769.0
2056-05-08,M10,Pump,0.67,42.46,6.73,17.9,465.6,idle,56.35,15.8,3.88,1,electrical,4381.0
2056-05-09,M10,Pump,0.7,50.33,6.24,21.7,503.7,idle,56.85,16.3,3.38,1,electrical,2109.0
2056-05-10,M10,Pump,0.74,49.47,6.91,23.8,489.4,idle,57.0,13.3,3.23,1,electrical,4086.0
2056-05-11,M10,Pump,0.74,50.71,6.4,20.0,444.0,idle,57.45,15.0,2.78,1,electrical,3219.0
2056-05-12,M10,Pump,1.88,69.75,21.3,117.6,1189.6,normal,57.77,15.2,2.47,1,electrical,4775.0
2056-05-13,M10,Pump,2.11,54.63,21.56,83.2,1145.8,normal,57.82,9.3,2.42,1,electrical,4051.0
2056-05-14,M10,Pump,0.67,49.73,6.25,16.4,457.5,idle,57.92,15.1,2.32,1,electrical,2097.0
2056-05-15,M10,Pump,0.7,47.45,6.5,18.2,494.3,idle,58.23,8.5,2.0,1,electrical,4120.0
2056-05-16,M10,Pump,0.7,59.87,22.01,86.9,1160.0,normal,58.4,8.6,1.83,1,electrical,4598.0
2056-05-17,M10,Pump,0.65,48.8,6.16,23.5,452.6,idle,58.72,12.5,1.52,1,electrical,5246.0
2056-05-18,M10,Pump,0.76,43.42,6.23,20.6,494.5,idle,59.08,15.6,1.15,1,electrical,3153.0
2056-05-19,M10,Pump,0.68,45.02,6.97,20.6,455.4,idle,59.42,12.8,0.82,1,electrical,5746.0
2056-05-20,M10,Pump,0.67,49.69,6.78,22.2,495.6,idle,59.9,14.6,0.5,1,electrical,5942.0
2056-05-21,M10,Pump,0.73,49.03,5.96,22.5,500.5,idle,59.93,14.4,0.5,1,electrical,4720.0
2056-05-22,M10,Pump,0.62,49.07,6.91,21.4,496.9,idle,60.22,15.2,0.5,1,electrical,3256.0
2056-05-23,M10,Pump,0.59,40.32,3.33,21.4,496.9,idle,0.0,16.0,71.3,0,none,0.0
2056-05-24,M10,Pump,0.7,37.02,3.48,19.9,546.2,idle,0.18,8.0,71.12,0,none,0.0
2056-05-25,M10,Pump,1.92,53.09,12.08,127.8,1344.3,normal,0.22,9.1,71.08,0,none,0.0
2056-05-26,M10,Pump,1.86,60.64,12.44,112.0,1217.0,normal,0.3,11.7,71.0,0,none,0.0
2056-05-27,M10,Pump,1.97,62.55,11.4,96.1,1230.6,normal,0.72,11.0,70.58,0,none,0.0
2056-05-28,M10,Pump,0.68,43.59,3.42,22.6,525.5,idle,0.77,15.6,70.53,0,none,0.0
2056-05-29,M10,Pump,0.64,39.93,3.63,23.8,544.6,idle,0.87,9.3,70.43,0,none,0.0
2056-05-30,M10,Pump,1.82,47.55,12.87,86.0,1310.1,normal,1.02,11.6,70.28,0,none,0.0
2056-05-31,M10,Pump,0.6,36.4,3.84,24.0,508.5,idle,1.45,14.9,69.85,0,none,0.0
2056-06-01,M10,Pump,0.51,43.5,3.65,21.8,530.9,idle,1.55,12.9,69.75,0,none,0.0
2056-06-02,M10,Pump,0.58,38.0,3.69,16.6,550.2,idle,2.0,15.1,69.3,0,none,0.0
2056-06-03,M10,Pump,0.61,43.48,3.94,24.0,542.1,idle,2.45,16.9,68.85,0,none,0.0
2056-06-04,M10,Pump,2.59,75.36,16.31,157.8,1774.2,peak,2.77,13.5,68.53,0,none,0.0
2056-06-05,M10,Pump,2.2,47.47,12.21,105.6,1288.7,normal,3.17,16.5,68.13,0,none,0.0
2056-06-06,M10,Pump,1.97,46.33,12.99,129.0,1278.7,normal,3.43,12.8,67.87,0,none,0.0
2056-06-07,M10,Pump,2.53,72.74,15.11,155.3,1821.7,peak,3.7,16.6,67.6,0,none,0.0
2056-06-08,M10,Pump,1.91,57.08,12.75,81.7,1281.6,normal,3.83,12.6,67.47,0,none,0.0
2056-06-09,M10,Pump,2.05,67.33,12.48,106.5,1315.0,normal,3.9,10.1,67.4,0,none,0.0
2056-06-10,M10,Pump,2.2,65.44,11.18,107.9,1318.0,normal,4.22,17.7,67.08,0,none,0.0
2056-06-11,M10,Pump,2.04,54.59,11.64,110.6,1261.9,normal,4.37,14.4,66.93,0,none,0.0
2056-06-12,M10,Pump,1.9,64.25,11.63,111.5,1331.0,normal,4.82,10.8,66.48,0,none,0.0
2056-06-13,M10,Pump,2.01,56.33,11.07,113.4,1349.6,normal,5.1,10.7,66.2,0,none,0.0
2056-06-14,M10,Pump,2.1,59.59,11.94,89.7,1303.8,normal,5.18,11.2,66.12,0,none,0.0
2056-06-15,M10,Pump,1.79,65.4,11.71,98.8,1232.4,normal,5.6,17.3,65.7,0,none,0.0
2056-06-16,M10,Pump,0.6,41.8,3.51,22.0,543.4,idle,6.05,14.5,65.25,0,none,0.0
2056-06-17,M10,Pump,5.38,52.19,12.72,78.6,1307.4,normal,6.5,15.2,64.8,0,none,0.0
2056-06-18,M10,Pump,1.91,61.51,12.72,82.4,1347.3,normal,6.67,13.6,64.63,0,none,0.0
2056-06-19,M10,Pump,1.74,48.64,11.84,127.1,1244.0,normal,7.05,17.6,64.25,0,none,0.0
2056-06-20,M10,Pump,1.74,40.21,3.53,22.0,535.1,idle,7.38,15.8,63.92,0,none,0.0
2056-06-21,M10,Pump,0.62,37.1,3.95,16.1,548.3,idle,7.8,10.5,63.5,0,none,0.0
2056-06-22,M10,Pump,0.68,35.84,3.32,18.3,555.3,idle,8.17,11.5,63.13,0,none,0.0
2056-06-23,M10,Pump,0.64,43.22,3.58,18.3,525.6,idle,8.45,13.1,62.85,0,none,0.0
2056-06-24,M10,Pump,2.1,53.07,11.44,95.5,1228.9,normal,8.8,13.7,62.5,0,none,0.0
2056-06-25,M10,Pump,1.76,53.37,11.29,104.1,1205.3,normal,9.23,14.4,62.07,0,none,0.0
2056-06-26,M10,Pump,0.59,44.58,3.55,16.4,521.4,idle,9.38,15.2,61.92,0,none,0.0
2056-06-27,M10,Pump,0.66,38.14,3.57,22.9,518.2,idle,9.43,10.8,61.87,0,none,0.0
2056-06-28,M10,Pump,0.6,35.63,3.42,17.1,532.5,idle,9.62,15.7,61.68,0,none,0.0
2056-06-29,M10,Pump,0.66,35.63,3.57,18.0,522.4,idle,9.95,8.8,61.35,0,none,0.0
2056-06-30,M10,Pump,0.58,43.99,3.32,21.2,562.1,idle,10.28,8.3,61.02,0,none,0.0
2056-07-01,M10,Pump,0.58,41.51,3.71,18.4,509.6,idle,10.53,11.1,60.77,0,none,0.0
2056-07-02,M10,Pump,1.81,46.32,12.53,105.7,1317.8,normal,10.78,8.1,60.52,0,none,0.0
2056-07-03,M10,Pump,0.56,43.05,3.52,16.2,537.4,idle,10.83,17.6,60.47,0,none,0.0
2056-07-04,M10,Pump,0.69,39.14,3.66,19.5,532.0,idle,10.9,10.0,60.4,0,none,0.0
2056-07-05,M10,Pump,0.54,39.22,3.65,22.4,509.8,idle,11.22,9.9,60.08,0,none,0.0
2056-07-06,M10,Pump,1.99,60.23,11.77,106.6,1306.6,normal,11.6,11.6,59.7,0,none,0.0
2056-07-07,M10,Pump,0.59,38.33,3.88,24.9,515.2,idle,11.97,11.4,59.33,0,none,0.0
2056-07-08,M10,Pump,1.51,40.45,3.61,23.9,563.7,idle,12.12,10.7,59.18,0,none,0.0
2056-07-09,M10,Pump,0.55,38.58,3.9,19.9,520.2,idle,12.55,12.5,58.75,0,none,0.0
2056-07-10,M10,Pump,0.69,38.58,3.73,19.3,531.6,idle,12.85,14.8,58.45,0,none,0.0
2056-07-11,M10,Pump,0.69,38.58,3.42,22.5,548.8,idle,13.12,17.7,58.18,0,none,0.0
2056-07-12,M10,Pump,0.66,41.99,3.39,24.8,513.2,idle,13.6,17.7,57.7,0,none,0.0
2056-07-13,M10,Pump,1.88,61.26,11.28,86.9,1331.5,normal,13.93,9.6,57.37,0,none,0.0
2056-07-14,M10,Pump,1.87,60.31,12.72,128.6,1231.5,normal,14.33,9.4,56.97,0,none,0.0
2056-07-15,M10,Pump,0.52,42.41,3.43,20.8,537.3,idle,14.78,17.2,56.52,0,none,0.0
2056-07-16,M10,Pump,0.61,41.5,3.9,17.7,538.9,idle,15.2,15.8,56.1,0,none,0.0
2056-07-17,M10,Pump,0.57,38.19,3.31,21.0,568.1,idle,15.58,17.3,55.72,0,none,0.0
2056-07-18,M10,Pump,0.65,37.43,3.8,18.0,552.8,idle,15.62,14.2,55.68,0,none,0.0
2056-07-19,M10,Pump,0.67,38.34,3.3,18.1,514.4,idle,15.9,8.7,55.4,0,none,0.0
2056-07-20,M10,Pump,0.67,38.34,3.33,20.3,514.4,idle,15.98,11.0,55.32,0,none,0.0
2056-07-21,M10,Pump,0.67,38.76,3.42,18.9,523.2,idle,16.07,11.7,55.23,0,none,0.0
2056-07-22,M10,Pump,0.7,35.3,3.47,15.7,560.0,idle,16.35,8.2,54.95,0,none,0.0
2056-07-23,M10,Pump,0.58,42.96,3.78,24.3,501.7,idle,16.52,16.9,54.78,0,none,0.0
2056-07-24,M10,Pump,1.8,61.15,12.17,114.1,1286.3,normal,16.92,13.5,54.38,0,none,0.0
2056-07-25,M10,Pump,1.99,66.45,12.84,80.0,1286.3,normal,17.17,13.2,54.13,0,none,0.0
2056-07-26,M10,Pump,2.71,75.37,15.1,151.8,1896.3,peak,17.33,9.5,53.97,0,none,0.0
2056-07-27,M10,Pump,1.74,63.78,11.39,108.0,1258.0,normal,17.58,10.9,53.72,0,none,0.0
2056-07-28,M10,Pump,2.61,83.06,16.95,149.7,1846.1,peak,18.05,13.0,53.25,0,none,0.0
2056-07-29,M10,Pump,1.98,46.77,11.08,118.2,1259.2,normal,18.45,13.5,52.85,0,none,0.0
2056-07-30,M10,Pump,1.85,67.67,11.17,92.0,1328.5,normal,18.73,16.1,52.57,0,none,0.0
2056-07-31,M10,Pump,1.91,58.44,11.1,125.9,1220.5,normal,18.82,12.7,52.48,0,none,0.0
2056-08-01,M10,Pump,1.81,48.61,12.0,120.5,1240.0,normal,18.85,9.6,52.45,0,none,0.0
2056-08-02,M10,Pump,0.53,39.1,3.99,15.1,535.3,idle,19.12,14.9,52.18,0,none,0.0
2056-08-03,M10,Pump,2.03,63.55,12.49,81.9,1269.3,normal,19.5,15.9,51.8,0,none,0.0
2056-08-04,M10,Pump,1.74,59.26,11.15,80.5,1269.3,normal,19.53,9.3,51.77,0,none,0.0
2056-08-05,M10,Pump,2.17,61.33,11.01,92.8,1202.6,normal,20.0,12.2,51.3,0,none,0.0
2056-08-06,M10,Pump,1.85,60.77,12.52,119.8,1336.5,normal,20.3,14.1,51.0,0,none,0.0
2056-08-07,M10,Pump,0.57,43.63,3.81,20.4,566.8,idle,20.58,10.6,50.72,0,none,0.0
2056-08-08,M10,Pump,0.69,43.98,3.44,17.1,563.1,idle,21.03,8.6,50.27,0,none,0.0
2056-08-09,M10,Pump,1.9,63.34,12.37,117.6,1203.9,normal,21.17,8.6,50.13,0,none,0.0
2056-08-10,M10,Pump,2.66,82.86,15.98,157.2,1863.4,peak,21.62,13.1,49.68,0,none,0.0
2056-08-11,M10,Pump,0.52,36.56,3.81,15.6,523.9,idle,21.7,12.4,49.6,0,none,0.0
2056-08-12,M10,Pump,0.68,40.74,3.94,18.1,544.6,idle,22.05,13.0,49.25,0,none,0.0
2056-08-13,M10,Pump,1.84,47.56,12.98,87.2,1228.3,normal,22.38,10.6,48.92,0,none,0.0
2056-08-14,M10,Pump,2.12,63.45,12.96,81.7,1214.1,normal,22.85,10.8,48.45,0,none,0.0
2056-08-15,M10,Pump,1.92,58.61,11.08,86.2,1305.5,normal,22.88,13.3,48.42,0,none,0.0
2056-08-16,M10,Pump,2.8,71.35,16.86,146.4,1883.1,peak,22.97,14.8,48.33,0,none,0.0
2056-08-17,M10,Pump,2.8,56.27,11.82,92.5,1321.1,normal,23.02,12.3,48.28,0,none,0.0
2056-08-18,M10,Pump,1.8,59.31,12.13,90.9,1347.5,normal,23.2,10.5,48.1,0,none,0.0
2056-08-19,M10,Pump,2.12,45.47,11.84,96.7,1332.4,normal,23.67,11.6,47.63,0,none,0.0
2056-08-20,M10,Pump,0.55,44.98,3.44,17.4,546.6,idle,23.9,9.0,47.4,0,none,0.0
2056-08-21,M10,Pump,1.78,65.44,11.22,129.1,1331.2,normal,24.35,12.6,46.95,0,none,0.0
2056-08-22,M10,Pump,2.12,54.37,12.03,101.7,1348.1,normal,24.7,16.2,46.6,0,none,0.0
2056-08-23,M10,Pump,1.72,53.78,12.94,97.2,1259.8,normal,24.75,10.7,46.55,0,none,0.0
2056-08-24,M10,Pump,0.63,44.07,3.51,24.5,519.8,idle,25.25,10.7,46.05,0,none,0.0
2056-08-25,M10,Pump,0.66,37.76,3.35,23.1,531.5,idle,25.67,11.5,45.63,0,none,0.0
2056-08-26,M10,Pump,0.58,39.3,3.73,17.6,516.6,idle,25.9,12.7,45.4,0,none,0.0
2056-08-27,M10,Pump,2.69,70.53,16.29,160.6,1859.1,peak,25.93,15.9,45.37,0,none,0.0
2056-08-28,M10,Pump,0.59,40.65,3.32,24.1,539.1,idle,26.38,10.1,44.92,0,none,0.0
2056-08-29,M10,Pump,1.86,51.75,12.32,108.4,1228.2,normal,26.48,16.8,44.82,0,none,0.0
2056-08-30,M10,Pump,1.9,60.55,11.6,104.5,1238.2,normal,26.87,9.2,44.43,0,none,0.0
2056-08-31,M10,Pump,1.74,53.93,12.46,89.1,1313.2,normal,27.33,9.1,43.97,0,none,0.0
2056-09-01,M10,Pump,2.03,56.67,12.94,123.9,1284.5,normal,27.4,16.4,43.9,0,none,0.0
2056-09-02,M10,Pump,2.03,56.67,12.94,124.6,1284.5,normal,27.9,9.4,43.4,0,none,0.0
2056-09-03,M10,Pump,4.99,61.18,11.51,87.8,1313.9,normal,28.13,9.0,43.17,0,none,0.0
2056-09-04,M10,Pump,2.18,47.5,11.33,87.8,1344.4,normal,28.55,13.8,42.75,0,none,0.0
2056-09-05,M10,Pump,2.18,41.78,3.65,20.4,520.3,idle,28.6,11.6,42.7,0,none,0.0
2056-09-06,M10,Pump,1.78,62.95,3.65,91.3,1294.9,normal,28.7,17.8,42.6,0,none,0.0
2056-09-07,M10,Pump,1.8,56.24,11.38,117.5,1248.1,normal,28.88,14.5,42.42,0,none,0.0
2056-09-08,M10,Pump,0.59,42.55,3.76,117.5,505.0,idle,29.13,12.4,42.17,0,none,0.0
2056-09-09,M10,Pump,0.68,35.08,3.81,24.4,521.5,idle,29.28,11.7,42.02,0,none,0.0
2056-09-10,M10,Pump,1.74,50.74,11.63,101.5,1278.8,normal,29.42,14.7,41.88,0,none,0.0
2056-09-11,M10,Pump,0.65,44.01,3.63,22.5,508.9,idle,29.62,9.2,41.68,0,none,0.0
2056-09-12,M10,Pump,1.86,47.72,12.38,125.2,1333.4,normal,30.08,17.6,41.22,0,none,0.0
2056-09-13,M10,Pump,0.57,37.34,3.49,17.9,505.8,idle,30.28,14.2,41.02,0,none,0.0
2056-09-14,M10,Pump,1.77,37.34,11.02,80.5,1304.8,normal,30.68,10.7,40.62,0,none,0.0
2056-09-15,M10,Pump,2.01,66.74,11.8,101.1,1210.2,normal,30.78,15.0,40.52,0,none,0.0
2056-09-16,M10,Pump,1.78,60.91,11.47,118.2,1305.8,normal,31.1,16.3,40.2,0,none,0.0
2056-09-17,M10,Pump,2.07,60.88,12.42,106.4,1301.7,normal,31.3,15.6,40.0,0,none,0.0
2056-09-18,M10,Pump,2.07,49.74,11.44,99.1,1202.1,normal,31.8,17.7,39.5,0,none,0.0
2056-09-19,M10,Pump,2.14,51.17,11.1,100.1,1322.3,normal,32.03,15.2,39.27,0,none,0.0
2056-09-20,M10,Pump,1.9,51.04,12.09,107.9,1313.9,normal,32.38,13.3,38.92,0,none,0.0
2056-09-21,M10,Pump,0.66,42.06,3.3,15.0,568.4,idle,32.55,13.8,38.75,0,none,0.0
2056-09-22,M10,Pump,0.55,37.82,3.81,20.8,532.5,idle,33.03,17.7,38.27,0,none,0.0
2056-09-23,M10,Pump,0.52,35.81,3.79,16.2,530.5,idle,33.15,9.3,38.15,0,none,0.0
2056-09-24,M10,Pump,0.65,44.23,3.91,23.6,525.1,idle,33.37,13.9,37.93,0,none,0.0
2056-09-25,M10,Pump,0.69,41.84,3.92,15.9,502.8,idle,33.83,8.6,37.47,0,none,0.0
2056-09-26,M10,Pump,1.91,64.04,11.82,124.0,1235.2,normal,33.97,15.4,37.33,0,none,0.0
2056-09-27,M10,Pump,0.51,42.61,3.74,19.4,559.2,idle,34.33,14.4,36.97,0,none,0.0
2056-09-28,M10,Pump,0.66,38.25,3.89,18.4,543.5,idle,34.63,11.4,36.67,0,none,0.0
2056-09-29,M10,Pump,0.54,37.64,3.61,18.1,509.0,idle,35.08,8.5,36.22,0,none,0.0
2056-09-30,M10,Pump,0.6,40.11,3.41,16.7,502.1,idle,35.37,13.1,35.93,0,none,0.0
2056-10-01,M10,Pump,0.51,38.59,3.4,24.2,514.0,idle,35.7,16.9,35.6,0,none,0.0
2056-10-02,M10,Pump,0.51,39.04,3.43,24.2,552.7,idle,36.17,10.1,35.13,0,none,0.0
2056-10-03,M10,Pump,0.61,35.57,3.63,15.4,524.8,idle,36.33,16.2,34.97,0,none,0.0
2056-10-04,M10,Pump,0.57,43.23,3.81,24.0,509.8,idle,36.43,10.8,34.87,0,none,0.0
2056-10-05,M10,Pump,0.61,35.2,3.88,18.7,504.9,idle,36.83,12.9,34.47,0,none,0.0
2056-10-06,M10,Pump,0.56,37.87,3.84,16.3,538.9,idle,37.0,17.1,34.3,0,none,0.0
2056-10-07,M10,Pump,0.66,42.4,3.96,15.0,524.8,idle,37.33,15.9,33.97,0,none,0.0
2056-10-08,M10,Pump,0.57,35.33,3.87,21.9,537.0,idle,37.48,12.3,33.82,0,none,0.0
2056-10-09,M10,Pump,0.58,43.95,3.87,18.4,566.7,idle,37.93,12.3,33.37,0,none,0.0
2056-10-10,M10,Pump,0.51,42.81,3.8,24.0,506.3,idle,38.17,16.7,33.13,0,none,0.0
2056-10-11,M10,Pump,0.69,35.29,3.54,15.8,503.6,idle,38.27,13.5,33.03,0,none,0.0
2056-10-12,M10,Pump,2.18,61.55,12.01,83.6,1278.9,normal,38.37,14.7,32.93,0,none,0.0
2056-10-13,M10,Pump,2.18,61.55,3.73,22.9,1278.9,idle,38.58,16.0,32.72,0,none,0.0
2056-10-14,M10,Pump,0.6,41.51,3.39,23.3,558.6,idle,38.87,10.3,32.43,0,none,0.0
2056-10-15,M10,Pump,0.61,36.88,3.65,16.1,553.4,idle,39.37,13.6,31.93,0,none,0.0
2056-10-16,M10,Pump,0.56,38.11,3.96,19.2,555.3,idle,39.87,10.9,31.43,0,none,0.0
2056-10-17,M10,Pump,0.63,38.11,3.39,23.0,553.4,idle,40.32,13.8,30.98,0,none,0.0
2056-10-18,M10,Pump,0.53,37.49,3.84,24.8,559.0,idle,40.42,16.9,30.88,0,none,0.0
2056-10-19,M10,Pump,0.64,44.15,3.5,15.1,522.5,idle,40.58,9.6,30.72,0,none,0.0
2056-10-20,M10,Pump,0.69,43.82,3.34,20.0,505.5,idle,40.8,17.8,30.5,0,none,0.0
2056-10-21,M10,Pump,2.09,53.57,12.82,80.8,1310.1,normal,41.22,12.4,30.08,0,none,0.0
2056-10-22,M10,Pump,0.58,53.57,12.82,80.8,1310.1,idle,41.28,8.6,30.02,0,none,0.0
2056-10-23,M10,Pump,2.79,79.92,15.15,154.9,1856.6,peak,41.75,16.5,29.55,0,none,0.0
2056-10-24,M10,Pump,1.74,60.16,12.61,121.3,1206.2,normal,42.22,16.4,29.08,0,none,0.0
2056-10-25,M10,Pump,2.05,63.33,11.79,106.2,1206.2,normal,42.63,8.3,28.67,0,none,0.0
2056-10-26,M10,Pump,1.86,56.54,11.3,97.3,1245.2,normal,42.97,17.5,28.33,0,none,0.0
2056-10-27,M10,Pump,0.55,39.84,3.89,17.4,546.2,idle,43.18,16.9,28.12,0,none,0.0
2056-10-28,M10,Pump,0.55,36.42,3.96,21.3,507.3,idle,43.27,11.0,28.03,0,none,0.0
2056-10-29,M10,Pump,0.63,36.76,3.92,17.5,556.5,idle,43.35,15.7,27.95,0,none,0.0
2056-10-30,M10,Pump,1.8,57.84,12.82,93.4,1212.2,normal,43.48,8.6,27.82,0,none,0.0
2056-10-31,M10,Pump,1.98,48.96,12.46,93.4,1252.0,normal,43.95,14.8,27.35,0,none,0.0
2056-11-01,M10,Pump,0.64,37.39,3.94,18.5,553.4,idle,44.35,11.0,26.95,0,none,0.0
2056-11-02,M10,Pump,1.83,61.44,11.06,93.4,1213.9,normal,44.73,13.1,26.57,0,none,0.0
2056-11-03,M10,Pump,1.93,55.01,11.72,129.0,1236.6,normal,45.03,10.7,26.27,0,none,0.0
2056-11-04,M10,Pump,2.1,55.29,11.67,88.6,1295.0,normal,45.13,13.7,26.17,0,none,0.0
2056-11-05,M10,Pump,0.57,43.13,3.98,17.3,509.0,idle,45.23,10.4,26.07,0,none,0.0
2056-11-06,M10,Pump,0.56,39.67,3.51,17.3,554.5,idle,45.3,13.0,26.0,0,none,0.0
2056-11-07,M10,Pump,2.18,53.58,11.61,99.2,1278.4,normal,45.47,15.3,25.83,0,none,0.0
2056-11-08,M10,Pump,2.84,83.22,15.93,147.2,1797.8,peak,45.67,11.1,25.63,0,none,0.0
2056-11-09,M10,Pump,0.64,40.68,3.64,147.2,561.3,idle,46.07,11.5,25.23,0,none,0.0
2056-11-10,M10,Pump,2.09,48.23,11.73,106.2,1268.2,normal,46.42,12.6,24.88,0,none,0.0
2056-11-11,M10,Pump,0.58,42.19,3.34,19.7,518.4,idle,46.72,9.7,24.58,0,none,0.0
2056-11-12,M10,Pump,1.74,55.69,11.34,91.4,1276.0,normal,47.13,9.1,24.17,0,none,0.0
2056-11-13,M10,Pump,0.69,41.84,3.5,18.8,528.4,idle,47.53,14.8,23.77,0,none,0.0
2056-11-14,M10,Pump,0.53,36.61,3.4,20.2,547.2,idle,48.02,9.4,23.28,0,none,0.0
2056-11-15,M10,Pump,2.0,67.49,11.25,129.3,1270.0,normal,48.43,10.3,22.87,0,none,0.0
2056-11-16,M10,Pump,1.81,66.7,11.25,96.1,1270.0,normal,48.92,14.8,22.38,0,none,0.0
2056-11-17,M10,Pump,1.83,67.52,11.61,128.8,1249.5,normal,49.42,10.1,21.88,0,none,0.0
2056-11-18,M10,Pump,1.82,49.22,11.82,90.3,1304.5,normal,49.55,14.7,21.75,0,none,0.0
2056-11-19,M10,Pump,1.82,64.21,12.67,92.8,1313.0,normal,49.65,9.0,21.65,0,none,0.0
2056-11-20,M10,Pump,2.91,78.85,15.73,151.0,1867.9,peak,49.9,10.7,21.4,0,none,0.0
2056-11-21,M10,Pump,0.56,38.34,3.41,19.0,506.1,idle,49.93,10.8,21.37,0,none,0.0
2056-11-22,M10,Pump,1.86,53.59,11.51,83.3,1278.2,normal,49.98,17.2,21.32,0,none,0.0
2056-11-23,M10,Pump,0.67,38.36,3.47,17.9,560.3,idle,50.18,9.0,21.12,0,none,0.0
2056-11-24,M10,Pump,1.96,48.01,12.42,86.0,1209.0,normal,50.3,10.3,21.0,0,none,0.0
2056-11-25,M10,Pump,2.55,72.52,16.21,152.1,1858.6,peak,50.37,17.6,20.93,0,none,0.0
2056-11-26,M10,Pump,1.96,54.64,12.05,100.6,1205.6,normal,50.58,9.4,20.72,0,none,0.0
2056-11-27,M10,Pump,0.64,44.62,3.6,19.2,503.2,idle,51.07,13.3,20.23,0,none,0.0
2056-11-28,M10,Pump,0.64,44.62,3.6,83.5,503.2,normal,51.42,12.8,19.88,0,none,0.0
2056-11-29,M10,Pump,1.71,55.23,12.0,121.4,1312.6,normal,51.78,14.4,19.52,0,none,0.0
2056-11-30,M10,Pump,2.1,64.96,11.95,118.6,1210.2,normal,52.12,15.9,19.18,0,none,0.0
2056-12-01,M10,Pump,2.67,70.45,16.83,164.0,1762.6,peak,52.42,17.5,18.88,0,none,0.0
2056-12-02,M10,Pump,0.61,38.25,3.54,19.5,508.8,idle,52.68,17.0,18.62,0,none,0.0
2056-12-03,M10,Pump,1.79,58.28,11.04,109.2,1247.8,normal,52.97,10.7,18.33,0,none,0.0
2056-12-04,M10,Pump,2.12,58.8,12.42,84.0,1239.9,normal,53.1,11.2,18.2,0,none,0.0
2056-12-05,M10,Pump,2.2,54.97,11.72,123.4,1205.0,normal,53.27,15.5,18.03,0,none,0.0
2056-12-06,M10,Pump,1.97,49.84,11.74,88.4,1205.7,normal,53.73,16.8,17.57,0,none,0.0
2056-12-07,M10,Pump,0.58,42.89,3.97,21.2,527.2,idle,53.87,9.3,17.43,0,none,0.0
2056-12-08,M10,Pump,2.08,56.62,11.74,87.3,1319.4,normal,54.13,10.2,17.17,0,none,0.0
2056-12-09,M10,Pump,0.6,44.64,3.86,19.2,551.9,idle,54.38,13.8,16.92,0,none,0.0
2056-12-10,M10,Pump,0.59,44.64,3.66,23.7,559.9,idle,54.45,11.4,16.85,0,none,0.0
2056-12-11,M10,Pump,1.99,53.74,11.02,94.2,1348.5,normal,54.5,11.8,16.8,0,none,0.0
2056-12-12,M10,Pump,2.06,61.5,12.52,110.2,1287.9,normal,54.78,9.7,16.52,0,none,0.0
2056-12-13,M10,Pump,1.93,55.21,12.74,98.5,1326.0,normal,54.95,14.3,16.35,0,none,0.0
2056-12-14,M10,Pump,2.9,81.56,15.08,143.7,1797.2,peak,55.12,15.0,16.18,0,none,0.0
2056-12-15,M10,Pump,2.91,81.56,15.08,148.1,1877.6,peak,55.35,13.7,15.95,0,none,0.0
2056-12-16,M10,Pump,1.82,67.45,11.98,126.7,1264.3,normal,55.8,15.9,15.5,0,none,0.0
2056-12-17,M10,Pump,1.86,53.34,11.98,95.2,1300.4,normal,56.27,16.7,15.03,0,none,0.0
2056-12-18,M10,Pump,1.93,66.66,11.32,95.2,1218.7,normal,56.33,11.6,14.97,0,none,0.0
2056-12-19,M10,Pump,1.99,54.27,11.12,122.2,1256.3,normal,56.48,8.3,14.82,0,none,0.0
2056-12-20,M10,Pump,1.95,54.37,11.98,78.8,1322.3,normal,56.6,13.7,14.7,0,none,0.0
2056-12-21,M10,Pump,1.87,61.66,11.13,105.2,1336.3,normal,56.73,12.5,14.57,0,none,0.0
2056-12-22,M10,Pump,0.58,36.97,3.37,23.6,516.7,idle,56.77,13.7,14.53,0,none,0.0
2056-12-23,M10,Pump,2.19,50.7,11.96,101.8,1209.3,normal,56.98,14.2,14.32,0,none,0.0
2056-12-24,M10,Pump,0.61,41.73,3.82,20.2,556.9,idle,57.45,12.5,13.85,0,none,0.0
2056-12-25,M10,Pump,2.08,49.46,11.8,85.4,1220.0,normal,57.92,9.1,13.38,0,none,0.0
2056-12-26,M10,Pump,0.64,40.3,3.72,22.3,519.4,idle,58.02,17.9,13.28,0,none,0.0
2056-12-27,M10,Pump,1.9,58.96,11.19,121.3,1251.5,normal,58.52,17.4,12.78,0,none,0.0
2056-12-28,M10,Pump,0.63,44.96,3.63,17.1,515.1,idle,58.93,11.4,12.37,0,none,0.0
2056-12-29,M11,Compressor,0.91,50.14,5.94,43.4,762.8,idle,392.55,13.4,66.4,0,none,0.0
2056-12-30,M11,Compressor,0.96,48.8,6.13,44.7,749.4,idle,392.58,8.6,66.36,0,none,0.0
2056-12-31,M11,Compressor,0.96,50.96,5.61,42.2,744.4,idle,392.68,13.6,66.26,0,none,0.0
2057-01-01,M11,Compressor,0.93,49.95,6.03,44.1,741.6,idle,393.05,16.7,65.9,0,none,0.0
2057-01-02,M11,Compressor,0.94,46.4,6.35,48.9,741.6,idle,393.48,13.8,65.46,0,none,0.0
2057-01-03,M11,Compressor,2.26,64.07,13.06,102.5,1726.9,normal,393.91,11.5,65.03,0,none,0.0
2057-01-04,M11,Compressor,2.26,45.25,6.15,46.5,750.6,idle,394.06,14.4,64.88,0,none,0.0
2057-01-05,M11,Compressor,1.01,49.3,6.07,42.5,723.3,idle,394.26,15.7,64.68,0,none,0.0
2057-01-06,M11,Compressor,1.07,49.42,6.65,49.4,765.0,idle,394.36,8.8,64.58,0,none,0.0
2057-01-07,M11,Compressor,1.04,49.25,5.89,49.7,752.5,idle,394.56,17.1,64.38,0,none,0.0
2057-01-08,M11,Compressor,0.94,45.68,6.72,44.0,722.5,idle,395.06,15.2,63.88,0,none,0.0
2057-01-09,M11,Compressor,0.99,50.54,6.12,48.4,769.6,idle,395.28,11.6,63.66,0,none,0.0
2057-01-10,M11,Compressor,1.07,48.71,6.55,44.1,726.0,idle,395.73,10.0,63.21,0,none,0.0
2057-01-11,M11,Compressor,1.01,44.08,6.2,42.8,726.5,idle,395.86,17.4,63.08,0,none,0.0
2057-01-12,M11,Compressor,1.07,49.12,6.47,45.2,744.8,idle,396.16,15.9,62.78,0,none,0.0
2057-01-13,M11,Compressor,0.96,47.47,6.38,43.5,735.7,idle,396.65,14.1,62.3,0,none,0.0
2057-01-14,M11,Compressor,1.0,47.08,6.73,48.6,740.2,idle,396.71,8.1,62.23,0,none,0.0
2057-01-15,M11,Compressor,0.99,51.81,6.74,43.7,736.8,idle,397.16,9.2,61.78,0,none,0.0
2057-01-16,M11,Compressor,2.14,62.2,13.79,108.4,1780.6,normal,397.31,8.5,61.63,0,none,0.0
2057-01-17,M11,Compressor,1.07,46.6,5.86,48.8,742.9,idle,397.61,12.2,61.33,0,none,0.0
2057-01-18,M11,Compressor,1.06,45.2,6.87,45.9,730.2,idle,397.98,15.0,60.96,0,none,0.0
2057-01-19,M11,Compressor,1.01,50.96,6.08,45.9,754.6,idle,398.26,14.8,60.68,0,none,0.0
2057-01-20,M11,Compressor,2.52,52.18,13.1,96.4,1689.2,normal,398.46,8.0,60.48,0,none,0.0
2057-01-21,M11,Compressor,2.1,57.72,14.74,96.4,1758.2,normal,398.66,9.0,60.28,0,none,0.0
2057-01-22,M11,Compressor,2.25,63.25,14.44,116.5,1731.3,normal,398.86,14.2,60.08,0,none,0.0
2057-01-23,M11,Compressor,2.19,61.42,13.38,119.1,1769.6,normal,399.13,10.5,59.81,0,none,0.0
2057-01-24,M11,Compressor,2.48,62.23,13.24,106.6,1760.7,normal,399.38,14.8,59.56,0,none,0.0
2057-01-25,M11,Compressor,2.21,62.23,15.05,101.9,1683.9,normal,399.48,13.0,59.46,0,none,0.0
2057-01-26,M11,Compressor,2.54,50.09,13.64,105.2,1764.3,normal,399.68,17.1,59.26,0,none,0.0
2057-01-27,M11,Compressor,1.1,46.97,6.92,44.9,761.7,idle,399.86,9.3,59.08,0,none,0.0
2057-01-28,M11,Compressor,0.93,47.68,6.81,44.6,726.3,idle,400.05,17.2,58.9,0,none,0.0
2057-01-29,M11,Compressor,0.93,57.91,13.57,117.6,1752.3,normal,400.41,15.7,58.53,0,none,0.0
2057-01-30,M11,Compressor,3.21,74.92,18.55,162.0,2446.1,peak,400.61,14.8,58.33,0,none,0.0
2057-01-31,M11,Compressor,2.22,58.97,18.55,112.3,1653.8,normal,401.01,12.0,57.93,0,none,0.0
2057-02-01,M11,Compressor,2.24,61.89,15.22,111.8,1695.2,normal,401.1,11.9,57.85,0,none,0.0
2057-02-02,M11,Compressor,2.35,61.66,13.34,108.6,1730.2,normal,401.48,11.0,57.46,0,none,0.0
2057-02-03,M11,Compressor,2.27,61.22,14.59,119.3,1722.8,normal,401.96,13.7,56.98,0,none,0.0
2057-02-04,M11,Compressor,2.37,52.84,14.37,95.9,1675.5,normal,402.15,15.8,56.8,0,none,0.0
2057-02-05,M11,Compressor,0.93,49.06,6.35,48.4,747.9,idle,402.55,11.8,56.4,0,none,0.0
2057-02-06,M11,Compressor,3.28,58.23,20.97,145.1,2485.0,peak,402.71,12.4,56.23,0,none,0.0
2057-02-07,M11,Compressor,0.94,50.17,6.51,47.6,728.9,idle,403.21,14.7,55.73,0,none,0.0
2057-02-08,M11,Compressor,2.43,62.44,13.01,102.9,1664.8,normal,403.61,13.1,55.33,0,none,0.0
2057-02-09,M11,Compressor,1.04,45.7,5.9,102.9,749.0,idle,404.08,15.0,54.86,0,none,0.0
2057-02-10,M11,Compressor,3.02,71.91,18.11,146.2,2528.1,peak,404.55,13.3,54.4,0,none,0.0
2057-02-11,M11,Compressor,2.56,66.06,13.21,102.2,1738.6,normal,404.81,8.8,54.13,0,none,0.0
2057-02-12,M11,Compressor,2.11,59.52,14.12,109.7,1806.5,normal,405.25,12.0,53.7,0,none,0.0
2057-02-13,M11,Compressor,3.16,67.78,19.72,153.7,2529.4,peak,405.7,12.6,53.25,0,none,0.0
2057-02-14,M11,Compressor,3.57,67.78,20.56,154.2,2484.8,peak,405.8,10.9,53.15,0,none,0.0
2057-02-15,M11,Compressor,2.49,53.93,14.47,107.6,1760.4,normal,405.86,14.2,53.08,0,none,0.0
2057-02-16,M11,Compressor,2.19,62.52,14.57,99.5,1726.4,normal,406.23,13.4,52.71,0,none,0.0
2057-02-17,M11,Compressor,2.44,66.23,13.31,95.2,1678.1,normal,406.73,12.5,52.21,0,none,0.0
2057-02-18,M11,Compressor,2.59,63.83,14.54,98.3,1720.7,normal,406.78,9.6,52.16,0,none,0.0
2057-02-19,M11,Compressor,2.46,66.13,13.95,120.0,1673.8,normal,407.11,16.4,51.83,0,none,0.0
2057-02-20,M11,Compressor,0.98,51.0,6.47,48.5,774.5,idle,407.36,11.6,51.58,0,none,0.0
2057-02-21,M11,Compressor,2.35,54.23,14.73,109.1,1781.3,normal,407.75,18.0,51.2,0,none,0.0
2057-02-22,M11,Compressor,2.36,64.6,15.26,113.7,1776.4,normal,408.25,10.5,50.7,0,none,0.0
2057-02-23,M11,Compressor,2.39,58.49,15.43,111.1,1792.9,normal,408.51,10.7,50.43,0,none,0.0
2057-02-24,M11,Compressor,2.35,59.99,14.66,113.2,1726.2,normal,408.55,12.8,50.4,0,none,0.0
2057-02-25,M11,Compressor,2.28,54.31,14.06,100.3,1720.8,normal,408.88,11.4,50.06,0,none,0.0
2057-02-26,M11,Compressor,2.54,67.59,14.44,98.7,1722.7,normal,409.33,12.5,49.61,0,none,0.0
2057-02-27,M11,Compressor,1.02,46.97,5.81,43.8,748.4,idle,409.56,9.8,49.38,0,none,0.0
2057-02-28,M11,Compressor,0.94,46.0,6.81,48.2,723.3,idle,409.81,17.0,49.13,0,none,0.0
2057-03-01,M11,Compressor,0.96,48.26,5.59,47.5,743.1,idle,409.91,16.3,49.03,0,none,0.0
2057-03-02,M11,Compressor,0.98,46.12,6.0,48.9,767.3,idle,410.35,17.6,48.6,0,none,0.0
2057-03-03,M11,Compressor,3.56,68.98,20.31,150.2,2533.4,peak,410.73,15.3,48.21,0,none,0.0
2057-03-04,M11,Compressor,3.54,56.38,19.77,148.0,2562.1,peak,411.01,17.6,47.93,0,none,0.0
2057-03-05,M11,Compressor,2.41,65.83,13.16,117.6,1661.4,normal,411.45,9.4,47.5,0,none,0.0
2057-03-06,M11,Compressor,0.96,45.25,5.72,43.4,748.8,idle,411.68,17.9,47.26,0,none,0.0
2057-03-07,M11,Compressor,2.49,66.17,14.42,43.4,1663.5,normal,411.75,10.5,47.2,0,none,0.0
2057-03-08,M11,Compressor,2.35,63.78,14.55,109.6,1658.2,normal,411.78,11.4,47.16,0,none,0.0
2057-03-09,M11,Compressor,2.31,59.91,14.5,95.1,1683.9,normal,412.16,13.8,46.78,0,none,0.0
2057-03-10,M11,Compressor,2.57,59.16,14.76,102.7,1749.5,normal,412.61,11.7,46.33,0,none,0.0
2057-03-11,M11,Compressor,0.97,46.38,6.12,45.7,739.9,idle,412.71,9.8,46.23,0,none,0.0
2057-03-12,M11,Compressor,2.23,61.23,13.95,100.0,1778.9,normal,413.15,8.2,45.8,0,none,0.0
2057-03-13,M11,Compressor,2.46,65.96,14.39,102.0,1796.8,normal,413.48,15.2,45.46,0,none,0.0
2057-03-14,M11,Compressor,0.96,65.96,5.79,47.0,770.5,idle,413.51,11.3,45.43,0,none,0.0
2057-03-15,M11,Compressor,1.01,47.77,6.99,42.2,739.9,idle,413.8,10.1,45.15,0,none,0.0
2057-03-16,M11,Compressor,2.56,61.57,14.36,110.9,1704.7,normal,414.16,15.0,44.78,0,none,0.0
2057-03-17,M11,Compressor,2.14,54.95,13.84,107.0,1717.0,normal,414.3,17.0,44.65,0,none,0.0
2057-03-18,M11,Compressor,2.36,53.53,13.46,103.8,1730.5,normal,414.46,17.1,44.48,0,none,0.0
2057-03-19,M11,Compressor,0.97,48.61,5.97,43.4,771.8,idle,414.61,12.1,44.33,0,none,0.0
2057-03-20,M11,Compressor,0.94,51.73,6.98,47.6,750.1,idle,414.98,13.9,43.96,0,none,0.0
2057-03-21,M11,Compressor,1.06,50.99,6.56,42.8,720.2,idle,415.18,17.4,43.76,0,none,0.0
2057-03-22,M11,Compressor,0.94,45.51,5.77,46.1,751.2,idle,415.35,14.8,43.6,0,none,0.0
2057-03-23,M11,Compressor,1.04,45.61,5.64,47.3,749.0,idle,415.83,15.2,43.11,0,none,0.0
2057-03-24,M11,Compressor,1.03,47.05,6.63,47.5,759.0,idle,416.1,8.3,42.85,0,none,0.0
2057-03-25,M11,Compressor,0.91,50.86,6.06,43.1,765.3,idle,416.38,12.3,42.56,0,none,0.0
2057-03-26,M11,Compressor,1.0,44.26,6.67,45.5,765.3,idle,416.41,17.4,42.53,0,none,0.0
2057-03-27,M11,Compressor,1.05,44.8,6.42,44.9,752.8,idle,416.5,15.9,42.45,0,none,0.0
2057-03-28,M11,Compressor,2.14,60.59,14.94,119.7,1704.5,normal,416.65,8.3,42.3,0,none,0.0
2057-03-29,M11,Compressor,0.93,46.93,5.53,45.3,774.9,idle,416.7,15.3,42.25,0,none,0.0
2057-03-30,M11,Compressor,0.93,47.82,6.36,43.4,739.8,idle,416.76,14.6,42.18,0,none,0.0
2057-03-31,M11,Compressor,2.56,55.32,14.59,98.4,1763.9,normal,416.95,10.8,42.0,0,none,0.0
2057-04-01,M11,Compressor,0.96,45.85,5.69,42.4,778.1,idle,417.18,8.8,41.76,0,none,0.0
2057-04-02,M11,Compressor,0.98,50.22,6.88,43.6,772.2,idle,417.6,16.5,41.35,0,none,0.0
2057-04-03,M11,Compressor,1.04,48.62,6.71,42.9,735.8,idle,417.83,17.1,41.11,0,none,0.0
2057-04-04,M11,Compressor,0.93,51.17,5.65,49.8,726.6,idle,418.1,16.7,40.85,0,none,0.0
2057-04-05,M11,Compressor,2.43,61.89,15.33,103.1,1706.4,normal,418.31,15.1,40.63,0,none,0.0
2057-04-06,M11,Compressor,1.07,51.83,5.55,47.1,734.6,idle,418.76,8.1,40.18,0,none,0.0
2057-04-07,M11,Compressor,1.05,50.18,6.64,45.5,729.5,idle,418.96,11.7,39.98,0,none,0.0
2057-04-08,M11,Compressor,1.02,50.31,6.87,45.6,729.5,idle,419.26,9.2,39.68,0,none,0.0
2057-04-09,M11,Compressor,0.92,50.38,6.3,47.4,729.5,idle,419.36,13.4,39.58,0,none,0.0
2057-04-10,M11,Compressor,0.9,51.74,6.72,45.2,747.4,idle,419.65,10.7,39.3,0,none,0.0
2057-04-11,M11,Compressor,1.09,45.66,6.7,42.1,772.5,idle,419.93,16.8,39.01,0,none,0.0
2057-04-12,M11,Compressor,1.02,47.82,6.56,42.5,731.7,idle,420.3,9.1,38.65,0,none,0.0
2057-04-13,M11,Compressor,0.98,48.94,5.72,45.0,735.6,idle,420.71,13.0,38.23,0,none,0.0
2057-04-14,M11,Compressor,1.03,51.35,5.75,43.5,735.6,idle,420.83,15.1,38.11,0,none,0.0
2057-04-15,M11,Compressor,0.99,49.74,5.93,46.4,743.2,idle,421.21,8.8,37.73,0,none,0.0
2057-04-16,M11,Compressor,0.96,49.83,6.69,44.6,757.4,idle,421.33,15.1,37.61,0,none,0.0
2057-04-17,M11,Compressor,2.19,64.24,13.7,99.3,1809.8,normal,421.66,16.3,37.28,0,none,0.0
2057-04-18,M11,Compressor,2.31,61.58,15.02,112.2,1746.0,normal,421.96,16.2,36.98,0,none,0.0
2057-04-19,M11,Compressor,2.31,51.35,5.7,49.1,762.6,idle,422.08,13.6,36.86,0,none,0.0
2057-04-20,M11,Compressor,1.01,46.6,5.72,45.5,767.0,idle,422.11,15.0,36.83,0,none,0.0
2057-04-21,M11,Compressor,1.05,49.16,6.99,45.5,744.0,idle,422.2,17.7,36.75,0,none,0.0
2057-04-22,M11,Compressor,0.94,47.71,6.77,45.7,740.2,idle,422.58,10.9,36.36,0,none,0.0
2057-04-23,M11,Compressor,3.44,68.0,21.87,156.0,2593.5,peak,422.75,10.6,36.2,0,none,0.0
2057-04-24,M11,Compressor,2.25,65.57,13.88,115.2,1807.4,normal,423.18,12.5,35.76,0,none,0.0
2057-04-25,M11,Compressor,2.41,63.11,15.4,115.2,1737.0,normal,423.63,11.6,35.31,0,none,0.0
2057-04-26,M11,Compressor,1.08,49.38,6.81,47.0,764.4,idle,424.1,9.1,34.85,0,none,0.0
2057-04-27,M11,Compressor,2.11,56.11,14.93,105.1,1711.7,normal,424.36,11.8,34.58,0,none,0.0
2057-04-28,M11,Compressor,2.58,59.95,13.48,106.8,1738.2,normal,424.4,12.2,34.55,0,none,0.0
2057-04-29,M11,Compressor,1.1,49.75,6.28,45.5,774.9,idle,424.73,13.8,34.21,0,none,0.0
2057-04-30,M11,Compressor,2.42,56.41,14.16,102.0,1813.3,normal,425.23,14.9,33.71,0,none,0.0
2057-05-01,M11,Compressor,2.45,57.06,14.16,99.4,1731.2,normal,425.65,12.4,33.3,0,none,0.0
2057-05-02,M11,Compressor,2.33,57.52,15.13,119.5,1710.3,normal,425.88,15.9,33.06,0,none,0.0
2057-05-03,M11,Compressor,3.18,57.52,19.8,149.3,2436.2,peak,426.26,15.5,32.68,0,none,0.0
2057-05-04,M11,Compressor,3.17,55.03,21.77,153.6,2416.6,peak,426.5,16.2,32.45,0,none,0.0
2057-05-05,M11,Compressor,2.18,55.82,14.38,112.6,1702.3,normal,426.91,12.0,32.03,0,none,0.0
2057-05-06,M11,Compressor,2.58,63.69,15.06,103.1,1714.8,normal,427.08,11.9,31.86,0,none,0.0
2057-05-07,M11,Compressor,2.37,58.13,13.65,119.9,1794.2,normal,427.4,8.1,31.55,0,none,0.0
2057-05-08,M11,Compressor,0.95,51.14,6.38,42.1,740.8,idle,427.78,11.4,31.16,0,none,0.0
2057-05-09,M11,Compressor,2.11,51.58,13.45,107.1,740.8,normal,428.15,12.4,30.8,0,none,0.0
2057-05-10,M11,Compressor,0.93,47.16,5.96,45.3,730.3,idle,428.35,17.3,30.6,0,none,0.0
2057-05-11,M11,Compressor,2.4,50.8,13.97,117.4,1721.3,normal,428.41,8.6,30.53,0,none,0.0
2057-05-12,M11,Compressor,2.32,51.22,14.51,118.4,1699.6,normal,428.75,13.2,30.2,0,none,0.0
2057-05-13,M11,Compressor,2.3,60.59,13.23,118.8,1729.5,normal,429.05,13.6,29.9,0,none,0.0
2057-05-14,M11,Compressor,3.07,61.7,19.5,151.9,2538.6,peak,429.33,12.7,29.61,0,none,0.0
2057-05-15,M11,Compressor,0.97,46.59,5.98,48.2,738.5,idle,429.51,9.4,29.43,0,none,0.0
2057-05-16,M11,Compressor,2.11,56.58,13.7,117.7,1731.2,normal,429.55,14.9,29.4,0,none,0.0
2057-05-17,M11,Compressor,2.22,67.67,13.62,114.1,1760.4,normal,429.86,8.4,29.08,0,none,0.0
2057-05-18,M11,Compressor,2.33,57.31,15.18,106.9,1713.8,normal,430.36,13.9,28.58,0,none,0.0
2057-05-19,M11,Compressor,2.28,54.97,14.02,98.0,1661.1,normal,430.68,14.8,28.26,0,none,0.0
2057-05-20,M11,Compressor,2.37,58.18,13.43,97.7,1674.4,normal,431.05,15.9,27.9,0,none,0.0
2057-05-21,M11,Compressor,2.26,58.13,13.48,113.9,1682.9,normal,431.21,11.8,27.73,0,none,0.0
2057-05-22,M11,Compressor,2.16,67.9,14.12,99.2,1802.1,normal,431.5,12.1,27.45,0,none,0.0
2057-05-23,M11,Compressor,2.22,66.66,13.3,116.0,1681.3,normal,431.75,8.4,27.2,0,none,0.0
2057-05-24,M11,Compressor,1.09,48.59,5.78,48.8,743.4,idle,431.86,8.9,27.08,0,none,0.0
2057-05-25,M11,Compressor,2.47,61.58,14.79,103.6,1809.6,normal,432.01,8.9,26.93,0,none,0.0
2057-05-26,M11,Compressor,2.38,51.4,13.17,113.5,1794.5,normal,432.41,13.7,26.53,0,none,0.0
2057-05-27,M11,Compressor,2.45,54.99,13.56,109.1,1683.5,normal,432.91,16.2,26.03,0,none,0.0
2057-05-28,M11,Compressor,2.29,61.32,13.71,104.4,1711.3,normal,433.41,17.2,25.53,0,none,0.0
2057-05-29,M11,Compressor,2.29,49.39,6.67,47.3,721.6,idle,433.86,10.6,25.08,0,none,0.0
2057-05-30,M11,Compressor,2.55,60.46,15.3,119.1,1729.5,normal,433.9,10.5,25.05,0,none,0.0
2057-05-31,M11,Compressor,2.56,56.58,13.65,96.8,1726.8,normal,434.21,13.2,24.73,0,none,0.0
2057-06-01,M11,Compressor,2.44,67.58,14.3,113.4,1802.3,normal,434.41,15.0,24.53,0,none,0.0
2057-06-02,M11,Compressor,2.44,53.0,15.12,109.3,1779.0,normal,434.63,11.9,24.31,0,none,0.0
2057-06-03,M11,Compressor,2.43,51.1,13.42,102.2,1698.4,normal,434.83,9.9,24.11,0,none,0.0
2057-06-04,M11,Compressor,2.52,60.77,13.21,104.7,1744.6,normal,435.18,10.5,23.76,0,none,0.0
2057-06-05,M11,Compressor,2.52,44.32,6.07,45.7,774.3,idle,435.45,13.2,23.5,0,none,0.0
2057-06-06,M11,Compressor,2.55,59.01,14.18,111.0,1693.9,normal,435.65,12.5,23.3,0,none,0.0
2057-06-07,M11,Compressor,0.96,44.02,5.62,43.4,758.4,idle,435.98,10.0,22.96,0,none,0.0
2057-06-08,M11,Compressor,2.21,52.23,14.54,111.3,1660.1,normal,436.28,17.3,22.66,0,none,0.0
2057-06-09,M11,Compressor,2.49,60.91,13.99,119.6,1651.7,normal,436.66,11.5,22.28,0,none,0.0
2057-06-10,M11,Compressor,3.33,58.19,19.32,147.7,2533.6,peak,436.9,17.1,22.05,0,none,0.0
2057-06-11,M11,Compressor,3.24,74.73,20.62,163.3,2448.2,peak,437.15,10.5,21.8,0,none,0.0
2057-06-12,M11,Compressor,0.96,46.9,6.76,43.7,776.8,idle,437.28,13.4,21.66,0,none,0.0
2057-06-13,M11,Compressor,2.12,66.02,14.13,108.2,1819.6,normal,437.73,15.1,21.21,0,none,0.0
2057-06-14,M11,Compressor,2.54,66.27,14.46,118.9,1766.9,normal,438.15,14.6,20.8,0,none,0.0
2057-06-15,M11,Compressor,2.51,62.98,14.95,111.0,1773.5,normal,438.21,13.3,20.73,0,none,0.0
2057-06-16,M11,Compressor,2.32,62.72,13.69,110.9,1739.0,normal,438.31,14.8,20.63,0,none,0.0
2057-06-17,M11,Compressor,1.08,49.39,6.39,44.5,771.8,idle,438.81,9.2,20.13,0,none,0.0
2057-06-18,M11,Compressor,0.91,51.2,6.48,43.5,774.2,idle,439.16,17.9,19.78,0,none,0.0
2057-06-19,M11,Compressor,0.97,45.35,5.98,43.5,765.2,idle,439.6,15.3,19.35,0,none,0.0
2057-06-20,M11,Compressor,1.08,46.39,5.62,46.5,749.0,idle,439.7,12.2,19.25,0,none,0.0
2057-06-21,M11,Compressor,1.04,48.34,6.09,42.0,748.1,idle,440.05,12.7,18.9,0,none,0.0
2057-06-22,M11,Compressor,2.16,66.6,15.3,115.1,1676.8,normal,440.45,13.9,18.5,0,none,0.0
2057-06-23,M11,Compressor,0.93,48.51,6.59,49.2,773.6,idle,440.68,14.8,18.26,0,none,0.0
2057-06-24,M11,Compressor,1.9,51.96,5.74,48.7,755.2,idle,441.0,12.3,17.95,0,none,0.0
2057-06-25,M11,Compressor,1.04,48.83,6.8,47.1,770.9,idle,441.48,9.2,17.46,0,none,0.0
2057-06-26,M11,Compressor,0.93,50.93,6.99,47.3,778.6,idle,441.81,12.3,17.13,0,none,0.0
2057-06-27,M11,Compressor,0.94,50.63,5.75,46.1,759.8,idle,442.15,14.1,16.8,0,none,0.0
2057-06-28,M11,Compressor,1.03,49.37,5.98,49.8,720.4,idle,442.2,16.8,16.75,0,none,0.0
2057-06-29,M11,Compressor,1.02,50.93,6.84,47.8,754.5,idle,442.3,17.3,16.65,0,none,0.0
2057-06-30,M11,Compressor,0.99,47.6,6.14,47.8,763.9,idle,442.78,8.8,16.16,0,none,0.0
2057-07-01,M11,Compressor,1.0,49.93,6.29,42.8,771.1,idle,443.21,15.9,15.73,0,none,0.0
2057-07-02,M11,Compressor,1.07,46.13,6.68,46.1,727.4,idle,443.56,15.2,15.38,0,none,0.0
2057-07-03,M11,Compressor,2.3,51.38,14.97,99.9,727.4,normal,443.95,16.4,15.0,0,none,0.0
2057-07-04,M11,Compressor,0.94,45.81,6.51,47.1,727.8,idle,444.08,14.6,14.86,0,none,0.0
2057-07-05,M11,Compressor,1.04,46.79,6.19,43.0,762.5,idle,444.2,9.3,14.75,0,none,0.0
2057-07-06,M11,Compressor,1.04,61.38,14.07,96.2,1769.6,normal,444.63,11.7,14.31,0,none,0.0
2057-07-07,M11,Compressor,1.01,47.47,5.8,47.0,736.5,idle,444.7,14.3,14.25,0,none,0.0
2057-07-08,M11,Compressor,0.99,44.45,6.67,42.7,773.5,idle,445.2,16.0,13.75,0,none,0.0
2057-07-09,M11,Compressor,1.07,51.77,6.86,49.8,773.2,idle,445.31,16.2,13.63,0,none,0.0
2057-07-10,M11,Compressor,0.92,47.5,5.61,46.4,751.8,idle,445.73,14.9,13.21,0,none,0.0
2057-07-11,M11,Compressor,1.08,47.5,5.89,46.7,747.9,idle,445.83,11.9,13.11,0,none,0.0
2057-07-12,M11,Compressor,1.01,48.25,6.87,49.2,727.4,idle,446.08,14.3,12.86,0,none,0.0
2057-07-13,M11,Compressor,0.97,50.02,6.53,47.0,779.6,idle,446.23,17.9,12.71,0,none,0.0
2057-07-14,M11,Compressor,0.97,48.12,6.97,47.6,758.9,idle,446.45,9.6,12.5,0,none,0.0
2057-07-15,M11,Compressor,0.93,48.12,6.07,45.7,749.8,idle,446.58,11.8,12.36,0,none,0.0
2057-07-16,M11,Compressor,2.55,51.93,13.62,45.7,1775.0,normal,446.78,13.4,12.16,0,none,0.0
2057-07-17,M11,Compressor,2.59,66.09,14.81,95.5,1709.0,normal,446.95,8.5,12.0,0,none,0.0
2057-07-18,M11,Compressor,2.53,61.76,13.52,106.7,1665.0,normal,447.23,17.4,11.71,0,none,0.0
2057-07-19,M11,Compressor,1.0,51.21,5.56,46.9,734.0,idle,447.58,16.4,11.36,0,none,0.0
2057-07-20,M11,Compressor,1.1,44.52,6.43,44.0,773.0,idle,447.65,16.9,11.3,0,none,0.0
2057-07-21,M11,Compressor,2.16,44.52,13.46,115.0,1709.8,normal,447.7,10.8,11.25,0,none,0.0
2057-07-22,M11,Compressor,2.19,63.07,15.04,106.6,1709.8,normal,447.88,17.5,11.06,0,none,0.0
2057-07-23,M11,Compressor,2.42,61.73,14.65,101.9,1810.0,normal,447.93,11.7,11.01,0,none,0.0
2057-07-24,M11,Compressor,3.13,62.48,19.13,163.6,2565.7,peak,448.36,14.0,10.58,0,none,0.0
2057-07-25,M11,Compressor,1.06,44.04,6.53,43.8,778.1,idle,448.78,17.4,10.16,0,none,0.0
2057-07-26,M11,Compressor,2.37,60.16,13.89,108.4,1777.5,normal,449.08,13.8,9.86,0,none,0.0
2057-07-27,M11,Compressor,2.38,61.54,14.18,112.9,1802.9,normal,449.58,15.9,9.36,0,none,0.0
2057-07-28,M11,Compressor,2.13,51.93,14.71,104.4,1697.9,normal,449.61,10.7,9.33,0,none,0.0
2057-07-29,M11,Compressor,3.11,66.45,19.39,155.2,2591.7,peak,449.8,10.0,9.15,0,none,0.0
2057-07-30,M11,Compressor,3.45,70.92,18.5,151.5,2421.2,peak,449.83,8.1,9.11,0,none,0.0
2057-07-31,M11,Compressor,2.58,62.28,13.05,106.9,1694.8,normal,450.11,13.6,8.83,0,none,0.0
2057-08-01,M11,Compressor,1.01,45.43,5.59,44.6,737.7,idle,450.26,15.0,8.68,0,none,0.0
2057-08-02,M11,Compressor,3.43,64.49,19.17,156.4,2414.3,peak,450.41,9.3,8.53,0,none,0.0
2057-08-03,M11,Compressor,2.43,52.65,13.7,102.0,1729.2,normal,450.9,14.3,8.05,0,none,0.0
2057-08-04,M11,Compressor,2.58,55.84,13.7,99.2,1716.6,normal,451.05,11.5,7.9,0,none,0.0
2057-08-05,M11,Compressor,2.19,52.48,15.14,96.3,1770.8,normal,451.21,8.6,7.73,0,none,0.0
2057-08-06,M11,Compressor,2.2,50.21,14.99,112.6,1706.8,normal,451.31,12.8,7.63,0,none,0.0
2057-08-07,M11,Compressor,2.14,56.49,13.45,118.3,1740.0,normal,451.46,11.1,7.48,0,none,0.0
2057-08-08,M11,Compressor,2.58,56.32,14.39,99.8,1787.4,normal,451.55,17.4,7.4,0,none,0.0
2057-08-09,M11,Compressor,3.02,68.91,19.57,156.6,2518.4,peak,451.66,12.1,7.28,0,none,0.0
2057-08-10,M11,Compressor,2.46,53.68,14.33,105.7,1698.0,normal,451.75,14.8,7.2,0,none,0.0
2057-08-11,M11,Compressor,2.35,67.14,15.37,102.0,1800.3,normal,452.08,15.7,6.86,0,none,0.0
2057-08-12,M11,Compressor,1.08,46.0,6.4,49.0,750.9,idle,452.5,14.1,6.45,0,none,0.0
2057-08-13,M11,Compressor,1.08,61.71,13.43,99.0,1791.5,normal,452.61,8.5,6.33,0,none,0.0
2057-08-14,M11,Compressor,3.03,71.07,19.16,154.7,2508.7,peak,452.71,11.5,6.23,0,none,0.0
2057-08-15,M11,Compressor,2.48,65.91,15.01,109.3,1709.2,normal,453.08,16.8,5.86,0,none,0.0
2057-08-16,M11,Compressor,2.48,44.24,5.87,44.9,739.2,idle,453.55,14.4,5.4,0,none,0.0
2057-08-17,M11,Compressor,2.48,50.91,14.05,96.9,1698.7,normal,453.88,9.6,5.06,0,none,0.0
2057-08-18,M11,Compressor,0.99,45.68,5.62,45.5,746.9,idle,454.23,13.4,4.71,0,none,0.0
2057-08-19,M11,Compressor,2.56,52.3,14.54,103.0,1671.0,normal,454.58,11.3,4.36,0,none,0.0
2057-08-20,M11,Compressor,0.98,47.42,6.05,48.1,770.4,idle,454.7,16.1,4.25,0,none,0.0
2057-08-21,M11,Compressor,2.17,53.02,14.05,103.0,1789.3,normal,454.98,15.0,3.96,0,none,0.0
2057-08-22,M11,Compressor,2.6,53.26,14.91,110.2,1759.5,normal,455.45,16.3,3.5,0,none,0.0
2057-08-23,M11,Compressor,0.95,44.78,6.31,110.2,777.8,idle,455.8,16.6,3.15,0,none,0.0
2057-08-24,M11,Compressor,2.44,57.99,6.31,104.3,777.8,normal,455.95,9.1,3.0,0,none,0.0
2057-08-25,M11,Compressor,2.41,54.79,15.31,105.7,1675.4,normal,456.3,17.9,2.65,0,none,0.0
2057-08-26,M11,Compressor,2.17,61.69,13.91,104.1,1754.1,normal,456.51,13.7,2.43,0,none,0.0
2057-08-27,M11,Compressor,2.21,52.62,14.64,95.1,1804.2,normal,456.96,12.6,1.98,0,none,0.0
2057-08-28,M11,Compressor,3.11,63.96,18.85,149.4,2567.0,peak,457.03,16.0,1.91,0,none,0.0
2057-08-29,M11,Compressor,1.02,46.49,5.88,43.7,753.3,idle,457.1,8.9,1.85,0,none,0.0
2057-08-30,M11,Compressor,1.02,46.49,5.88,113.0,753.3,normal,457.48,9.8,1.46,0,none,0.0
2057-08-31,M11,Compressor,3.12,62.64,21.48,159.8,2432.5,peak,457.95,11.9,1.0,0,none,0.0
2057-09-01,M11,Compressor,3.12,51.79,6.29,47.8,725.5,idle,458.31,11.3,0.63,0,none,0.0
2057-09-02,M11,Compressor,2.52,60.89,13.44,104.5,1664.1,normal,458.38,15.2,0.56,0,none,0.0
2057-09-03,M11,Compressor,2.49,63.41,14.23,106.3,1728.8,normal,458.85,11.9,0.5,0,none,0.0
2057-09-04,M11,Compressor,2.12,56.63,13.32,99.6,1813.6,normal,459.35,10.7,0.5,0,none,0.0
2057-09-05,M11,Compressor,2.23,58.71,15.22,105.3,1739.9,normal,459.51,9.6,0.5,0,none,0.0
2057-09-06,M11,Compressor,2.18,55.13,14.27,104.1,1656.5,normal,459.95,15.9,0.5,0,none,0.0
2057-09-07,M11,Compressor,2.3,64.67,13.29,95.5,1670.2,normal,460.28,9.5,0.5,0,none,0.0
2057-09-08,M11,Compressor,2.3,50.36,5.57,49.1,757.6,idle,460.68,17.2,0.5,0,none,0.0
2057-09-09,M11,Compressor,2.36,54.56,13.93,118.7,1805.0,normal,460.71,12.6,0.5,0,none,0.0
2057-09-10,M11,Compressor,2.41,60.42,13.53,118.8,1778.4,normal,460.81,16.9,0.5,0,none,0.0
2057-09-11,M11,Compressor,2.29,64.68,13.53,100.3,1784.5,normal,461.08,13.0,0.5,0,none,0.0
2057-09-12,M11,Compressor,2.38,60.01,14.43,98.2,1709.4,normal,461.28,13.1,0.5,0,none,0.0
2057-09-13,M11,Compressor,2.39,54.46,14.26,108.9,1810.3,normal,461.76,17.0,0.5,0,none,0.0
2057-09-14,M11,Compressor,2.39,63.79,21.93,148.7,2556.0,peak,462.03,11.2,0.5,0,none,0.0
2057-09-15,M11,Compressor,2.19,65.3,14.22,119.3,1678.9,normal,462.31,14.0,0.5,0,none,0.0
2057-09-16,M11,Compressor,2.44,62.52,14.8,97.5,1699.1,normal,462.45,15.5,0.5,0,none,0.0
2057-09-17,M11,Compressor,0.97,46.59,6.51,42.4,763.8,idle,462.58,8.4,0.5,0,none,0.0
2057-09-18,M11,Compressor,2.36,53.11,13.57,97.4,1728.0,normal,462.63,14.7,0.5,0,none,0.0
2057-09-19,M11,Compressor,1.02,48.65,6.94,44.4,765.7,idle,462.76,9.4,0.5,0,none,0.0
2057-09-20,M11,Compressor,1.04,44.49,6.9,49.5,743.8,idle,463.06,12.2,0.5,0,none,0.0
2057-09-21,M11,Compressor,2.31,64.75,14.24,115.0,1656.1,normal,463.35,16.8,0.5,0,none,0.0
2057-09-22,M11,Compressor,2.31,44.73,6.18,48.8,754.2,idle,463.53,13.5,0.5,0,none,0.0
2057-09-23,M11,Compressor,1.0,46.93,5.6,48.1,754.2,idle,463.61,13.5,0.5,0,none,0.0
2057-09-24,M11,Compressor,2.57,57.78,14.0,119.4,1674.0,normal,463.8,14.5,0.5,0,none,0.0
2057-09-25,M11,Compressor,0.95,47.91,6.29,46.4,732.7,idle,463.95,16.0,0.5,0,none,0.0
2057-09-26,M11,Compressor,1.09,49.63,5.89,46.4,772.8,idle,464.31,9.8,0.5,0,none,0.0
2057-09-27,M11,Compressor,0.98,48.45,5.68,44.0,745.0,idle,464.5,11.5,0.5,0,none,0.0
2057-09-28,M11,Compressor,2.43,55.04,15.38,100.5,1782.4,normal,464.95,14.7,0.5,0,none,0.0
2057-09-29,M11,Compressor,2.28,65.0,15.31,99.7,1733.5,normal,465.43,10.9,0.5,0,none,0.0
2057-09-30,M11,Compressor,0.93,49.65,15.31,45.1,743.8,idle,465.9,11.3,0.5,0,none,0.0
2057-10-01,M11,Compressor,0.94,46.45,5.99,43.2,738.6,idle,466.31,10.0,0.5,0,none,0.0
2057-10-02,M11,Compressor,1.08,46.6,5.91,45.1,777.6,idle,466.4,13.0,0.5,0,none,0.0
2057-10-03,M11,Compressor,2.48,53.63,14.88,114.2,1811.5,normal,466.6,15.6,0.5,0,none,0.0
2057-10-04,M11,Compressor,2.55,51.71,14.14,112.6,1815.5,normal,467.06,11.7,0.5,0,none,0.0
2057-10-05,M11,Compressor,0.92,46.95,6.24,45.3,747.4,idle,467.51,17.9,0.5,0,none,0.0
2057-10-06,M11,Compressor,0.97,51.76,6.7,47.9,744.6,idle,467.75,11.9,0.5,0,none,0.0
2057-10-07,M11,Compressor,1.08,44.75,5.72,49.6,754.0,idle,468.15,11.6,0.5,0,none,0.0
2057-10-08,M11,Compressor,0.93,51.59,6.96,49.0,734.3,idle,468.48,15.9,0.5,0,none,0.0
2057-10-09,M11,Compressor,0.96,47.26,6.37,49.9,777.4,idle,468.51,17.3,0.5,0,none,0.0
2057-10-10,M11,Compressor,2.56,51.61,14.89,116.9,1706.7,normal,468.95,10.3,0.5,0,none,0.0
2057-10-11,M11,Compressor,0.94,49.99,5.64,49.5,729.4,idle,469.1,11.1,0.5,0,none,0.0
2057-10-12,M11,Compressor,0.94,51.86,6.98,48.2,770.4,idle,469.21,12.0,0.5,0,none,0.0
2057-10-13,M11,Compressor,1.09,51.42,6.43,47.9,755.6,idle,469.38,14.4,0.5,0,none,0.0
2057-10-14,M11,Compressor,1.0,51.05,6.61,48.9,725.8,idle,469.45,9.6,0.5,0,none,0.0
2057-10-15,M11,Compressor,1.02,46.64,6.27,46.9,770.8,idle,469.95,8.9,0.5,0,none,0.0
2057-10-16,M11,Compressor,0.91,45.31,6.88,49.7,723.3,idle,470.11,12.8,0.5,0,none,0.0
2057-10-17,M11,Compressor,0.97,44.08,6.64,47.5,753.9,idle,470.45,16.4,0.5,0,none,0.0
2057-10-18,M11,Compressor,2.45,59.68,13.6,113.9,1783.2,normal,470.58,9.3,0.5,0,none,0.0
2057-10-19,M11,Compressor,2.53,67.17,14.87,96.4,1653.5,normal,470.86,8.5,0.5,0,none,0.0
2057-10-20,M11,Compressor,2.47,51.01,13.79,98.4,1814.7,normal,470.93,17.4,0.5,0,none,0.0
2057-10-21,M11,Compressor,2.26,50.99,15.37,110.2,1656.1,normal,471.11,9.8,0.5,0,none,0.0
2057-10-22,M11,Compressor,2.52,52.75,15.01,110.1,1680.1,normal,471.6,13.5,0.5,0,none,0.0
2057-10-23,M11,Compressor,1.05,47.64,6.46,49.0,735.6,idle,471.75,9.6,0.5,0,none,0.0
2057-10-24,M11,Compressor,2.28,67.95,14.27,109.0,1698.5,normal,472.08,9.2,0.5,0,none,0.0
2057-10-25,M11,Compressor,0.98,48.01,5.89,43.9,756.0,idle,472.43,11.6,0.5,0,none,0.0
2057-10-26,M11,Compressor,2.19,59.96,14.77,100.0,1776.8,normal,472.86,16.9,0.5,0,none,0.0
2057-10-27,M11,Compressor,2.19,67.87,15.45,115.0,1708.3,normal,473.25,9.5,0.5,0,none,0.0
2057-10-28,M11,Compressor,2.57,67.98,14.16,110.4,1651.0,normal,473.6,8.3,0.5,0,none,0.0
2057-10-29,M11,Compressor,3.03,65.01,20.44,151.2,2419.8,peak,474.0,14.7,0.5,0,none,0.0
2057-10-30,M11,Compressor,2.49,57.54,14.62,111.3,1743.0,normal,474.18,17.0,0.5,0,none,0.0
2057-10-31,M11,Compressor,2.19,61.09,13.81,115.5,1682.8,normal,474.5,12.6,0.5,0,none,0.0
2057-11-01,M11,Compressor,0.96,47.52,6.61,47.8,740.2,idle,474.75,14.7,0.5,0,none,0.0
2057-11-02,M11,Compressor,0.96,54.22,14.93,99.9,1789.3,normal,475.2,14.0,0.5,0,none,0.0
2057-11-03,M11,Compressor,2.57,67.85,15.14,100.5,1720.8,normal,475.51,17.3,0.5,0,none,0.0
2057-11-04,M11,Compressor,3.05,58.29,18.2,157.8,2506.6,peak,475.9,10.9,0.5,0,none,0.0
2057-11-05,M11,Compressor,2.56,58.33,14.61,105.0,1791.0,normal,476.18,14.9,0.5,0,none,0.0
2057-11-06,M11,Compressor,2.56,57.77,13.21,105.0,1772.5,normal,476.21,17.8,0.5,0,none,0.0
2057-11-07,M11,Compressor,2.26,64.14,14.87,112.4,1788.4,normal,476.51,11.0,0.5,0,none,0.0
2057-11-08,M11,Compressor,3.45,67.65,18.02,155.3,2519.1,peak,476.76,11.8,0.5,0,none,0.0
2057-11-09,M11,Compressor,1.09,49.2,6.36,46.3,726.2,idle,476.95,10.2,0.5,0,none,0.0
2057-11-10,M11,Compressor,0.99,45.07,5.58,44.6,758.7,idle,477.33,14.8,0.5,0,none,0.0
2057-11-11,M11,Compressor,2.53,64.59,13.74,96.2,1718.5,normal,477.66,10.1,0.5,0,none,0.0
2057-11-12,M11,Compressor,2.26,56.68,14.4,95.8,1713.0,normal,477.91,16.8,0.5,0,none,0.0
2057-11-13,M11,Compressor,2.38,57.76,14.67,99.7,1676.2,normal,478.33,15.3,0.5,0,none,0.0
2057-11-14,M11,Compressor,2.25,57.76,13.59,99.7,1718.3,normal,478.63,13.8,0.5,0,none,0.0
2057-11-15,M11,Compressor,1.04,46.29,5.51,46.5,761.5,idle,478.83,12.3,0.5,0,none,0.0
2057-11-16,M11,Compressor,2.3,46.29,14.23,97.5,1759.5,normal,479.16,9.8,0.5,0,none,0.0
2057-11-17,M11,Compressor,2.47,62.68,13.82,116.1,1811.0,normal,479.4,16.5,0.5,0,none,0.0
2057-11-18,M11,Compressor,0.96,46.1,6.56,47.7,750.6,idle,479.53,15.8,0.5,0,none,0.0
2057-11-19,M11,Compressor,2.56,52.63,14.19,95.9,1659.0,normal,479.73,16.1,0.5,0,none,0.0
2057-11-20,M11,Compressor,2.13,58.85,14.47,95.1,1757.5,normal,480.01,17.5,0.5,0,none,0.0
2057-11-21,M11,Compressor,1.0,45.79,5.52,43.2,756.0,idle,480.41,12.1,0.5,0,none,0.0
2057-11-22,M11,Compressor,1.03,49.18,5.73,49.3,744.7,idle,480.73,14.1,0.5,0,none,0.0
2057-11-23,M11,Compressor,2.48,53.0,14.18,108.0,1781.0,normal,480.85,8.5,0.5,0,none,0.0
2057-11-24,M11,Compressor,2.41,57.19,13.71,119.3,1698.4,normal,481.23,9.8,0.5,0,none,0.0
2057-11-25,M11,Compressor,0.93,46.4,5.99,43.0,762.5,idle,481.66,10.4,0.5,0,none,0.0
2057-11-26,M11,Compressor,2.41,55.7,15.48,111.4,1769.5,normal,482.03,16.8,0.5,0,none,0.0
2057-11-27,M11,Compressor,2.38,59.93,13.05,114.3,1804.8,normal,482.28,9.1,0.5,0,none,0.0
2057-11-28,M11,Compressor,2.16,59.93,14.34,102.1,1806.5,normal,482.5,17.6,0.5,0,none,0.0
2057-11-29,M11,Compressor,0.9,46.19,6.83,45.9,755.9,idle,482.85,11.9,0.5,0,none,0.0
2057-11-30,M11,Compressor,2.47,52.66,13.54,120.0,1690.4,normal,483.16,11.8,0.5,0,none,0.0
2057-12-01,M11,Compressor,2.37,55.38,15.13,119.0,1674.0,normal,483.46,13.0,0.5,0,none,0.0
2057-12-02,M11,Compressor,2.4,64.61,15.06,106.0,1688.3,normal,483.78,15.4,0.5,0,none,0.0
2057-12-03,M11,Compressor,0.98,50.01,6.99,46.4,731.7,idle,484.08,17.6,0.5,0,none,0.0
2057-12-04,M11,Compressor,3.03,50.01,19.93,159.3,2532.0,peak,484.43,10.7,0.5,0,none,0.0
2057-12-05,M11,Compressor,2.55,54.79,14.1,159.3,1749.5,normal,484.6,17.8,0.5,0,none,0.0
2057-12-06,M11,Compressor,2.14,53.5,13.59,119.8,1688.1,normal,485.1,10.5,0.5,0,none,0.0
2057-12-07,M11,Compressor,1.07,44.62,5.77,49.0,773.9,idle,485.55,14.8,0.5,0,none,0.0
2057-12-08,M11,Compressor,1.07,54.14,14.33,96.3,1810.7,normal,485.9,13.2,0.5,0,none,0.0
2057-12-09,M11,Compressor,2.28,58.81,13.26,95.8,1729.5,normal,486.15,11.2,0.5,0,none,0.0
2057-12-10,M11,Compressor,0.92,49.04,6.69,42.2,756.7,idle,486.6,14.7,0.5,0,none,0.0
2057-12-11,M11,Compressor,1.06,47.52,6.94,42.9,739.4,idle,486.76,13.6,0.5,0,none,0.0
2057-12-12,M11,Compressor,0.95,51.97,5.94,45.1,770.9,idle,487.08,14.6,0.5,0,none,0.0
2057-12-13,M11,Compressor,1.09,51.5,6.34,47.3,741.0,idle,487.56,10.5,0.5,0,none,0.0
2057-12-14,M11,Compressor,1.02,46.42,6.62,44.5,772.8,idle,487.6,13.8,0.5,0,none,0.0
2057-12-15,M11,Compressor,0.93,48.57,6.28,44.1,721.7,idle,487.73,12.2,0.5,0,none,0.0
2057-12-16,M11,Compressor,0.93,51.74,6.91,43.0,742.5,idle,487.8,14.5,0.5,0,none,0.0
2057-12-17,M11,Compressor,2.33,58.61,13.75,117.8,1804.4,normal,488.25,12.9,0.5,0,none,0.0
2057-12-18,M11,Compressor,0.9,49.2,5.61,46.8,772.0,idle,488.53,15.9,0.5,0,none,0.0
2057-12-19,M11,Compressor,2.42,58.44,15.39,113.7,1692.4,normal,488.9,13.5,0.5,0,none,0.0
2057-12-20,M11,Compressor,0.98,50.08,5.53,42.5,771.6,idle,488.93,14.7,0.5,0,none,0.0
2057-12-21,M11,Compressor,0.91,49.43,5.98,48.6,770.8,idle,489.05,16.0,0.5,0,none,0.0
2057-12-22,M11,Compressor,1.09,44.76,6.13,46.6,775.0,idle,489.11,9.0,0.5,0,none,0.0
2057-12-23,M11,Compressor,1.09,44.57,5.8,46.0,760.9,idle,489.55,8.3,0.5,0,none,0.0
2057-12-24,M11,Compressor,1.04,44.6,6.64,47.3,744.5,idle,489.91,13.8,0.5,0,none,0.0
2057-12-25,M11,Compressor,1.01,50.14,5.89,47.3,728.3,idle,490.13,8.7,0.5,0,none,0.0
2057-12-26,M11,Compressor,1.08,49.93,6.49,47.3,775.1,idle,490.26,16.3,0.5,0,none,0.0
2057-12-27,M11,Compressor,0.96,49.96,6.83,44.0,774.9,idle,490.63,10.2,0.5,0,none,0.0
2057-12-28,M11,Compressor,1.02,49.27,6.87,44.0,746.4,idle,490.7,8.0,0.5,0,none,0.0
2057-12-29,M11,Compressor,1.03,48.43,5.59,43.4,720.8,idle,491.01,9.7,0.5,0,none,0.0
2057-12-30,M11,Compressor,0.92,49.85,5.51,44.4,746.9,idle,491.06,9.2,47.99,0,none,0.0
2057-12-31,M11,Compressor,2.58,56.16,15.01,105.2,1664.8,normal,491.41,12.8,47.64,0,none,0.0
2058-01-01,M11,Compressor,0.92,47.76,5.61,46.6,748.7,idle,491.46,9.8,47.59,0,none,0.0
2058-01-02,M11,Compressor,0.92,45.94,6.42,43.4,761.8,idle,491.68,17.0,47.37,0,none,0.0
2058-01-03,M11,Compressor,0.96,49.49,6.86,45.9,729.8,idle,491.83,15.7,47.22,0,none,0.0
2058-01-04,M11,Compressor,1.09,47.65,6.66,44.6,735.4,idle,492.11,12.0,46.94,0,none,0.0
2058-01-05,M11,Compressor,1.04,46.27,6.88,45.1,718.0,idle,492.45,8.1,46.6,0,none,0.0
2058-01-06,M11,Compressor,0.97,51.59,6.89,46.5,733.5,idle,492.85,9.1,46.2,0,none,0.0
2058-01-07,M11,Compressor,1.02,52.24,6.08,45.1,747.4,idle,493.18,15.5,45.87,0,none,0.0
2058-01-08,M11,Compressor,2.57,62.08,13.77,97.2,1654.7,normal,493.25,11.8,45.8,0,none,0.0
2058-01-09,M11,Compressor,1.11,52.33,6.78,46.0,754.7,idle,493.45,16.8,45.6,0,none,0.0
2058-01-10,M11,Compressor,0.95,51.06,6.88,42.5,731.2,idle,493.91,17.4,45.14,0,none,0.0
2058-01-11,M11,Compressor,0.94,48.52,6.85,44.7,753.4,idle,494.4,10.4,44.65,0,none,0.0
2058-01-12,M11,Compressor,1.07,53.07,7.01,44.7,728.8,idle,494.53,13.1,44.52,0,none,0.0
2058-01-13,M11,Compressor,2.23,61.92,13.69,117.8,1704.1,normal,494.96,11.7,44.09,0,none,0.0
2058-01-14,M11,Compressor,2.6,65.67,15.64,117.1,1638.4,normal,495.03,15.2,44.02,0,none,0.0
2058-01-15,M11,Compressor,2.52,57.12,16.01,114.5,1629.2,normal,495.21,9.2,43.84,0,none,0.0
2058-01-16,M11,Compressor,3.66,64.08,20.4,157.2,2547.5,peak,495.48,8.6,43.57,0,none,0.0
2058-01-17,M11,Compressor,1.12,52.03,6.22,44.2,730.7,idle,495.88,12.5,43.17,0,none,0.0
2058-01-18,M11,Compressor,2.26,65.65,14.91,114.3,1640.3,normal,495.98,13.3,43.07,0,none,0.0
2058-01-19,M11,Compressor,2.26,63.48,20.99,154.4,1640.3,peak,496.1,16.4,42.95,0,none,0.0
2058-01-20,M11,Compressor,2.33,66.8,14.8,100.1,1715.3,normal,496.15,10.4,42.9,0,none,0.0
2058-01-21,M11,Compressor,1.06,48.19,6.08,43.9,722.2,idle,496.56,8.1,42.49,0,none,0.0
2058-01-22,M11,Compressor,2.3,59.26,14.34,117.1,1672.4,normal,497.05,15.3,42.0,0,none,0.0
2058-01-23,M11,Compressor,2.36,59.3,16.21,108.4,1719.9,normal,497.23,13.7,41.82,0,none,0.0
2058-01-24,M11,Compressor,2.57,60.58,16.22,98.8,1694.0,normal,497.31,10.0,41.74,0,none,0.0
2058-01-25,M11,Compressor,2.26,68.86,13.97,108.8,1634.7,normal,497.4,14.8,41.65,0,none,0.0
2058-01-26,M11,Compressor,2.42,59.7,16.07,108.8,1725.4,normal,497.43,14.0,41.62,0,none,0.0
2058-01-27,M11,Compressor,2.55,70.94,16.05,119.4,1657.3,normal,497.83,10.7,41.22,0,none,0.0
2058-01-28,M11,Compressor,2.34,62.14,15.16,104.2,1737.9,normal,497.9,9.4,41.15,0,none,0.0
2058-01-29,M11,Compressor,0.94,49.44,6.97,49.1,749.2,idle,498.31,9.9,40.74,0,none,0.0
2058-01-30,M11,Compressor,2.26,72.32,15.2,113.6,1644.5,normal,498.58,11.6,40.47,0,none,0.0
2058-01-31,M11,Compressor,1.06,52.4,7.42,45.8,746.4,idle,498.95,16.8,40.1,0,none,0.0
2058-02-01,M11,Compressor,2.52,57.51,15.31,108.5,1727.6,normal,499.01,9.0,40.04,0,none,0.0
2058-02-02,M11,Compressor,2.38,71.49,15.56,96.0,1724.6,normal,499.28,15.3,39.77,0,none,0.0
2058-02-03,M11,Compressor,2.68,68.39,14.92,109.8,1635.3,normal,499.4,17.1,39.65,0,none,0.0
2058-02-04,M11,Compressor,2.53,65.2,14.92,103.0,1637.9,normal,499.53,11.9,39.52,0,none,0.0
2058-02-05,M11,Compressor,2.43,60.81,16.2,112.4,1726.6,normal,499.91,15.5,39.14,0,none,0.0
2058-02-06,M11,Compressor,2.41,56.57,14.56,113.9,1703.6,normal,499.98,13.1,39.07,0,none,0.0
2058-02-07,M11,Compressor,1.07,52.81,6.03,48.3,702.0,idle,500.06,17.9,38.99,0,none,0.0
2058-02-08,M11,Compressor,0.96,53.13,6.85,49.9,704.4,idle,500.33,15.4,38.72,0,none,0.0
2058-02-09,M11,Compressor,1.05,55.76,7.26,47.5,745.6,idle,500.58,17.5,38.47,0,none,0.0
2058-02-10,M11,Compressor,2.5,64.78,15.71,117.5,1691.5,normal,500.61,9.0,38.44,0,none,0.0
2058-02-11,M11,Compressor,2.55,63.15,15.66,110.7,1724.2,normal,500.75,16.7,38.3,0,none,0.0
2058-02-12,M11,Compressor,2.54,60.95,15.67,102.5,1612.1,normal,501.18,12.4,37.87,0,none,0.0
2058-02-13,M11,Compressor,2.68,58.89,15.86,119.7,1609.9,normal,501.61,9.7,37.44,0,none,0.0
2058-02-14,M11,Compressor,2.36,71.65,14.44,115.8,1593.8,normal,501.96,8.8,37.09,0,none,0.0
2058-02-15,M11,Compressor,1.16,52.77,7.53,48.9,725.8,idle,502.35,17.4,36.7,0,none,0.0
2058-02-16,M11,Compressor,2.67,59.68,14.61,104.2,1679.2,normal,502.48,8.2,36.57,0,none,0.0
2058-02-17,M11,Compressor,2.72,68.38,16.1,112.0,1732.8,normal,502.86,15.9,36.19,0,none,0.0
2058-02-18,M11,Compressor,2.67,76.25,14.34,100.2,1741.1,normal,502.93,10.8,36.12,0,none,0.0
2058-02-19,M11,Compressor,2.69,63.52,16.98,116.8,1599.0,normal,503.0,11.4,36.05,0,none,0.0
2058-02-20,M11,Compressor,2.7,73.03,14.93,111.7,1745.7,normal,503.26,11.2,35.79,0,none,0.0
2058-02-21,M11,Compressor,2.63,73.77,14.63,113.2,1618.9,normal,503.56,11.2,35.49,0,none,0.0
2058-02-22,M11,Compressor,2.31,69.3,16.47,108.7,1735.9,normal,503.88,17.3,35.17,0,none,0.0
2058-02-23,M11,Compressor,2.65,61.67,17.01,98.8,1706.1,normal,504.15,15.8,34.9,0,none,0.0
2058-02-24,M11,Compressor,6.2,77.74,15.37,98.8,1657.0,normal,504.45,12.5,34.6,0,none,0.0
2058-02-25,M11,Compressor,2.33,68.87,14.89,115.0,1735.4,normal,504.73,8.1,34.32,0,none,0.0
2058-02-26,M11,Compressor,1.15,57.69,6.14,42.3,716.8,idle,505.1,18.0,33.95,0,none,0.0
2058-02-27,M11,Compressor,2.66,75.26,16.24,119.5,1655.8,normal,505.46,10.7,33.59,0,none,0.0
2058-02-28,M11,Compressor,1.11,56.48,6.74,47.5,721.6,idle,505.65,11.4,33.4,0,none,0.0
2058-03-01,M11,Compressor,2.49,62.88,15.58,96.1,1667.3,normal,505.95,11.3,33.1,0,none,0.0
2058-03-02,M11,Compressor,2.48,68.07,16.29,109.5,1665.8,normal,506.45,13.0,32.6,0,none,0.0
2058-03-03,M11,Compressor,2.58,68.07,17.0,106.7,1656.7,normal,506.56,12.5,32.49,0,none,0.0
2058-03-04,M11,Compressor,3.95,70.19,23.67,154.5,2438.9,peak,506.91,10.4,32.14,0,none,0.0
2058-03-05,M11,Compressor,2.53,67.32,15.35,116.8,1682.0,normal,507.33,9.9,31.72,0,none,0.0
2058-03-06,M11,Compressor,2.36,74.74,14.87,99.5,1661.5,normal,507.36,14.9,31.69,0,none,0.0
2058-03-07,M11,Compressor,2.57,77.13,16.51,119.1,1703.0,normal,507.51,11.6,31.54,0,none,0.0
2058-03-08,M11,Compressor,1.07,62.72,7.74,49.8,683.5,idle,507.58,8.6,31.47,0,none,0.0
2058-03-09,M11,Compressor,2.8,63.41,16.31,105.4,1712.3,normal,507.71,12.3,31.34,0,none,0.0
2058-03-10,M11,Compressor,1.08,61.02,7.46,42.1,715.8,idle,507.85,13.3,31.2,0,none,0.0
2058-03-11,M11,Compressor,1.11,78.33,6.4,42.4,692.1,idle,507.91,14.0,31.14,0,none,0.0
2058-03-12,M11,Compressor,2.8,68.87,16.1,104.8,1676.9,normal,508.13,11.0,30.92,0,none,0.0
2058-03-13,M11,Compressor,2.47,63.85,15.96,113.2,1707.9,normal,508.36,8.7,30.69,0,none,0.0
2058-03-14,M11,Compressor,2.36,77.42,15.1,103.3,1562.8,normal,508.65,16.3,30.4,0,none,0.0
2058-03-15,M11,Compressor,3.95,82.32,22.42,152.6,2385.1,peak,509.13,16.0,29.92,0,none,0.0
2058-03-16,M11,Compressor,2.39,66.1,17.45,100.1,1671.0,normal,509.55,8.5,29.5,0,none,0.0
2058-03-17,M11,Compressor,2.47,65.25,17.63,117.5,1650.3,normal,509.78,11.5,29.27,0,none,0.0
2058-03-18,M11,Compressor,1.11,62.41,7.09,48.1,719.4,idle,510.23,13.7,28.82,0,none,0.0
2058-03-19,M11,Compressor,2.82,73.61,17.44,98.9,1554.4,normal,510.53,17.5,28.52,0,none,0.0
2058-03-20,M11,Compressor,1.16,59.31,7.38,47.8,698.3,idle,510.9,9.6,28.15,0,none,0.0
2058-03-21,M11,Compressor,1.16,65.9,7.38,49.2,698.3,idle,511.35,16.3,27.7,0,none,0.0
2058-03-22,M11,Compressor,1.18,66.39,8.04,49.1,723.3,idle,511.61,14.0,27.44,0,none,0.0
2058-03-23,M11,Compressor,1.13,63.59,7.54,49.2,720.3,idle,511.8,13.4,27.25,0,none,0.0
2058-03-24,M11,Compressor,1.13,77.34,17.07,118.1,1573.3,normal,511.86,13.4,27.19,0,none,0.0
2058-03-25,M11,Compressor,1.06,67.32,7.45,45.9,720.0,idle,512.25,13.8,26.8,0,none,0.0
2058-03-26,M11,Compressor,3.22,60.93,6.78,48.4,716.1,idle,512.33,15.5,26.72,0,none,0.0
2058-03-27,M11,Compressor,1.08,66.6,7.35,45.8,726.2,idle,512.81,17.1,26.24,0,none,0.0
2058-03-28,M11,Compressor,1.14,61.26,7.01,44.7,723.7,idle,513.21,16.0,25.84,0,none,0.0
2058-03-29,M11,Compressor,1.08,63.77,7.86,44.2,708.8,idle,513.45,12.2,25.6,0,none,0.0
2058-03-30,M11,Compressor,1.07,62.32,8.29,45.0,710.2,idle,513.51,11.4,25.54,0,none,0.0
2058-03-31,M11,Compressor,1.22,63.27,7.18,48.2,702.9,idle,513.68,15.4,25.37,0,none,0.0
2058-04-01,M11,Compressor,1.11,66.56,8.09,43.9,670.3,idle,513.76,13.7,25.29,0,none,0.0
2058-04-02,M11,Compressor,1.09,66.29,8.2,48.9,680.2,idle,514.21,12.2,24.84,0,none,0.0
2058-04-03,M11,Compressor,1.24,67.53,7.88,47.5,712.3,idle,514.41,17.0,24.64,0,none,0.0
2058-04-04,M11,Compressor,2.91,82.13,15.94,47.5,1659.4,normal,514.9,15.6,24.15,0,none,0.0
2058-04-05,M11,Compressor,1.08,63.13,8.01,44.8,688.4,idle,514.95,9.5,24.1,0,none,0.0
2058-04-06,M11,Compressor,1.13,63.22,8.29,48.5,679.8,idle,515.08,10.5,23.97,1,motor_overheat,5867.0
2058-04-07,M11,Compressor,1.06,64.61,7.35,42.1,714.8,idle,515.23,13.0,23.82,1,motor_overheat,4328.0
2058-04-08,M11,Compressor,1.23,68.63,8.08,47.9,700.2,idle,515.5,9.4,23.55,1,motor_overheat,4553.0
2058-04-09,M11,Compressor,1.26,67.82,7.79,48.3,677.7,idle,515.91,14.2,23.14,1,motor_overheat,5894.0
2058-04-10,M11,Compressor,1.26,62.55,7.83,42.6,710.4,idle,516.28,14.9,22.77,1,motor_overheat,7359.0
2058-04-11,M11,Compressor,1.26,65.79,8.23,42.6,671.7,idle,516.45,13.6,22.6,1,motor_overheat,4931.0
2058-04-12,M11,Compressor,1.11,65.09,7.83,48.4,673.7,idle,516.66,13.0,22.39,1,motor_overheat,6756.0
2058-04-13,M11,Compressor,1.07,64.53,7.21,44.2,674.2,idle,516.78,16.8,22.27,1,motor_overheat,4557.0
2058-04-14,M11,Compressor,1.15,69.71,6.87,48.9,689.2,idle,516.91,11.4,22.14,1,motor_overheat,6871.0
2058-04-15,M11,Compressor,1.2,69.74,7.27,49.6,665.3,idle,517.41,8.2,21.64,1,motor_overheat,5088.0
2058-04-16,M11,Compressor,2.75,73.84,17.1,106.2,1656.5,normal,517.45,14.1,21.6,1,motor_overheat,7713.0
2058-04-17,M11,Compressor,1.16,69.05,8.47,46.0,682.4,idle,517.75,12.2,21.3,1,motor_overheat,7967.0
2058-04-18,M11,Compressor,1.27,70.41,8.47,45.2,697.2,idle,518.2,15.7,20.85,1,motor_overheat,5344.0
2058-04-19,M11,Compressor,1.11,70.96,8.48,44.1,664.0,idle,518.51,9.4,20.54,1,motor_overheat,6726.0
2058-04-20,M11,Compressor,2.58,81.52,8.48,111.0,1562.0,normal,518.66,10.3,20.39,1,motor_overheat,6218.0
2058-04-21,M11,Compressor,1.27,68.08,7.71,44.8,660.9,idle,519.11,9.3,19.94,1,motor_overheat,4964.0
2058-04-22,M11,Compressor,2.77,84.66,19.02,96.9,1627.0,normal,519.46,15.3,19.59,1,motor_overheat,6410.0
2058-04-23,M11,Compressor,2.63,85.81,17.19,97.9,1596.2,normal,519.85,9.7,19.2,1,motor_overheat,4274.0
2058-04-24,M11,Compressor,3.01,74.47,16.21,117.1,1607.9,normal,520.13,17.7,18.92,1,motor_overheat,4849.0
2058-04-25,M11,Compressor,2.96,72.62,18.98,105.5,1636.2,normal,520.6,11.1,18.45,1,motor_overheat,3024.0
2058-04-26,M11,Compressor,2.53,87.64,18.32,108.9,1506.0,normal,520.83,8.6,18.22,1,motor_overheat,3854.0
2058-04-27,M11,Compressor,2.9,82.66,18.53,112.9,1563.5,normal,521.08,10.5,17.97,1,motor_overheat,3484.0
2058-04-28,M11,Compressor,2.61,88.5,19.15,100.3,1591.8,normal,521.16,16.8,17.89,1,motor_overheat,3752.0
2058-04-29,M11,Compressor,2.62,87.62,16.6,119.8,1587.6,normal,521.38,10.0,17.67,1,motor_overheat,5812.0
2058-04-30,M11,Compressor,2.62,94.84,26.0,158.9,2221.4,peak,521.5,12.2,17.55,1,motor_overheat,6286.0
2058-05-01,M11,Compressor,1.16,73.61,26.0,42.1,669.0,idle,521.61,13.3,17.44,1,motor_overheat,6437.0
2058-05-02,M11,Compressor,1.22,67.55,7.09,42.5,685.2,idle,521.73,9.9,17.32,1,motor_overheat,6763.0
2058-05-03,M11,Compressor,2.69,79.14,16.52,42.5,1609.4,normal,521.78,10.7,17.27,1,motor_overheat,5974.0
2058-05-04,M11,Compressor,1.28,79.14,8.39,46.6,676.5,idle,522.23,15.4,16.82,1,motor_overheat,5510.0
2058-05-05,M11,Compressor,2.67,73.79,17.31,112.1,1630.7,normal,522.36,10.9,16.69,1,motor_overheat,4206.0
2058-05-06,M11,Compressor,2.67,84.94,17.91,110.7,1488.4,normal,522.43,12.7,16.62,1,motor_overheat,5172.0
2058-05-07,M11,Compressor,2.59,77.16,19.28,96.0,1572.8,normal,522.93,10.9,16.12,1,motor_overheat,7650.0
2058-05-08,M11,Compressor,3.07,85.13,18.01,104.7,1580.1,normal,523.13,10.9,15.92,1,motor_overheat,3663.0
2058-05-09,M11,Compressor,2.81,86.36,18.47,109.2,1628.9,normal,523.5,15.2,15.55,1,motor_overheat,4471.0
2058-05-10,M11,Compressor,3.04,84.97,18.29,113.1,1602.8,normal,523.98,11.0,15.07,1,motor_overheat,4946.0
2058-05-11,M11,Compressor,2.72,86.24,17.03,105.8,1621.6,normal,524.28,11.7,14.77,1,motor_overheat,4322.0
2058-05-12,M11,Compressor,2.73,77.27,17.11,104.8,1511.1,normal,524.63,17.8,14.42,1,motor_overheat,6341.0
2058-05-13,M11,Compressor,1.2,74.36,8.75,42.9,685.3,idle,524.8,14.4,14.25,1,motor_overheat,4422.0
2058-05-14,M11,Compressor,1.2,81.8,19.91,42.9,1476.9,normal,525.3,11.9,13.75,1,motor_overheat,4458.0
2058-05-15,M11,Compressor,2.76,92.33,16.81,100.6,1563.2,normal,525.63,13.0,13.42,1,motor_overheat,6622.0
2058-05-16,M11,Compressor,2.7,76.27,16.81,109.0,1556.3,normal,525.75,15.3,13.3,1,motor_overheat,5647.0
2058-05-17,M11,Compressor,1.27,70.45,8.06,46.8,653.5,idle,525.88,14.2,13.17,1,motor_overheat,7327.0
2058-05-18,M11,Compressor,2.89,88.51,20.04,109.9,1598.1,normal,526.38,15.6,12.67,1,motor_overheat,7668.0
2058-05-19,M11,Compressor,3.08,93.01,19.23,100.3,1510.5,normal,526.83,10.4,12.22,1,motor_overheat,3017.0
2058-05-20,M11,Compressor,3.05,85.5,17.7,111.4,1602.1,normal,526.88,16.1,12.17,1,motor_overheat,5138.0
2058-05-21,M11,Compressor,3.93,93.2,26.44,147.5,2145.7,peak,527.1,14.5,11.95,1,motor_overheat,7333.0
2058-05-22,M11,Compressor,1.32,77.86,8.93,45.2,653.9,idle,527.25,12.8,11.8,1,motor_overheat,7659.0
2058-05-23,M11,Compressor,4.38,95.0,27.72,151.7,2240.9,peak,527.36,17.0,11.69,1,motor_overheat,3399.0
2058-05-24,M11,Compressor,4.24,93.14,26.62,160.1,2262.0,peak,527.56,16.1,11.49,1,motor_overheat,7568.0
2058-05-25,M11,Compressor,2.73,83.74,19.51,101.5,1599.0,normal,527.68,15.4,11.37,1,motor_overheat,3624.0
2058-05-26,M11,Compressor,1.32,77.89,7.77,42.8,642.9,idle,527.71,8.9,11.34,1,motor_overheat,5056.0
2058-05-27,M11,Compressor,4.1,88.01,24.91,149.4,2222.7,peak,527.95,17.0,11.1,1,motor_overheat,4954.0
2058-05-28,M11,Compressor,2.92,84.81,17.5,118.2,1521.9,normal,528.36,14.4,10.69,1,motor_overheat,6145.0
2058-05-29,M11,Compressor,2.67,77.96,17.55,102.4,1551.6,normal,528.48,15.4,10.57,1,motor_overheat,3581.0
2058-05-30,M11,Compressor,3.2,82.31,17.55,117.8,1514.9,normal,528.65,8.1,10.4,1,motor_overheat,6446.0
2058-05-31,M11,Compressor,1.18,75.65,9.02,42.1,660.2,idle,529.06,11.9,9.99,1,motor_overheat,3216.0
2058-06-01,M11,Compressor,1.3,76.7,8.24,46.4,666.7,idle,529.3,13.9,9.75,1,motor_overheat,6385.0
2058-06-02,M11,Compressor,1.29,74.85,8.29,44.2,685.6,idle,529.45,17.1,9.6,1,motor_overheat,7973.0
2058-06-03,M11,Compressor,1.17,73.27,7.79,49.4,668.2,idle,529.53,9.5,9.52,1,motor_overheat,3523.0
2058-06-04,M11,Compressor,4.06,95.0,28.58,153.0,2208.2,peak,529.83,14.0,9.22,1,motor_overheat,3302.0
2058-06-05,M11,Compressor,3.17,84.2,18.58,114.8,1553.1,normal,530.06,12.2,8.99,1,motor_overheat,5181.0
2058-06-06,M11,Compressor,3.17,80.75,20.07,95.7,1584.7,normal,530.33,13.8,8.72,1,motor_overheat,3838.0
2058-06-07,M11,Compressor,3.94,95.0,26.91,152.9,2110.3,peak,530.41,11.2,8.64,1,motor_overheat,4136.0
2058-06-08,M11,Compressor,3.9,95.0,26.35,153.3,2118.8,peak,530.83,8.8,8.22,1,motor_overheat,3361.0
2058-06-09,M11,Compressor,4.01,94.56,24.38,146.3,2187.5,peak,530.86,15.6,8.19,1,motor_overheat,4533.0
2058-06-10,M11,Compressor,2.98,83.88,18.42,114.9,2187.5,normal,531.15,17.3,7.9,1,motor_overheat,7432.0
2058-06-11,M11,Compressor,1.21,76.27,9.02,49.8,646.0,idle,531.4,17.6,7.65,1,motor_overheat,7189.0
2058-06-12,M11,Compressor,3.12,88.16,18.27,112.0,1509.9,normal,531.55,9.1,7.5,1,motor_overheat,4414.0
2058-06-13,M11,Compressor,2.8,81.5,20.3,117.0,1452.1,normal,531.6,16.9,7.45,1,motor_overheat,5164.0
2058-06-14,M11,Compressor,1.29,81.5,8.68,49.3,641.4,idle,532.01,13.5,7.04,1,motor_overheat,4155.0
2058-06-15,M11,Compressor,2.85,94.34,19.93,105.2,1563.4,normal,532.23,12.6,6.82,1,motor_overheat,6236.0
2058-06-16,M11,Compressor,3.23,88.49,17.64,107.7,1544.8,normal,532.66,14.0,6.39,1,motor_overheat,6708.0
2058-06-17,M11,Compressor,1.19,75.36,8.0,42.1,663.0,idle,532.96,9.6,6.09,1,motor_overheat,3505.0
2058-06-18,M11,Compressor,2.74,93.86,18.38,119.8,1510.5,normal,533.33,8.8,5.72,1,motor_overheat,5209.0
2058-06-19,M11,Compressor,2.68,94.81,18.98,110.2,1571.8,normal,533.43,8.1,5.62,1,motor_overheat,6896.0
2058-06-20,M11,Compressor,1.27,81.45,8.06,47.7,629.5,idle,533.58,9.7,5.47,1,motor_overheat,7368.0
2058-06-21,M11,Compressor,3.23,84.79,18.65,119.0,1452.3,normal,533.83,17.8,5.22,1,motor_overheat,7741.0
2058-06-22,M11,Compressor,2.83,91.79,20.99,112.3,1445.1,normal,534.05,15.0,5.0,1,motor_overheat,5638.0
2058-06-23,M11,Compressor,3.14,89.33,21.08,110.7,1504.3,normal,534.46,16.7,4.59,1,motor_overheat,5238.0
2058-06-24,M11,Compressor,3.03,93.4,20.23,97.0,1444.0,normal,534.73,14.6,4.32,1,motor_overheat,6578.0
2058-06-25,M11,Compressor,2.87,90.55,18.81,100.3,1559.8,normal,534.86,17.0,4.19,1,motor_overheat,7987.0
2058-06-26,M11,Compressor,1.16,83.68,9.38,47.5,622.4,idle,535.16,10.3,3.89,1,motor_overheat,5785.0
2058-06-27,M11,Compressor,1.21,84.14,9.39,49.7,671.8,idle,535.36,13.7,3.69,1,motor_overheat,7921.0
2058-06-28,M11,Compressor,1.16,81.15,9.26,44.6,642.0,idle,535.73,16.3,3.32,1,motor_overheat,6194.0
2058-06-29,M11,Compressor,1.16,77.07,7.71,42.2,646.1,idle,536.0,12.7,3.05,1,motor_overheat,3816.0
2058-06-30,M11,Compressor,1.31,79.27,9.27,49.1,626.0,idle,536.05,10.2,3.0,1,motor_overheat,5233.0
2058-07-01,M11,Compressor,1.17,79.67,9.06,46.1,643.0,idle,536.46,9.0,2.59,1,motor_overheat,3036.0
2058-07-02,M11,Compressor,1.2,80.24,9.59,44.7,647.3,idle,536.9,16.5,2.15,1,motor_overheat,7667.0
2058-07-03,M11,Compressor,2.74,84.62,19.44,110.1,1467.6,normal,536.95,11.4,2.1,1,motor_overheat,6552.0
2058-07-04,M11,Compressor,1.21,83.66,7.91,47.3,664.9,idle,537.36,9.3,1.69,1,motor_overheat,5912.0
2058-07-05,M11,Compressor,1.28,79.69,9.39,46.0,662.1,idle,537.8,12.1,1.25,1,motor_overheat,6138.0
2058-07-06,M11,Compressor,1.35,81.71,8.95,43.4,634.1,idle,538.05,16.5,1.0,1,motor_overheat,6433.0
2058-07-07,M11,Compressor,1.35,83.09,8.95,43.4,634.1,idle,538.18,14.8,0.87,1,motor_overheat,6217.0
2058-07-08,M11,Compressor,2.77,87.05,20.87,96.6,1439.5,normal,538.21,11.3,0.84,1,motor_overheat,3670.0
2058-07-09,M11,Compressor,1.23,83.9,8.52,43.6,635.8,idle,538.66,8.6,0.5,1,motor_overheat,7099.0
2058-07-10,M11,Compressor,1.35,85.14,7.96,47.7,612.7,idle,538.85,9.7,0.5,1,motor_overheat,4120.0
2058-07-11,M11,Compressor,2.65,68.24,23.15,98.4,1610.7,normal,0.0,16.8,9.97,1,electrical,2535.0
2058-07-12,M11,Compressor,2.31,72.54,24.51,113.5,1607.0,normal,0.48,13.8,9.49,1,electrical,2249.0
2058-07-13,M11,Compressor,2.3,74.29,24.95,107.7,1600.3,normal,0.78,15.9,9.19,1,electrical,4593.0
2058-07-14,M11,Compressor,2.67,71.43,22.5,104.3,1612.0,normal,0.93,11.7,9.04,1,electrical,3377.0
2058-07-15,M11,Compressor,1.14,54.69,10.06,49.8,672.1,idle,1.05,14.4,8.92,1,electrical,3927.0
2058-07-16,M11,Compressor,2.68,64.02,22.84,111.0,1610.7,normal,1.48,15.3,8.49,1,electrical,4419.0
2058-07-17,M11,Compressor,2.8,64.02,25.24,108.1,1502.7,normal,1.68,12.5,8.29,1,electrical,5663.0
2058-07-18,M11,Compressor,3.77,68.29,35.0,148.2,2288.2,peak,1.93,17.3,8.04,1,electrical,5168.0
2058-07-19,M11,Compressor,2.44,61.36,21.97,107.0,1543.2,normal,2.37,17.0,7.6,1,electrical,3990.0
2058-07-20,M11,Compressor,0.99,52.63,10.48,48.5,696.5,idle,2.87,13.6,7.1,1,electrical,5069.0
2058-07-21,M11,Compressor,1.09,54.12,11.71,49.7,655.8,idle,3.32,15.3,6.65,1,electrical,5071.0
2058-07-22,M11,Compressor,2.57,71.69,25.46,112.1,1550.9,normal,3.42,9.7,6.55,1,electrical,5863.0
2058-07-23,M11,Compressor,3.52,71.69,32.02,153.6,2251.7,peak,3.62,15.4,6.35,1,electrical,5397.0
2058-07-24,M11,Compressor,2.74,63.7,24.39,102.0,1604.8,normal,3.8,15.9,6.17,1,electrical,5463.0
2058-07-25,M11,Compressor,2.71,71.79,22.38,107.2,1496.6,normal,4.17,14.6,5.8,1,electrical,5299.0
2058-07-26,M11,Compressor,1.12,53.56,11.37,42.5,671.2,idle,4.37,16.5,5.6,1,electrical,5489.0
2058-07-27,M11,Compressor,2.35,67.15,24.85,106.5,1516.4,normal,4.65,14.3,5.32,1,electrical,2717.0
2058-07-28,M11,Compressor,2.31,69.09,26.07,113.3,1608.0,normal,5.0,14.9,4.97,1,electrical,5471.0
2058-07-29,M11,Compressor,2.79,65.3,25.37,104.9,1610.9,normal,5.25,9.6,4.72,1,electrical,5221.0
2058-07-30,M11,Compressor,2.79,70.81,22.52,109.4,1582.4,normal,5.6,10.5,4.37,1,electrical,5577.0
2058-07-31,M11,Compressor,3.44,62.62,35.0,151.8,2212.5,peak,5.93,13.6,4.04,1,electrical,2216.0
2058-08-01,M11,Compressor,2.6,59.32,23.0,119.0,1519.5,normal,6.03,10.2,3.94,1,electrical,4117.0
2058-08-02,M11,Compressor,2.44,58.24,23.34,105.8,1519.1,normal,6.23,12.4,3.74,1,electrical,2241.0
2058-08-03,M11,Compressor,2.52,70.1,25.45,107.3,1589.2,normal,6.55,8.9,3.42,1,electrical,4336.0
2058-08-04,M11,Compressor,2.77,68.13,23.25,105.2,1560.2,normal,6.95,9.3,3.02,1,electrical,2587.0
2058-08-05,M11,Compressor,2.33,57.9,26.96,113.2,1486.5,normal,7.2,11.2,2.77,1,electrical,5641.0
2058-08-06,M11,Compressor,2.54,61.05,22.9,104.8,1560.3,normal,7.4,14.9,2.57,1,electrical,3395.0
2058-08-07,M11,Compressor,1.19,57.74,10.29,44.7,665.8,idle,7.47,10.0,2.5,1,electrical,5856.0
2058-08-08,M11,Compressor,1.03,58.3,10.14,44.3,668.2,idle,7.82,11.8,2.15,1,electrical,3014.0
2058-08-09,M11,Compressor,2.37,68.91,27.15,112.3,1582.3,normal,8.02,10.8,1.95,1,electrical,2288.0
2058-08-10,M11,Compressor,1.09,54.63,10.61,47.3,664.3,idle,8.2,12.3,1.77,1,electrical,2686.0
2058-08-11,M11,Compressor,1.09,52.52,11.53,47.8,647.1,idle,8.23,13.1,1.74,1,electrical,2576.0
2058-08-12,M11,Compressor,1.09,58.76,10.2,45.6,683.1,idle,8.27,10.5,1.7,1,electrical,3079.0
2058-08-13,M11,Compressor,1.1,58.32,10.36,42.5,638.9,idle,8.77,8.7,1.2,1,electrical,4452.0
2058-08-14,M11,Compressor,1.2,53.17,12.14,44.5,637.4,idle,9.05,9.9,0.92,1,electrical,2589.0
2058-08-15,M11,Compressor,1.04,55.94,10.13,49.4,682.3,idle,9.35,11.8,0.62,1,electrical,3430.0
2058-08-16,M11,Compressor,2.39,71.23,25.41,119.5,1461.4,normal,9.7,9.9,0.5,1,electrical,2895.0
2058-08-17,M11,Compressor,2.34,55.14,14.82,97.8,1756.8,normal,0.0,12.8,78.61,0,none,0.0
2058-08-18,M11,Compressor,1.09,47.63,6.18,46.0,744.9,idle,0.45,11.8,78.16,0,none,0.0
2058-08-19,M11,Compressor,2.32,58.34,15.5,97.9,744.9,normal,0.6,16.3,78.01,0,none,0.0
2058-08-20,M11,Compressor,0.94,48.35,5.5,49.4,751.9,idle,1.05,8.6,77.56,0,none,0.0
2058-08-21,M11,Compressor,2.55,56.21,13.37,99.8,1730.0,normal,1.52,10.8,77.09,0,none,0.0
2058-08-22,M11,Compressor,0.91,56.21,6.69,47.6,773.8,idle,1.82,10.5,76.79,0,none,0.0
2058-08-23,M11,Compressor,0.91,47.83,6.29,43.5,750.7,idle,2.18,12.3,76.42,0,none,0.0
2058-08-24,M11,Compressor,2.37,63.76,13.87,97.3,1751.6,normal,2.57,8.2,76.04,0,none,0.0
2058-08-25,M11,Compressor,3.47,74.39,18.36,159.9,2519.2,peak,2.92,8.9,75.69,0,none,0.0
2058-08-26,M11,Compressor,3.01,69.36,18.1,160.7,2544.3,peak,3.2,13.4,75.41,0,none,0.0
2058-08-27,M11,Compressor,2.44,52.16,15.3,117.5,1803.0,normal,3.62,17.1,74.99,0,none,0.0
2058-08-28,M11,Compressor,2.28,58.86,13.29,96.3,1660.0,normal,3.67,17.3,74.94,0,none,0.0
2058-08-29,M11,Compressor,1.01,46.57,6.37,46.7,774.4,idle,3.95,15.2,74.66,0,none,0.0
2058-08-30,M11,Compressor,2.54,62.93,15.05,95.1,1652.6,normal,4.2,12.6,74.41,0,none,0.0
2058-08-31,M11,Compressor,2.33,61.77,14.99,106.2,1809.8,normal,4.47,16.5,74.14,0,none,0.0
2058-09-01,M11,Compressor,1.06,44.82,6.16,50.0,744.6,idle,4.67,12.6,73.94,0,none,0.0
2058-09-02,M11,Compressor,2.29,55.29,14.22,113.2,1658.1,normal,4.85,11.0,73.76,0,none,0.0
2058-09-03,M11,Compressor,1.07,51.34,14.22,49.3,725.7,idle,5.2,10.1,73.41,0,none,0.0
2058-09-04,M11,Compressor,3.27,56.42,21.35,164.1,2459.6,peak,5.7,9.1,72.91,0,none,0.0
2058-09-05,M11,Compressor,1.01,46.38,6.07,45.8,767.5,idle,5.9,15.0,72.71,0,none,0.0
2058-09-06,M11,Compressor,2.17,52.83,13.5,96.3,1759.4,normal,6.03,15.4,72.57,0,none,0.0
2058-09-07,M11,Compressor,2.19,57.88,14.71,106.2,1804.0,normal,6.12,8.5,72.49,0,none,0.0
2058-09-08,M11,Compressor,2.48,54.91,13.33,117.4,1717.5,normal,6.35,13.7,72.26,0,none,0.0
2058-09-09,M11,Compressor,2.29,64.58,13.02,117.4,1771.4,normal,6.57,16.2,72.04,0,none,0.0
2058-09-10,M11,Compressor,7.38,65.93,14.16,116.2,1656.1,normal,6.88,15.5,71.72,0,none,0.0
2058-09-11,M11,Compressor,0.96,44.08,5.75,47.8,720.3,idle,7.02,9.9,71.59,0,none,0.0
2058-09-12,M11,Compressor,2.36,57.45,13.31,112.1,1767.8,normal,7.52,11.7,71.09,0,none,0.0
2058-09-13,M11,Compressor,3.44,57.45,19.26,112.1,2414.6,peak,7.93,11.1,70.67,0,none,0.0
2058-09-14,M11,Compressor,2.42,67.47,13.56,102.0,1747.9,normal,8.3,11.4,70.31,0,none,0.0
2058-09-15,M11,Compressor,2.49,55.92,15.09,101.0,1798.6,normal,8.75,8.2,69.86,0,none,0.0
2058-09-16,M11,Compressor,2.23,61.11,13.89,103.0,1710.2,normal,8.98,12.3,69.62,0,none,0.0
2058-09-17,M11,Compressor,1.0,50.76,6.64,103.0,736.9,idle,9.43,8.1,69.17,0,none,0.0
2058-09-18,M11,Compressor,2.53,65.66,14.13,112.4,1712.8,normal,9.7,9.1,68.91,0,none,0.0
2058-09-19,M11,Compressor,3.09,61.43,20.73,112.4,2570.3,peak,10.07,15.5,68.54,0,none,0.0
2058-09-20,M11,Compressor,2.11,58.76,13.68,112.1,1691.7,normal,10.25,13.1,68.36,0,none,0.0
2058-09-21,M11,Compressor,2.38,62.82,14.93,101.7,1664.9,normal,10.5,17.3,68.11,0,none,0.0
2058-09-22,M11,Compressor,3.13,66.98,18.16,148.2,2599.1,peak,11.0,17.6,67.61,0,none,0.0
2058-09-23,M11,Compressor,3.23,64.93,18.04,156.8,2465.1,peak,11.32,15.3,67.29,0,none,0.0
2058-09-24,M11,Compressor,1.01,48.21,6.95,44.1,754.2,idle,11.48,12.5,67.12,0,none,0.0
2058-09-25,M11,Compressor,0.98,47.38,6.95,47.5,731.7,idle,11.98,13.8,66.62,0,none,0.0
2058-09-26,M11,Compressor,2.33,57.82,14.17,104.4,1691.2,normal,12.13,13.8,66.47,0,none,0.0
2058-09-27,M11,Compressor,2.32,50.83,13.61,114.6,1793.3,normal,12.18,11.3,66.42,0,none,0.0
2058-09-28,M11,Compressor,2.46,61.39,15.03,98.2,1739.3,normal,12.47,11.4,66.14,0,none,0.0
2058-09-29,M11,Compressor,0.92,50.22,6.28,48.5,767.9,idle,12.85,10.3,65.76,0,none,0.0
2058-09-30,M11,Compressor,0.99,47.97,5.54,46.2,760.6,idle,13.3,11.6,65.31,0,none,0.0
2058-10-01,M11,Compressor,0.95,51.89,6.96,44.3,762.8,idle,13.65,12.6,64.96,0,none,0.0
2058-10-02,M11,Compressor,0.91,49.33,6.44,48.6,738.3,idle,13.73,13.5,64.87,0,none,0.0
2058-10-03,M11,Compressor,1.08,50.86,6.5,45.8,757.1,idle,14.05,17.9,64.56,0,none,0.0
2058-10-04,M11,Compressor,1.05,51.8,5.68,44.5,766.8,idle,14.37,8.8,64.24,0,none,0.0
2058-10-05,M11,Compressor,2.3,62.1,13.33,112.7,1764.6,normal,14.75,15.2,63.86,0,none,0.0
2058-10-06,M11,Compressor,1.02,50.12,6.82,48.6,727.6,idle,14.93,11.6,63.67,0,none,0.0
2058-10-07,M11,Compressor,1.05,47.6,6.0,49.0,753.6,idle,15.0,15.3,63.61,0,none,0.0
2058-10-08,M11,Compressor,1.0,47.6,6.33,48.9,726.2,idle,15.35,15.5,63.26,0,none,0.0
2058-10-09,M11,Compressor,1.06,45.31,5.84,43.4,734.3,idle,15.75,11.1,62.86,0,none,0.0
2058-10-10,M11,Compressor,1.05,49.24,5.84,44.2,726.0,idle,16.22,18.0,62.39,0,none,0.0
2058-10-11,M11,Compressor,0.98,47.03,5.72,48.7,771.2,idle,16.4,15.7,62.21,0,none,0.0
2058-10-12,M11,Compressor,0.92,46.13,6.6,49.0,724.3,idle,16.5,13.8,62.11,0,none,0.0
2058-10-13,M11,Compressor,1.08,44.49,6.45,42.2,775.7,idle,16.53,17.7,62.07,0,none,0.0
2058-10-14,M11,Compressor,0.97,49.19,5.78,44.6,764.8,idle,16.65,9.6,61.96,0,none,0.0
2058-10-15,M11,Compressor,2.59,67.86,15.02,116.2,1814.8,normal,17.15,15.4,61.46,0,none,0.0
2058-10-16,M11,Compressor,0.91,45.36,5.58,46.0,777.5,idle,17.38,11.7,61.22,0,none,0.0
2058-10-17,M11,Compressor,1.02,48.44,6.74,49.4,761.9,idle,17.55,8.1,61.06,0,none,0.0
2058-10-18,M11,Compressor,1.08,45.4,6.26,44.9,740.0,idle,17.62,12.7,60.99,0,none,0.0
2058-10-19,M11,Compressor,0.94,51.15,6.18,46.2,736.6,idle,17.9,11.5,60.71,0,none,0.0
2058-10-20,M11,Compressor,1.09,48.89,5.5,44.1,780.0,idle,17.95,14.8,60.66,0,none,0.0
2058-10-21,M11,Compressor,1.09,48.36,6.35,49.2,762.5,idle,18.18,8.4,60.42,0,none,0.0
2058-10-22,M11,Compressor,1.09,47.83,6.96,46.3,758.7,idle,18.53,10.3,60.07,0,none,0.0
2058-10-23,M11,Compressor,0.92,48.89,6.65,45.5,750.1,idle,18.82,14.4,59.79,0,none,0.0
2058-10-24,M11,Compressor,2.3,67.44,14.19,98.2,1654.9,normal,19.02,15.4,59.59,0,none,0.0
2058-10-25,M11,Compressor,1.05,48.38,5.5,98.2,774.8,idle,19.32,8.6,59.29,0,none,0.0
2058-10-26,M11,Compressor,1.09,48.38,5.69,42.0,772.1,idle,19.72,8.8,58.89,0,none,0.0
2058-10-27,M11,Compressor,2.14,51.94,13.57,117.9,1767.0,normal,20.0,8.3,58.61,0,none,0.0
2058-10-28,M11,Compressor,2.41,64.12,14.73,113.7,1662.5,normal,20.37,10.7,58.24,0,none,0.0
2058-10-29,M11,Compressor,2.39,63.56,14.41,95.3,1685.9,normal,20.85,14.7,57.76,0,none,0.0
2058-10-30,M11,Compressor,2.58,62.68,14.72,111.5,1671.7,normal,20.93,10.2,57.67,0,none,0.0
2058-10-31,M11,Compressor,2.1,57.93,14.11,115.3,1680.9,normal,21.12,12.9,57.49,0,none,0.0
2058-11-01,M11,Compressor,2.24,51.41,14.0,101.4,1694.7,normal,21.47,14.9,57.14,0,none,0.0
2058-11-02,M11,Compressor,2.23,54.17,13.8,108.4,1724.4,normal,21.53,10.7,57.07,0,none,0.0
2058-11-03,M11,Compressor,2.13,57.67,15.12,97.5,1810.5,normal,21.82,9.8,56.79,0,none,0.0
2058-11-04,M11,Compressor,2.25,50.26,13.63,96.7,1746.3,normal,22.03,9.8,56.57,0,none,0.0
2058-11-05,M11,Compressor,0.96,50.46,6.6,96.7,753.6,idle,22.33,14.7,56.27,0,none,0.0
2058-11-06,M11,Compressor,0.96,46.17,5.71,45.0,725.7,idle,22.47,15.6,56.14,0,none,0.0
2058-11-07,M11,Compressor,2.26,59.95,14.35,98.0,1651.4,normal,22.9,14.9,55.71,0,none,0.0
2058-11-08,M11,Compressor,2.14,59.95,14.35,104.7,1651.4,normal,23.2,8.9,55.41,0,none,0.0
2058-11-09,M11,Compressor,0.94,61.77,5.63,43.7,744.3,idle,23.42,12.2,55.19,0,none,0.0
2058-11-10,M11,Compressor,0.94,65.13,14.69,104.6,1675.6,normal,23.92,17.4,54.69,0,none,0.0
2058-11-11,M11,Compressor,2.2,52.16,13.4,105.6,1691.8,normal,23.98,15.4,54.62,0,none,0.0
2058-11-12,M11,Compressor,1.08,51.69,6.54,48.5,735.3,idle,24.07,11.6,54.54,0,none,0.0
2058-11-13,M11,Compressor,1.03,44.46,6.94,47.4,739.0,idle,24.32,8.8,54.29,0,none,0.0
2058-11-14,M11,Compressor,2.49,50.28,13.94,117.4,1694.7,normal,24.57,17.9,54.04,0,none,0.0
2058-11-15,M11,Compressor,2.43,50.28,13.98,113.7,1804.7,normal,25.07,8.4,53.54,0,none,0.0
2058-11-16,M11,Compressor,2.18,54.98,14.22,110.3,1729.5,normal,25.22,15.5,53.39,0,none,0.0
2058-11-17,M11,Compressor,2.5,63.83,14.01,96.0,1683.1,normal,25.45,14.4,53.16,0,none,0.0
2058-11-18,M11,Compressor,2.34,66.7,14.42,108.3,1773.1,normal,25.65,11.7,52.96,0,none,0.0
2058-11-19,M11,Compressor,0.93,45.18,6.02,50.0,772.6,idle,25.73,9.2,52.87,0,none,0.0
2058-11-20,M11,Compressor,2.44,57.04,14.39,102.6,1764.6,normal,25.8,13.9,52.81,0,none,0.0
2058-11-21,M11,Compressor,3.25,57.4,18.86,157.2,2538.9,peak,26.05,9.9,52.56,0,none,0.0
2058-11-22,M11,Compressor,3.06,71.17,21.3,159.5,2536.7,peak,26.22,17.3,52.39,0,none,0.0
2058-11-23,M11,Compressor,2.22,66.55,13.67,99.6,1758.5,normal,26.52,11.9,52.09,0,none,0.0
2058-11-24,M11,Compressor,2.28,66.79,14.15,99.1,1812.8,normal,26.75,9.3,51.86,0,none,0.0
2058-11-25,M11,Compressor,2.36,59.33,13.96,115.9,1698.9,normal,26.85,12.3,51.76,0,none,0.0
2058-11-26,M11,Compressor,2.11,58.95,15.31,101.8,1695.3,normal,27.18,15.4,51.42,0,none,0.0
2058-11-27,M11,Compressor,2.47,63.96,14.09,115.8,1679.2,normal,27.37,15.6,51.24,0,none,0.0
2058-11-28,M11,Compressor,2.28,57.28,13.78,100.4,1707.5,normal,27.87,12.9,50.74,0,none,0.0
2058-11-29,M11,Compressor,2.11,62.66,14.71,106.3,1704.9,normal,28.05,13.7,50.56,0,none,0.0
2058-11-30,M11,Compressor,2.32,66.86,14.51,113.3,1689.0,normal,28.52,14.1,50.09,0,none,0.0
2058-12-01,M11,Compressor,0.92,44.67,6.21,47.7,766.5,idle,28.77,8.9,49.84,0,none,0.0
2058-12-02,M11,Compressor,3.43,73.26,18.21,162.1,2532.1,peak,29.02,8.6,49.59,0,none,0.0
2058-12-03,M11,Compressor,2.19,62.28,14.28,104.0,1692.2,normal,29.13,8.5,49.47,0,none,0.0
2058-12-04,M11,Compressor,2.33,54.3,13.21,116.2,1750.8,normal,29.53,13.7,49.07,0,none,0.0
2058-12-05,M11,Compressor,3.22,63.93,21.46,151.4,2476.0,peak,30.0,9.8,48.61,0,none,0.0
2058-12-06,M11,Compressor,1.05,45.6,6.49,45.5,750.0,idle,30.22,15.3,48.39,0,none,0.0
2058-12-07,M11,Compressor,2.49,67.88,15.08,99.0,1688.2,normal,30.47,10.4,48.14,0,none,0.0
2058-12-08,M11,Compressor,2.3,62.95,14.27,117.5,1658.3,normal,30.55,10.8,48.06,0,none,0.0
2058-12-09,M11,Compressor,3.16,59.39,20.98,154.3,2403.0,peak,30.88,15.7,47.72,0,none,0.0
2058-12-10,M11,Compressor,2.49,56.51,13.65,99.6,1810.8,normal,30.97,10.0,47.64,0,none,0.0
2058-12-11,M11,Compressor,1.09,44.61,5.85,47.2,760.2,idle,31.05,8.9,47.56,0,none,0.0
2058-12-12,M11,Compressor,2.31,60.23,14.76,118.8,1773.3,normal,31.52,12.3,47.09,0,none,0.0
2058-12-13,M11,Compressor,3.07,69.36,18.27,155.1,2505.4,peak,31.78,14.5,46.82,0,none,0.0
2058-12-14,M11,Compressor,2.49,50.21,15.19,111.6,1655.3,normal,32.25,14.7,46.36,0,none,0.0
2058-12-15,M11,Compressor,0.93,44.32,6.65,43.4,722.7,idle,32.4,8.0,46.21,0,none,0.0
2058-12-16,M11,Compressor,2.17,60.07,14.24,43.4,1810.3,normal,32.85,9.9,45.76,0,none,0.0
2058-12-17,M11,Compressor,2.53,55.66,14.19,107.9,1778.5,normal,33.1,12.2,45.51,0,none,0.0
2058-12-18,M11,Compressor,2.31,59.84,14.03,114.1,1744.5,normal,33.23,11.5,45.37,0,none,0.0
2058-12-19,M11,Compressor,2.51,50.97,15.26,115.5,1789.2,normal,33.5,14.2,45.11,0,none,0.0
2058-12-20,M11,Compressor,2.17,54.74,15.45,118.8,1688.5,normal,33.68,14.1,44.92,0,none,0.0
2058-12-21,M11,Compressor,0.99,45.25,5.89,43.5,724.9,idle,33.87,8.0,44.74,0,none,0.0
2058-12-22,M11,Compressor,1.02,45.93,6.99,46.1,741.5,idle,34.05,16.4,44.56,0,none,0.0
2058-12-23,M11,Compressor,2.56,61.17,13.32,107.5,1725.0,normal,34.45,16.6,44.16,0,none,0.0
2058-12-24,M11,Compressor,2.48,61.17,13.93,106.7,1738.2,normal,34.57,8.2,44.04,0,none,0.0
2058-12-25,M11,Compressor,2.48,51.94,15.26,111.8,1729.8,normal,35.0,15.7,43.61,0,none,0.0
2058-12-26,M11,Compressor,1.01,45.71,6.3,48.0,752.0,idle,35.12,11.0,43.49,0,none,0.0
2058-12-27,M11,Compressor,3.29,64.25,21.05,160.1,2550.0,peak,35.52,10.1,43.09,0,none,0.0
2058-12-28,M11,Compressor,2.22,61.12,14.95,109.0,1782.4,normal,35.97,14.8,42.64,0,none,0.0
2058-12-29,M11,Compressor,1.07,45.39,5.96,46.8,737.4,idle,36.12,16.4,42.49,0,none,0.0
2058-12-30,M11,Compressor,2.57,53.49,13.89,119.9,1682.2,normal,36.18,13.1,42.42,0,none,0.0
2058-12-31,M11,Compressor,2.57,46.51,6.71,44.4,729.7,idle,36.62,17.7,41.99,0,none,0.0
2059-01-01,M11,Compressor,2.57,55.71,14.85,102.3,1680.4,normal,37.08,8.0,41.52,0,none,0.0
2059-01-02,M11,Compressor,1.06,44.44,6.0,48.2,750.7,idle,37.55,16.2,41.06,0,none,0.0
2059-01-03,M11,Compressor,1.04,44.53,6.62,43.4,768.5,idle,37.95,11.3,40.66,0,none,0.0
2059-01-04,M11,Compressor,2.38,63.3,13.53,104.9,1786.3,normal,38.33,17.7,40.27,0,none,0.0
2059-01-05,M11,Compressor,1.08,45.81,6.69,42.9,745.5,idle,38.72,11.3,39.89,0,none,0.0
2059-01-06,M11,Compressor,2.57,67.01,13.74,99.8,1675.4,normal,39.08,16.7,39.52,0,none,0.0
2059-01-07,M11,Compressor,1.0,44.74,6.04,42.1,735.6,idle,39.48,14.6,39.12,0,none,0.0
2059-01-08,M11,Compressor,1.08,47.58,5.61,47.2,777.3,idle,39.6,8.8,39.01,0,none,0.0
2059-01-09,M11,Compressor,0.99,48.99,6.88,47.2,759.9,idle,39.88,8.3,38.72,0,none,0.0
2059-01-10,M11,Compressor,0.99,51.7,6.26,49.1,759.9,idle,40.02,12.2,38.59,0,none,0.0
2059-01-11,M11,Compressor,1.03,47.09,6.88,49.1,721.2,idle,40.25,14.5,38.36,0,none,0.0
2059-01-12,M11,Compressor,0.9,49.41,5.67,47.7,739.3,idle,40.6,9.8,38.01,0,none,0.0
2059-01-13,M11,Compressor,1.01,45.4,5.87,45.5,759.9,idle,40.67,9.6,37.94,0,none,0.0
2059-01-14,M11,Compressor,0.93,46.25,5.81,48.9,758.9,idle,41.15,13.2,37.46,0,none,0.0
2059-01-15,M11,Compressor,0.99,51.58,6.6,49.5,755.9,idle,41.35,10.0,37.26,0,none,0.0
2059-01-16,M11,Compressor,0.93,49.4,5.8,44.8,750.6,idle,41.73,8.5,36.87,0,none,0.0
2059-01-17,M11,Compressor,0.93,44.17,5.99,48.6,720.9,idle,41.85,14.0,36.76,0,none,0.0
2059-01-18,M11,Compressor,0.92,50.45,5.96,49.5,742.8,idle,41.88,12.9,36.72,0,none,0.0
2059-01-19,M11,Compressor,1.06,46.07,5.59,49.0,775.6,idle,42.02,14.9,36.59,0,none,0.0
2059-01-20,M11,Compressor,1.04,50.16,5.51,48.0,748.3,idle,42.4,14.6,36.21,0,none,0.0
2059-01-21,M11,Compressor,0.99,48.32,5.91,47.6,737.7,idle,42.5,15.4,36.11,0,none,0.0
2059-01-22,M11,Compressor,1.01,45.1,6.51,43.5,730.2,idle,42.6,12.5,36.01,0,none,0.0
2059-01-23,M11,Compressor,0.9,44.97,5.85,43.8,739.7,idle,43.0,12.5,35.61,0,none,0.0
2059-01-24,M11,Compressor,0.91,51.48,5.68,47.6,752.1,idle,43.08,11.4,35.52,0,none,0.0
2059-01-25,M11,Compressor,1.01,44.84,5.86,48.2,747.8,idle,43.55,15.8,35.06,0,none,0.0
2059-01-26,M11,Compressor,0.99,48.37,6.15,48.5,764.9,idle,43.7,12.0,34.91,0,none,0.0
2059-01-27,M11,Compressor,0.96,50.5,6.28,47.0,772.0,idle,43.97,12.6,34.64,0,none,0.0
2059-01-28,M11,Compressor,1.0,50.05,6.28,45.4,767.3,idle,44.03,16.6,34.57,0,none,0.0
2059-01-29,M11,Compressor,0.92,48.65,5.57,43.2,755.9,idle,44.27,10.8,34.34,0,none,0.0
2059-01-30,M11,Compressor,2.25,54.72,15.39,104.2,1746.0,normal,44.75,16.0,33.86,0,none,0.0
2059-01-31,M11,Compressor,2.37,54.72,14.69,107.8,1714.8,normal,45.1,11.6,33.51,0,none,0.0
2059-02-01,M11,Compressor,0.91,46.34,6.83,43.4,733.2,idle,45.55,17.6,33.06,0,none,0.0
2059-02-02,M11,Compressor,2.2,66.03,14.75,117.0,1805.3,normal,45.7,17.0,32.91,0,none,0.0
2059-02-03,M11,Compressor,3.56,64.71,19.9,161.6,2466.4,peak,45.73,8.7,32.87,0,none,0.0
2059-02-04,M11,Compressor,2.11,55.97,14.79,98.1,1783.4,normal,45.82,12.7,32.79,0,none,0.0
2059-02-05,M11,Compressor,2.51,51.82,13.24,100.0,1710.6,normal,46.1,13.7,32.51,0,none,0.0
2059-02-06,M11,Compressor,2.37,58.74,13.24,98.6,1768.6,normal,46.25,8.8,32.36,0,none,0.0
2059-02-07,M11,Compressor,2.37,63.26,13.85,106.8,1654.9,normal,46.73,12.1,31.87,0,none,0.0
2059-02-08,M11,Compressor,2.16,56.75,13.85,97.1,1790.2,normal,46.95,17.0,31.66,0,none,0.0
2059-02-09,M11,Compressor,3.57,66.93,18.21,159.8,2443.4,peak,47.07,15.0,31.54,0,none,0.0
2059-02-10,M11,Compressor,1.05,47.47,5.58,44.2,745.6,idle,47.52,9.1,31.09,0,none,0.0
2059-02-11,M11,Compressor,1.05,45.06,5.93,42.7,757.0,idle,47.85,14.6,30.76,0,none,0.0
2059-02-12,M11,Compressor,3.28,73.58,20.96,160.6,2432.9,peak,48.25,14.7,30.36,0,none,0.0
2059-02-13,M11,Compressor,0.95,48.11,5.52,49.0,766.7,idle,48.28,17.6,30.32,0,none,0.0
2059-02-14,M11,Compressor,2.13,65.28,13.01,97.9,1659.4,normal,48.62,16.6,29.99,0,none,0.0
2059-02-15,M11,Compressor,1.0,50.27,5.77,48.2,731.1,idle,48.95,9.9,29.66,0,none,0.0
2059-02-16,M11,Compressor,1.1,50.83,5.77,46.7,734.5,idle,49.43,10.6,29.17,0,none,0.0
2059-02-17,M11,Compressor,2.16,58.29,14.01,111.9,1678.9,normal,49.92,12.8,28.69,0,none,0.0
2059-02-18,M11,Compressor,3.34,68.87,19.2,160.6,2486.4,peak,50.37,16.6,28.24,0,none,0.0
2059-02-19,M11,Compressor,0.93,45.56,5.92,43.3,753.8,idle,50.43,10.4,28.17,0,none,0.0
2059-02-20,M11,Compressor,2.57,66.13,13.81,116.6,1812.2,normal,50.75,12.4,27.86,0,none,0.0
2059-02-21,M11,Compressor,2.25,66.3,15.49,114.9,1716.3,normal,51.12,15.8,27.49,0,none,0.0
2059-02-22,M11,Compressor,3.37,62.28,21.98,146.4,2578.6,peak,51.62,15.1,26.99,0,none,0.0
2059-02-23,M11,Compressor,3.37,44.34,6.91,48.9,741.7,idle,51.95,15.0,26.66,0,none,0.0
2059-02-24,M11,Compressor,2.58,65.51,15.25,109.9,1812.9,normal,52.3,12.0,26.31,0,none,0.0
2059-02-25,M11,Compressor,2.5,66.92,13.7,108.3,1797.5,normal,52.57,9.4,26.04,0,none,0.0
2059-02-26,M11,Compressor,2.39,66.92,15.43,115.1,1703.6,normal,52.7,14.5,25.91,0,none,0.0
2059-02-27,M11,Compressor,0.92,46.18,6.49,42.1,731.4,idle,53.12,11.6,25.49,0,none,0.0
2059-02-28,M11,Compressor,2.26,65.75,13.13,96.2,1743.8,normal,53.55,9.9,25.06,0,none,0.0
2059-03-01,M11,Compressor,2.19,54.36,13.46,109.5,1659.4,normal,54.0,9.2,24.61,0,none,0.0
2059-03-02,M11,Compressor,2.57,52.22,15.38,114.5,1790.8,normal,54.43,9.5,24.17,0,none,0.0
2059-03-03,M11,Compressor,2.19,62.05,15.04,109.0,1743.7,normal,54.7,11.8,23.91,0,none,0.0
2059-03-04,M11,Compressor,0.93,47.31,5.73,49.8,761.1,idle,55.02,14.7,23.59,0,none,0.0
2059-03-05,M11,Compressor,2.12,58.58,14.59,97.4,1763.0,normal,55.27,13.3,23.34,0,none,0.0
2059-03-06,M11,Compressor,2.19,58.58,14.56,104.1,1714.8,normal,55.58,17.4,23.02,0,none,0.0
2059-03-07,M11,Compressor,2.52,55.57,14.64,116.2,1676.0,normal,55.68,9.4,22.92,0,none,0.0
2059-03-08,M11,Compressor,0.91,55.57,6.33,48.6,732.8,idle,56.18,10.2,22.42,0,none,0.0
2059-03-09,M11,Compressor,0.91,44.76,6.82,48.6,754.0,idle,56.55,13.5,22.06,0,none,0.0
2059-03-10,M11,Compressor,2.4,56.23,13.5,106.4,1761.8,normal,56.87,8.7,21.74,0,none,0.0
2059-03-11,M11,Compressor,1.1,50.54,6.15,48.0,726.5,idle,56.9,13.8,21.71,0,none,0.0
2059-03-12,M11,Compressor,2.31,57.65,15.5,104.8,1664.2,normal,57.15,12.8,21.46,0,none,0.0
2059-03-13,M11,Compressor,2.13,62.57,13.72,116.7,1732.1,normal,57.3,17.4,21.31,0,none,0.0
2059-03-14,M11,Compressor,2.27,63.66,14.04,116.7,1771.4,normal,57.43,10.2,21.17,0,none,0.0
2059-03-15,M11,Compressor,2.46,65.43,15.12,111.6,1812.7,normal,57.87,10.2,20.74,0,none,0.0
2059-03-16,M11,Compressor,2.11,66.75,13.37,100.3,1789.0,normal,58.37,12.2,20.24,0,none,0.0
2059-03-17,M11,Compressor,2.3,57.66,13.65,100.6,1668.1,normal,58.4,9.0,20.21,0,none,0.0
2059-03-18,M11,Compressor,0.94,48.56,6.56,47.9,742.1,idle,58.77,11.5,47.9,0,none,0.0
2059-03-19,M11,Compressor,1.1,46.78,5.68,49.6,752.1,idle,59.15,12.9,47.51,0,none,0.0
2059-03-20,M11,Compressor,1.11,47.36,6.66,42.9,770.7,idle,59.33,16.5,47.33,0,none,0.0
2059-03-21,M11,Compressor,2.26,51.55,13.3,108.9,1697.8,normal,59.67,12.8,47.0,0,none,0.0
2059-03-22,M11,Compressor,2.68,65.73,15.09,115.2,1799.2,normal,59.87,16.2,46.8,0,none,0.0
2059-03-23,M11,Compressor,2.64,67.13,15.43,102.5,1685.0,normal,60.0,8.8,46.66,0,none,0.0
2059-03-24,M11,Compressor,1.08,45.46,15.43,48.2,757.8,idle,60.17,8.1,46.5,0,none,0.0
2059-03-25,M11,Compressor,2.58,67.71,14.79,105.8,1694.3,normal,60.58,10.7,46.08,0,none,0.0
2059-03-26,M11,Compressor,2.42,55.68,13.21,101.5,1788.0,normal,60.83,14.5,45.83,0,none,0.0
2059-03-27,M11,Compressor,1.13,49.74,6.92,44.1,752.7,idle,61.12,10.4,45.55,0,none,0.0
2059-03-28,M11,Compressor,0.99,52.03,6.24,43.4,732.2,idle,61.5,11.5,45.16,0,none,0.0
2059-03-29,M11,Compressor,1.17,45.85,6.98,45.0,732.7,idle,61.8,9.2,44.86,0,none,0.0
2059-03-30,M11,Compressor,1.08,48.4,6.42,45.0,744.1,idle,62.28,10.1,44.38,0,none,0.0
2059-03-31,M11,Compressor,1.1,47.44,6.17,45.7,744.1,idle,62.37,13.9,44.3,0,none,0.0
2059-04-01,M11,Compressor,1.04,51.3,6.62,44.4,744.6,idle,62.48,16.8,44.18,0,none,0.0
2059-04-02,M11,Compressor,1.22,45.38,6.83,46.1,754.0,idle,62.58,17.8,44.08,0,none,0.0
2059-04-03,M11,Compressor,1.18,49.01,5.89,49.3,760.9,idle,63.02,8.5,43.65,0,none,0.0
2059-04-04,M11,Compressor,1.15,48.97,6.36,48.6,717.4,idle,63.07,13.2,43.6,0,none,0.0
2059-04-05,M11,Compressor,1.22,45.8,6.54,44.7,757.1,idle,63.25,8.9,43.41,0,none,0.0
2059-04-06,M11,Compressor,1.06,49.94,6.91,46.0,721.5,idle,63.43,16.3,43.23,0,none,0.0
2059-04-07,M11,Compressor,1.06,50.57,5.72,42.6,741.6,idle,63.78,15.7,42.88,0,none,0.0
2059-04-08,M11,Compressor,1.09,47.24,6.35,44.2,729.2,idle,63.82,8.7,42.85,0,none,0.0
2059-04-09,M11,Compressor,1.17,48.04,5.75,47.5,750.8,idle,64.15,17.7,42.51,0,none,0.0
2059-04-10,M11,Compressor,1.1,50.39,7.09,49.6,747.6,idle,64.2,13.2,42.46,0,none,0.0
2059-04-11,M11,Compressor,1.08,49.46,5.67,45.3,769.9,idle,64.4,12.4,42.26,0,none,0.0
2059-04-12,M11,Compressor,1.18,50.33,5.89,42.1,774.6,idle,64.83,14.3,41.83,0,none,0.0
2059-04-13,M11,Compressor,1.17,48.29,6.53,48.0,730.0,idle,65.25,10.4,41.41,0,none,0.0
2059-04-14,M11,Compressor,1.21,48.79,6.4,43.3,745.3,idle,65.48,10.3,41.18,0,none,0.0
2059-04-15,M11,Compressor,1.11,52.96,6.63,49.5,750.3,idle,65.82,8.3,40.85,0,none,0.0
2059-04-16,M11,Compressor,1.16,50.21,6.7,45.0,747.3,idle,66.17,10.1,40.5,0,none,0.0
2059-04-17,M11,Compressor,1.16,52.67,7.08,44.5,761.3,idle,66.5,17.5,40.16,0,none,0.0
2059-04-18,M11,Compressor,1.15,48.49,6.4,45.1,750.8,idle,66.73,13.2,39.93,0,none,0.0
2059-04-19,M11,Compressor,1.27,47.25,5.89,42.4,770.5,idle,66.83,17.6,39.83,0,none,0.0
2059-04-20,M11,Compressor,1.3,53.46,6.53,42.4,751.0,idle,67.05,17.3,39.61,0,none,0.0
2059-04-21,M11,Compressor,1.27,49.99,6.53,47.2,750.2,idle,67.37,14.5,39.3,0,none,0.0
2059-04-22,M11,Compressor,1.19,53.37,6.69,46.3,757.7,idle,67.77,14.3,38.9,0,none,0.0
2059-04-23,M11,Compressor,1.2,54.23,6.14,44.1,761.5,idle,67.85,17.0,38.81,0,none,0.0
2059-04-24,M11,Compressor,1.2,53.64,6.14,46.4,761.5,idle,68.22,15.6,38.45,0,none,0.0
2059-04-25,M11,Compressor,3.23,56.09,15.88,104.3,1712.3,normal,68.57,15.5,38.1,0,none,0.0
2059-04-26,M11,Compressor,3.23,70.76,15.67,106.2,1787.2,normal,68.9,14.6,37.76,0,none,0.0
2059-04-27,M11,Compressor,3.41,62.85,14.17,107.2,1686.7,normal,69.08,9.8,37.58,0,none,0.0
2059-04-28,M11,Compressor,3.1,69.77,14.31,116.0,1788.7,normal,69.42,14.2,37.25,0,none,0.0
2059-04-29,M11,Compressor,3.38,63.0,15.08,116.0,1638.2,normal,69.88,15.3,36.78,0,none,0.0
2059-04-30,M11,Compressor,1.42,51.78,6.39,48.1,727.3,idle,70.03,9.4,36.63,0,none,0.0
2059-05-01,M11,Compressor,3.48,66.04,15.24,108.1,1665.6,normal,70.35,12.5,36.31,0,none,0.0
2059-05-02,M11,Compressor,4.63,73.23,18.95,152.3,2534.6,peak,70.6,11.9,36.06,0,none,0.0
2059-05-03,M11,Compressor,3.34,64.88,14.26,152.3,1761.0,normal,70.85,14.3,35.81,0,none,0.0
2059-05-04,M11,Compressor,3.21,57.23,13.89,107.6,1743.0,normal,71.32,15.3,35.35,0,none,0.0
2059-05-05,M11,Compressor,4.36,67.49,21.37,148.1,2420.8,peak,71.65,17.0,35.01,0,none,0.0
2059-05-06,M11,Compressor,3.41,67.25,15.41,112.8,1724.4,normal,72.12,10.0,34.55,0,none,0.0
2059-05-07,M11,Compressor,3.62,69.23,15.86,109.4,1792.6,normal,72.58,14.5,34.08,0,none,0.0
2059-05-08,M11,Compressor,3.06,57.97,15.91,115.7,1762.6,normal,72.92,17.7,33.75,0,none,0.0
2059-05-09,M11,Compressor,3.7,62.16,16.26,100.2,1781.8,normal,73.23,12.6,33.43,0,none,0.0
2059-05-10,M11,Compressor,3.7,49.92,7.01,44.4,722.0,idle,73.42,14.5,33.25,0,none,0.0
2059-05-11,M11,Compressor,3.2,55.15,15.83,107.2,1788.4,normal,73.45,13.1,33.21,0,none,0.0
2059-05-12,M11,Compressor,3.41,69.88,16.39,95.6,1641.8,normal,73.7,14.9,32.96,0,none,0.0
2059-05-13,M11,Compressor,1.44,55.76,7.19,44.9,720.3,idle,74.03,14.3,32.63,0,none,0.0
2059-05-14,M11,Compressor,1.59,53.73,5.92,44.9,764.6,idle,74.52,12.5,32.15,0,none,0.0
2059-05-15,M11,Compressor,3.17,60.11,16.05,109.6,1788.1,normal,74.55,15.5,32.11,0,none,0.0
2059-05-16,M11,Compressor,3.84,58.22,15.67,111.3,1641.0,normal,74.7,16.8,31.96,0,none,0.0
2059-05-17,M11,Compressor,3.23,65.35,14.96,108.6,1661.9,normal,74.98,17.3,31.68,0,none,0.0
2059-05-18,M11,Compressor,3.62,62.1,16.27,102.7,1766.9,normal,75.3,11.3,31.36,0,none,0.0
2059-05-19,M11,Compressor,3.49,65.66,14.68,115.2,1762.1,normal,75.45,16.7,31.21,0,none,0.0
2059-05-20,M11,Compressor,1.62,54.39,6.38,47.1,763.9,idle,75.52,13.1,31.15,0,none,0.0
2059-05-21,M11,Compressor,3.7,72.5,14.73,116.2,1740.9,normal,75.57,16.3,31.1,0,none,0.0
2059-05-22,M11,Compressor,1.63,55.04,6.66,47.5,762.1,idle,75.8,12.9,30.86,0,none,0.0
2059-05-23,M11,Compressor,3.57,72.59,14.07,95.3,1702.4,normal,76.13,15.0,30.53,0,none,0.0
2059-05-24,M11,Compressor,1.67,51.59,7.03,46.4,723.7,idle,76.62,13.6,30.05,0,none,0.0
2059-05-25,M11,Compressor,3.52,57.04,15.43,106.2,1666.8,normal,76.97,8.3,29.7,0,none,0.0
2059-05-26,M11,Compressor,4.08,70.5,15.41,108.0,1650.6,normal,77.12,9.6,29.55,0,none,0.0
2059-05-27,M11,Compressor,3.84,73.02,15.41,97.1,1626.7,normal,77.38,12.4,29.28,0,none,0.0
2059-05-28,M11,Compressor,4.09,59.47,15.5,96.9,1758.3,normal,77.43,14.2,29.23,0,none,0.0
2059-05-29,M11,Compressor,3.43,67.49,15.5,98.9,1702.9,normal,77.55,16.4,29.11,0,none,0.0
2059-05-30,M11,Compressor,3.38,59.46,14.4,96.0,1779.1,normal,77.68,11.8,28.98,0,none,0.0
2059-05-31,M11,Compressor,3.74,71.49,15.02,96.1,1732.7,normal,77.97,9.1,28.7,0,none,0.0
2059-06-01,M11,Compressor,3.43,66.13,14.45,111.8,1764.6,normal,78.45,10.7,28.21,0,none,0.0
2059-06-02,M11,Compressor,4.2,65.79,15.53,111.8,1743.5,normal,78.8,17.3,27.86,0,none,0.0
2059-06-03,M11,Compressor,4.22,64.26,16.25,114.9,1745.7,normal,79.03,15.5,27.63,0,none,0.0
2059-06-04,M11,Compressor,4.22,60.32,16.16,98.6,1733.1,normal,79.3,17.2,27.36,0,none,0.0
2059-06-05,M11,Compressor,3.47,73.05,16.38,112.1,1629.9,normal,79.48,12.1,27.18,0,none,0.0
2059-06-06,M11,Compressor,1.76,57.56,7.1,49.8,709.7,idle,79.65,8.9,27.01,0,none,0.0
2059-06-07,M11,Compressor,4.09,66.14,14.55,111.5,1746.1,normal,80.07,10.3,26.6,0,none,0.0
2059-06-08,M11,Compressor,1.56,57.11,6.15,46.7,750.6,idle,80.28,11.6,26.38,0,none,0.0
2059-06-09,M11,Compressor,3.66,67.18,15.35,110.2,1682.6,normal,80.7,16.1,25.96,0,none,0.0
2059-06-10,M11,Compressor,1.62,53.04,7.44,110.2,710.4,idle,81.08,16.2,25.58,0,none,0.0
2059-06-11,M11,Compressor,3.68,58.43,14.28,99.0,1642.9,normal,81.4,16.6,25.26,0,none,0.0
2059-06-12,M11,Compressor,1.63,52.13,14.28,46.3,745.0,idle,81.5,14.5,25.16,0,none,0.0
2059-06-13,M11,Compressor,1.63,67.27,15.46,110.8,745.0,normal,81.85,8.5,24.81,0,none,0.0
2059-06-14,M11,Compressor,1.78,51.76,15.46,46.2,729.0,idle,81.93,11.7,24.73,0,none,0.0
2059-06-15,M11,Compressor,1.75,56.68,6.1,45.8,750.3,idle,82.02,9.0,24.65,0,none,0.0
2059-06-16,M11,Compressor,4.11,58.54,16.4,118.5,1751.0,normal,82.1,12.3,24.56,0,none,0.0
2059-06-17,M11,Compressor,3.99,67.11,15.92,112.9,1719.3,normal,82.6,10.3,24.06,0,none,0.0
2059-06-18,M11,Compressor,3.88,72.8,16.66,112.9,1629.7,normal,83.08,11.2,23.58,1,bearing,4252.0
2059-06-19,M11,Compressor,1.8,54.55,7.29,44.5,716.9,idle,83.27,12.9,23.4,1,bearing,2651.0
2059-06-20,M11,Compressor,4.5,68.88,14.58,112.2,1731.7,normal,83.63,14.6,23.03,1,bearing,4679.0
2059-06-21,M11,Compressor,5.59,82.16,21.52,163.8,2394.7,peak,83.67,13.4,23.0,1,bearing,4564.0
2059-06-22,M11,Compressor,4.31,67.26,17.12,105.2,1636.0,normal,84.08,8.7,22.58,1,bearing,4887.0
2059-06-23,M11,Compressor,4.53,58.75,16.83,97.8,1700.7,normal,84.23,11.2,22.43,1,bearing,2747.0
2059-06-24,M11,Compressor,1.87,54.72,7.49,46.8,723.8,idle,84.35,11.2,22.31,1,bearing,4254.0
2059-06-25,M11,Compressor,1.75,54.72,7.15,44.9,719.4,idle,84.4,14.3,22.26,1,bearing,3909.0
2059-06-26,M11,Compressor,1.97,54.3,7.55,49.8,748.5,idle,84.63,10.4,22.03,1,bearing,3346.0
2059-06-27,M11,Compressor,1.64,59.2,6.46,44.8,758.1,idle,85.07,9.5,21.6,1,bearing,3731.0
2059-06-28,M11,Compressor,4.22,70.15,15.32,104.2,1702.8,normal,85.42,11.6,21.25,1,bearing,3642.0
2059-06-29,M11,Compressor,2.02,54.76,6.53,42.2,711.4,idle,85.85,8.5,20.81,1,bearing,2815.0
2059-06-30,M11,Compressor,4.14,54.76,16.05,98.2,1687.3,normal,86.05,16.7,20.61,1,bearing,4427.0
2059-07-01,M11,Compressor,1.76,60.2,6.65,42.7,747.8,idle,86.53,17.5,20.13,1,bearing,3046.0
2059-07-02,M11,Compressor,1.84,59.34,6.67,46.0,724.9,idle,86.77,13.4,19.9,1,bearing,3329.0
2059-07-03,M11,Compressor,1.91,56.13,6.99,47.4,722.7,idle,87.22,10.7,19.45,1,bearing,3095.0
2059-07-04,M11,Compressor,1.98,58.72,7.41,45.8,698.6,idle,87.48,9.1,19.18,1,bearing,4651.0
2059-07-05,M11,Compressor,2.01,58.72,7.27,46.2,730.6,idle,87.9,15.7,18.76,1,bearing,4594.0
2059-07-06,M11,Compressor,1.98,61.24,6.28,42.2,753.9,idle,88.27,17.4,18.4,1,bearing,3527.0
2059-07-07,M11,Compressor,1.91,58.24,7.46,47.9,735.2,idle,88.55,16.1,18.11,1,bearing,3383.0
2059-07-08,M11,Compressor,1.91,58.24,7.42,47.9,735.2,idle,88.92,10.1,17.75,1,bearing,4779.0
2059-07-09,M11,Compressor,1.87,56.7,7.33,45.2,711.0,idle,89.13,10.8,17.53,1,bearing,4794.0
2059-07-10,M11,Compressor,1.79,60.4,6.92,44.6,727.6,idle,89.57,16.7,17.1,1,bearing,3259.0
2059-07-11,M11,Compressor,1.82,56.92,7.49,47.9,741.4,idle,89.82,13.7,16.85,1,bearing,3275.0
2059-07-12,M11,Compressor,1.96,56.71,7.63,43.4,738.7,idle,89.9,9.6,16.76,1,bearing,4842.0
2059-07-13,M11,Compressor,2.14,56.1,6.56,46.1,709.0,idle,90.07,15.9,16.6,1,bearing,3219.0
2059-07-14,M11,Compressor,2.13,55.9,6.76,49.1,708.1,idle,90.47,13.1,16.2,1,bearing,2503.0
2059-07-15,M11,Compressor,5.1,63.87,17.34,102.9,1635.0,normal,90.95,18.0,15.71,1,bearing,4104.0
2059-07-16,M11,Compressor,2.01,57.08,6.58,44.7,737.0,idle,91.07,14.9,15.6,1,bearing,3526.0
2059-07-17,M11,Compressor,2.17,60.85,7.55,42.0,720.1,idle,91.55,17.1,15.11,1,bearing,3976.0
2059-07-18,M11,Compressor,1.89,54.92,7.51,48.4,742.4,idle,91.72,10.8,14.95,1,bearing,4708.0
2059-07-19,M11,Compressor,2.21,59.16,7.97,45.9,746.1,idle,92.07,13.4,14.6,1,bearing,4670.0
2059-07-20,M11,Compressor,6.32,68.57,23.24,147.5,2329.8,peak,92.57,10.4,14.1,1,bearing,3570.0
2059-07-21,M11,Compressor,4.56,74.91,17.51,103.3,1750.8,normal,93.0,16.9,13.66,1,bearing,3921.0
2059-07-22,M11,Compressor,5.2,64.87,16.55,119.5,1729.7,normal,93.23,10.0,13.43,1,bearing,3149.0
2059-07-23,M11,Compressor,4.76,66.41,17.24,119.5,1616.9,normal,93.53,12.7,13.13,1,bearing,3836.0
2059-07-24,M11,Compressor,4.75,72.93,15.35,112.5,1705.7,normal,93.92,14.1,12.75,1,bearing,3763.0
2059-07-25,M11,Compressor,4.73,68.26,17.61,113.7,1717.9,normal,94.18,15.6,12.48,1,bearing,4057.0
2059-07-26,M11,Compressor,4.73,65.01,16.64,114.3,1589.2,normal,94.4,12.3,12.26,1,bearing,4563.0
2059-07-27,M11,Compressor,1.96,59.06,7.09,49.9,698.3,idle,94.73,14.5,11.93,1,bearing,2878.0
2059-07-28,M11,Compressor,4.82,75.98,16.72,109.0,1709.0,normal,94.87,15.4,11.8,1,bearing,4001.0
2059-07-29,M11,Compressor,4.52,78.38,15.52,97.0,1643.1,normal,94.92,9.7,11.75,1,bearing,4711.0
2059-07-30,M11,Compressor,7.32,71.04,20.97,146.2,2358.1,peak,95.17,11.1,11.5,1,bearing,3696.0
2059-07-31,M11,Compressor,4.67,68.22,15.49,103.6,1659.3,normal,95.53,12.4,11.13,1,bearing,2707.0
2059-08-01,M11,Compressor,2.27,57.46,7.17,48.5,748.9,idle,95.92,16.2,10.75,1,bearing,4704.0
2059-08-02,M11,Compressor,5.16,69.46,16.85,107.2,1612.7,normal,96.03,13.8,10.63,1,bearing,3980.0
2059-08-03,M11,Compressor,5.07,79.4,16.89,102.1,1739.9,normal,96.35,13.2,10.31,1,bearing,3685.0
2059-08-04,M11,Compressor,5.0,68.87,16.89,109.2,1632.2,normal,96.58,16.8,10.08,1,bearing,3374.0
2059-08-05,M11,Compressor,5.11,67.91,17.2,98.1,1706.9,normal,96.82,12.0,9.85,1,bearing,3499.0
2059-08-06,M11,Compressor,2.04,58.38,6.95,49.9,725.3,idle,96.85,10.9,9.81,1,bearing,2671.0
2059-08-07,M11,Compressor,5.47,71.96,17.93,99.4,1683.0,normal,96.93,15.4,9.73,1,bearing,3123.0
2059-08-08,M11,Compressor,2.34,61.08,7.95,46.8,738.7,idle,97.23,10.4,9.43,1,bearing,3349.0
2059-08-09,M11,Compressor,2.08,58.28,7.17,48.8,715.3,idle,97.63,11.1,9.03,1,bearing,2701.0
2059-08-10,M11,Compressor,2.29,59.44,7.81,43.6,724.7,idle,97.93,10.8,8.73,1,bearing,4546.0
2059-08-11,M11,Compressor,5.34,69.59,17.19,95.7,1719.4,normal,98.12,14.3,8.55,1,bearing,4274.0
2059-08-12,M11,Compressor,7.21,83.33,22.42,148.8,2374.9,peak,98.57,10.5,8.1,1,bearing,3411.0
2059-08-13,M11,Compressor,7.87,81.69,22.9,163.8,2377.4,peak,99.05,8.3,7.61,1,bearing,2889.0
2059-08-14,M11,Compressor,2.2,57.8,6.56,44.8,695.0,idle,99.1,14.9,7.56,1,bearing,4090.0
2059-08-15,M11,Compressor,5.29,78.19,6.56,107.0,1621.3,normal,99.35,11.8,7.31,1,bearing,3232.0
2059-08-16,M11,Compressor,7.08,72.3,23.74,156.8,2339.4,peak,99.78,13.2,6.88,1,bearing,3986.0
2059-08-17,M11,Compressor,5.29,73.24,17.48,156.8,1622.7,normal,100.25,8.7,6.41,1,bearing,2510.0
2059-08-18,M11,Compressor,5.7,72.34,17.78,100.3,1703.3,normal,100.57,12.5,6.1,1,bearing,4049.0
2059-08-19,M11,Compressor,5.04,73.66,16.11,97.5,1678.1,normal,100.67,13.7,6.0,1,bearing,2811.0
2059-08-20,M11,Compressor,2.33,61.15,7.52,45.0,726.6,idle,101.1,14.3,5.56,1,bearing,4594.0
2059-08-21,M11,Compressor,5.06,61.15,17.02,107.2,1597.5,normal,101.28,8.8,5.38,1,bearing,4067.0
2059-08-22,M11,Compressor,7.43,74.36,22.34,164.1,2467.3,peak,101.7,12.1,4.96,1,bearing,2679.0
2059-08-23,M11,Compressor,2.38,59.23,8.11,48.0,689.6,idle,102.12,8.6,4.55,1,bearing,4095.0
2059-08-24,M11,Compressor,5.58,74.63,15.58,96.2,1649.6,normal,102.62,12.2,4.05,1,bearing,2572.0
2059-08-25,M11,Compressor,5.01,64.69,15.89,117.8,1698.1,normal,102.98,10.6,3.68,1,bearing,3874.0
2059-08-26,M11,Compressor,5.57,72.52,17.45,106.9,1584.0,normal,103.12,14.3,3.55,1,bearing,2933.0
2059-08-27,M11,Compressor,2.52,58.5,7.4,48.9,693.0,idle,103.58,16.9,3.08,1,bearing,3049.0
2059-08-28,M11,Compressor,5.93,65.02,18.41,112.0,1728.9,normal,104.08,8.7,2.58,1,bearing,2597.0
2059-08-29,M11,Compressor,5.9,68.63,18.24,110.7,1664.8,normal,104.33,12.9,2.33,1,bearing,4729.0
2059-08-30,M11,Compressor,5.62,69.45,17.07,104.2,1709.4,normal,104.52,12.7,2.15,1,bearing,3404.0
2059-08-31,M11,Compressor,2.23,62.72,8.05,42.2,701.4,idle,105.0,17.1,1.66,1,bearing,4263.0
2059-09-01,M11,Compressor,5.23,75.26,16.46,119.0,1669.7,normal,105.22,9.8,1.45,1,bearing,3621.0
2059-09-02,M11,Compressor,5.23,75.26,6.98,46.5,716.0,idle,105.32,15.7,1.35,1,bearing,4843.0
2059-09-03,M11,Compressor,5.23,81.4,17.63,117.2,1728.5,normal,105.45,15.4,1.21,1,bearing,2557.0
2059-09-04,M11,Compressor,5.78,79.17,17.27,119.4,1609.1,normal,105.72,8.7,0.95,1,bearing,2562.0
2059-09-05,M11,Compressor,5.24,68.17,15.95,105.9,1581.0,normal,106.1,9.7,0.56,1,bearing,4612.0
2059-09-06,M11,Compressor,5.5,66.62,17.04,101.7,1644.2,normal,106.32,10.4,0.5,1,bearing,2604.0
2059-09-07,M11,Compressor,5.34,74.26,15.99,97.5,1617.8,normal,106.53,15.5,0.5,1,bearing,4243.0
2059-09-08,M11,Compressor,2.54,64.19,15.4,106.5,1703.1,normal,0.0,14.6,77.58,0,none,0.0
2059-09-09,M11,Compressor,1.09,47.05,5.51,48.6,730.1,idle,0.43,15.6,77.14,0,none,0.0
2059-09-10,M11,Compressor,1.04,44.12,5.67,45.9,724.1,idle,0.6,15.6,76.98,0,none,0.0
2059-09-11,M11,Compressor,1.08,50.0,5.99,46.8,762.9,idle,0.82,16.1,76.76,0,none,0.0
2059-09-12,M11,Compressor,1.05,47.17,6.85,49.5,731.7,idle,0.93,16.0,76.64,0,none,0.0
2059-09-13,M11,Compressor,1.08,49.7,6.83,49.5,731.7,idle,1.25,10.9,76.33,0,none,0.0
2059-09-14,M11,Compressor,0.95,50.01,6.37,45.9,761.6,idle,1.68,9.6,75.89,0,none,0.0
2059-09-15,M11,Compressor,1.01,50.12,6.79,48.4,738.5,idle,2.15,13.1,75.43,0,none,0.0
2059-09-16,M11,Compressor,2.59,61.7,13.81,96.1,1818.0,normal,2.53,8.7,75.04,0,none,0.0
2059-09-17,M11,Compressor,1.02,45.82,6.24,45.2,777.1,idle,2.98,8.5,74.59,0,none,0.0
2059-09-18,M11,Compressor,1.0,47.88,6.69,45.1,731.8,idle,3.32,14.8,74.26,0,none,0.0
2059-09-19,M11,Compressor,2.48,66.38,13.11,116.5,1724.4,normal,3.42,12.4,74.16,0,none,0.0
2059-09-20,M11,Compressor,2.24,50.71,13.51,103.3,1662.0,normal,3.65,9.2,73.93,0,none,0.0
2059-09-21,M11,Compressor,2.24,63.26,14.72,114.2,1678.1,normal,4.12,14.1,73.46,0,none,0.0
2059-09-22,M11,Compressor,2.12,58.43,13.86,114.4,1741.6,normal,4.23,8.5,73.34,0,none,0.0
2059-09-23,M11,Compressor,1.09,44.49,6.05,45.2,727.5,idle,4.43,12.8,73.14,0,none,0.0
2059-09-24,M11,Compressor,3.35,55.8,20.85,145.8,2574.7,peak,4.58,9.4,72.99,0,none,0.0
2059-09-25,M11,Compressor,3.04,64.13,18.62,147.7,2544.2,peak,5.0,8.6,72.58,0,none,0.0
2059-09-26,M11,Compressor,2.49,63.31,14.01,119.8,1707.8,normal,5.5,10.4,72.08,0,none,0.0
2059-09-27,M11,Compressor,0.95,51.97,6.97,119.8,732.5,idle,5.65,14.9,71.93,0,none,0.0
2059-09-28,M11,Compressor,2.22,59.38,14.94,96.9,1766.9,normal,5.77,15.4,71.81,0,none,0.0
2059-09-29,M11,Compressor,2.15,65.19,14.33,119.7,1778.0,normal,5.88,14.0,71.69,0,none,0.0
2059-09-30,M11,Compressor,2.35,52.54,14.36,97.9,1803.9,normal,6.35,17.7,71.23,0,none,0.0
2059-10-01,M11,Compressor,2.22,65.58,13.76,100.5,1701.7,normal,6.67,17.6,70.91,0,none,0.0
2059-10-02,M11,Compressor,2.45,59.45,13.27,98.4,1714.3,normal,6.85,17.1,70.73,0,none,0.0
2059-10-03,M11,Compressor,0.97,50.81,6.36,43.5,721.7,idle,7.23,12.8,70.34,0,none,0.0
2059-10-04,M11,Compressor,2.15,62.61,15.12,114.6,1784.3,normal,7.47,10.1,70.11,0,none,0.0
2059-10-05,M11,Compressor,2.23,67.8,13.22,115.5,1666.5,normal,7.8,9.5,69.78,0,none,0.0
2059-10-06,M11,Compressor,2.23,58.92,13.13,104.8,1709.5,normal,8.22,11.6,69.36,0,none,0.0
2059-10-07,M11,Compressor,2.42,62.92,13.23,96.0,1781.9,normal,8.52,10.2,69.06,0,none,0.0
2059-10-08,M11,Compressor,2.36,59.62,15.45,105.9,1683.3,normal,8.55,14.4,69.03,0,none,0.0
2059-10-09,M11,Compressor,2.44,59.62,14.26,112.3,1737.4,normal,9.02,13.6,68.56,0,none,0.0
2059-10-10,M11,Compressor,2.3,50.62,13.43,107.0,1717.4,normal,9.38,9.3,68.19,0,none,0.0
2059-10-11,M11,Compressor,2.52,51.95,13.13,97.2,1765.3,normal,9.75,11.2,67.83,0,none,0.0
2059-10-12,M11,Compressor,2.4,61.38,13.39,107.9,1780.5,normal,9.78,8.6,67.79,0,none,0.0
2059-10-13,M11,Compressor,2.44,57.9,13.26,116.8,1739.5,normal,10.25,14.7,67.33,0,none,0.0
2059-10-14,M11,Compressor,2.54,57.9,13.59,102.7,1721.1,normal,10.73,9.1,66.84,0,none,0.0
2059-10-15,M11,Compressor,2.41,63.84,13.61,99.7,1684.5,normal,11.07,11.1,66.51,0,none,0.0
2059-10-16,M11,Compressor,2.57,52.95,13.86,107.2,1744.5,normal,11.38,10.1,66.19,0,none,0.0
2059-10-17,M11,Compressor,2.53,52.03,13.27,102.9,1720.2,normal,11.67,8.6,65.91,0,none,0.0
2059-10-18,M11,Compressor,2.29,57.05,15.13,115.9,1786.9,normal,11.72,10.9,65.86,0,none,0.0
2059-10-19,M11,Compressor,2.48,50.73,13.37,113.3,1751.1,normal,12.0,10.3,65.58,0,none,0.0
2059-10-20,M11,Compressor,1.03,49.74,6.87,47.1,736.5,idle,12.08,12.7,65.49,0,none,0.0
2059-10-21,M11,Compressor,3.05,63.64,20.84,150.6,2424.0,peak,12.37,16.5,65.21,0,none,0.0
2059-10-22,M11,Compressor,2.6,57.54,13.54,99.1,1796.7,normal,12.4,15.1,65.18,0,none,0.0
2059-10-23,M11,Compressor,2.51,61.04,14.37,118.8,1688.8,normal,12.62,14.8,64.96,0,none,0.0
2059-10-24,M11,Compressor,0.98,44.2,6.13,45.1,777.0,idle,12.92,17.2,64.66,0,none,0.0
2059-10-25,M11,Compressor,2.28,65.03,14.92,98.7,1813.7,normal,13.22,14.7,64.36,0,none,0.0
2059-10-26,M11,Compressor,1.03,48.77,5.52,47.6,723.3,idle,13.5,12.8,64.08,0,none,0.0
2059-10-27,M11,Compressor,2.19,51.78,13.95,114.9,1770.2,normal,13.93,11.8,63.64,0,none,0.0
2059-10-28,M11,Compressor,3.06,70.97,19.84,114.9,2444.8,peak,14.17,12.4,63.41,0,none,0.0
2059-10-29,M11,Compressor,2.49,63.2,13.47,96.0,1700.2,normal,14.32,15.3,63.26,0,none,0.0
2059-10-30,M11,Compressor,2.5,66.89,14.43,97.3,1735.3,normal,14.75,16.8,62.83,0,none,0.0
2059-10-31,M11,Compressor,2.6,66.9,15.48,112.5,1722.4,normal,15.03,9.5,62.54,0,none,0.0
2059-11-01,M11,Compressor,2.55,66.11,13.36,114.4,1806.3,normal,15.35,8.0,62.23,0,none,0.0
2059-11-02,M11,Compressor,2.55,62.72,14.34,114.4,1737.8,normal,15.6,10.1,61.98,0,none,0.0
2059-11-03,M11,Compressor,2.26,54.66,14.35,106.4,1739.2,normal,15.97,16.4,61.61,0,none,0.0
2059-11-04,M11,Compressor,0.95,48.72,6.49,48.5,755.4,idle,16.07,14.8,61.51,0,none,0.0
2059-11-05,M11,Compressor,2.48,53.05,13.3,99.5,1793.9,normal,16.4,8.0,61.18,0,none,0.0
2059-11-06,M11,Compressor,2.38,58.2,14.91,98.1,1651.1,normal,16.53,15.7,61.04,0,none,0.0
2059-11-07,M11,Compressor,2.26,54.48,13.77,119.3,1746.5,normal,16.62,9.4,60.96,0,none,0.0
2059-11-08,M11,Compressor,1.02,49.25,6.1,49.8,778.4,idle,16.97,11.3,60.61,0,none,0.0
2059-11-09,M11,Compressor,2.48,53.81,15.2,97.5,1757.1,normal,17.23,14.9,60.34,0,none,0.0
2059-11-10,M11,Compressor,2.33,50.71,15.26,119.0,1804.3,normal,17.48,10.9,60.09,0,none,0.0
2059-11-11,M11,Compressor,3.12,61.66,21.82,147.1,2516.7,peak,17.8,10.2,59.78,0,none,0.0
2059-11-12,M11,Compressor,2.34,52.73,15.22,147.1,1750.8,normal,18.22,10.0,59.36,0,none,0.0
2059-11-13,M11,Compressor,2.26,57.52,13.53,110.6,1818.1,normal,18.5,12.6,59.08,0,none,0.0
2059-11-14,M11,Compressor,2.52,62.3,14.89,116.0,1730.3,normal,18.6,14.5,58.98,0,none,0.0
2059-11-15,M11,Compressor,2.38,66.12,14.74,98.4,1782.5,normal,18.67,10.4,58.91,0,none,0.0
2059-11-16,M11,Compressor,2.38,65.26,14.97,115.8,1654.0,normal,18.9,9.6,58.68,0,none,0.0
2059-11-17,M11,Compressor,2.59,61.05,15.0,109.2,1707.8,normal,19.37,13.2,58.21,0,none,0.0
2059-11-18,M11,Compressor,0.96,44.56,6.31,43.1,754.0,idle,19.8,8.1,57.78,0,none,0.0
2059-11-19,M11,Compressor,1.02,47.54,5.73,45.5,772.7,idle,20.15,11.6,57.43,0,none,0.0
2059-11-20,M11,Compressor,0.99,46.74,6.44,47.0,725.4,idle,20.5,15.4,57.08,0,none,0.0
2059-11-21,M11,Compressor,0.95,47.96,6.44,44.6,746.7,idle,21.0,8.4,56.58,0,none,0.0
2059-11-22,M11,Compressor,0.96,46.78,6.66,46.1,772.4,idle,21.37,11.5,56.21,0,none,0.0
2059-11-23,M11,Compressor,1.09,51.38,5.88,45.8,752.1,idle,21.48,13.6,56.09,0,none,0.0
2059-11-24,M11,Compressor,2.53,60.06,13.63,108.7,1657.5,normal,21.75,10.9,55.83,0,none,0.0
2059-11-25,M11,Compressor,1.07,48.53,6.48,43.6,753.5,idle,22.23,8.8,55.34,0,none,0.0
2059-11-26,M11,Compressor,1.01,48.96,6.77,48.1,752.8,idle,22.58,12.9,54.99,0,none,0.0
2059-11-27,M11,Compressor,1.08,46.87,6.24,47.2,746.5,idle,23.0,17.8,54.58,0,none,0.0
2059-11-28,M11,Compressor,0.97,44.9,6.45,43.5,728.3,idle,23.17,10.0,54.41,0,none,0.0
2059-11-29,M11,Compressor,0.94,49.51,5.71,49.8,765.5,idle,23.65,16.6,53.93,0,none,0.0
2059-11-30,M11,Compressor,0.98,48.75,5.51,48.8,736.3,idle,23.7,13.9,53.88,0,none,0.0
2059-12-01,M11,Compressor,0.91,50.06,5.99,46.5,770.6,idle,24.05,17.8,53.53,0,none,0.0
2059-12-02,M11,Compressor,1.06,46.69,6.8,45.1,750.0,idle,24.32,14.0,53.26,0,none,0.0
2059-12-03,M11,Compressor,1.02,44.57,6.4,46.6,772.4,idle,24.53,11.9,53.04,0,none,0.0
2059-12-04,M11,Compressor,0.97,45.94,6.21,47.5,753.7,idle,25.02,12.8,52.56,0,none,0.0
2059-12-05,M11,Compressor,0.93,46.78,5.6,47.9,773.0,idle,25.28,11.8,52.29,0,none,0.0
2059-12-06,M11,Compressor,2.12,59.46,14.41,106.0,1735.5,normal,25.72,14.6,51.86,0,none,0.0
2059-12-07,M11,Compressor,1.04,47.87,6.88,46.3,724.3,idle,26.15,8.2,51.43,0,none,0.0
2059-12-08,M11,Compressor,1.09,45.17,6.68,46.2,764.5,idle,26.43,17.0,51.14,0,none,0.0
2059-12-09,M11,Compressor,2.36,51.06,13.94,110.5,1756.9,normal,26.75,15.3,50.83,0,none,0.0
2059-12-10,M11,Compressor,2.59,60.91,13.72,96.1,1784.0,normal,26.83,13.2,50.74,0,none,0.0
2059-12-11,M11,Compressor,2.54,61.05,14.21,116.5,1690.9,normal,27.25,16.1,50.33,0,none,0.0
2059-12-12,M11,Compressor,0.98,48.06,5.57,47.5,731.3,idle,27.65,17.7,49.93,0,none,0.0
2059-12-13,M11,Compressor,2.27,57.46,14.6,96.6,1708.0,normal,27.85,14.4,49.73,0,none,0.0
2059-12-14,M11,Compressor,2.24,50.03,14.73,100.9,1678.3,normal,28.35,12.7,49.23,0,none,0.0
2059-12-15,M11,Compressor,3.48,55.78,21.6,158.7,2434.3,peak,28.75,16.1,48.83,0,none,0.0
2059-12-16,M11,Compressor,0.97,51.6,6.43,46.9,759.2,idle,29.25,14.6,48.33,0,none,0.0
2059-12-17,M11,Compressor,2.33,53.01,13.38,112.2,1800.3,normal,29.55,12.5,48.03,0,none,0.0
2059-12-18,M11,Compressor,0.96,48.03,6.99,44.1,743.4,idle,29.62,12.2,47.96,0,none,0.0
2059-12-19,M11,Compressor,2.28,50.59,14.27,100.2,1671.9,normal,29.95,11.9,47.63,0,none,0.0
2059-12-20,M11,Compressor,2.46,63.78,15.22,118.3,1797.7,normal,30.25,10.3,47.33,0,none,0.0
2059-12-21,M11,Compressor,2.16,54.03,13.31,103.8,1671.1,normal,30.4,8.7,47.18,0,none,0.0
2059-12-22,M11,Compressor,2.43,62.9,13.4,110.5,1653.9,normal,30.45,16.6,47.13,0,none,0.0
2059-12-23,M11,Compressor,3.26,60.71,21.99,163.5,2429.5,peak,30.72,17.2,46.86,0,none,0.0
2059-12-24,M11,Compressor,2.56,57.54,14.44,108.3,1773.5,normal,30.97,17.1,46.61,0,none,0.0
2059-12-25,M11,Compressor,2.27,51.25,14.04,108.6,1744.3,normal,31.07,16.1,46.51,0,none,0.0
2059-12-26,M11,Compressor,2.27,51.25,14.04,119.8,1744.3,normal,31.47,16.3,46.11,0,none,0.0
2059-12-27,M11,Compressor,3.21,66.81,19.49,154.8,2465.2,peak,31.78,16.4,45.79,0,none,0.0
2059-12-28,M11,Compressor,1.04,46.91,6.14,46.6,778.1,idle,32.12,9.7,45.46,0,none,0.0
2059-12-29,M11,Compressor,1.03,44.78,5.98,45.4,778.1,idle,32.4,14.2,45.18,0,none,0.0
2059-12-30,M11,Compressor,2.32,61.86,15.1,97.6,1780.2,normal,32.88,11.7,44.69,0,none,0.0
2059-12-31,M11,Compressor,2.47,64.75,15.39,102.7,1722.9,normal,33.25,13.8,44.33,0,none,0.0
2060-01-01,M11,Compressor,2.23,55.89,13.82,116.7,1660.7,normal,33.63,14.2,43.94,0,none,0.0
2060-01-02,M11,Compressor,2.2,60.99,14.91,112.4,1657.9,normal,33.87,13.3,43.71,0,none,0.0
2060-01-03,M11,Compressor,0.99,45.48,6.98,50.0,723.0,idle,33.95,11.5,43.63,0,none,0.0
2060-01-04,M11,Compressor,1.03,50.5,5.99,47.5,731.3,idle,34.27,16.8,43.31,0,none,0.0
2060-01-05,M11,Compressor,2.16,66.66,14.61,115.4,1740.6,normal,34.4,10.3,43.18,0,none,0.0
2060-01-06,M11,Compressor,0.93,47.01,6.82,42.1,732.4,idle,34.8,10.1,42.78,0,none,0.0
2060-01-07,M11,Compressor,2.23,54.73,13.25,116.2,1677.1,normal,35.3,9.2,42.28,0,none,0.0
2060-01-08,M11,Compressor,2.51,56.39,14.14,106.6,1771.2,normal,35.5,12.0,42.08,0,none,0.0
2060-01-09,M11,Compressor,2.47,61.53,14.93,95.2,1735.8,normal,35.78,16.2,41.79,0,none,0.0
2060-01-10,M11,Compressor,1.0,45.91,6.33,45.7,748.3,idle,36.03,16.3,41.54,0,none,0.0
2060-01-11,M11,Compressor,2.16,57.83,14.92,105.2,1732.9,normal,36.2,17.2,41.38,0,none,0.0
2060-01-12,M11,Compressor,2.58,65.69,15.32,96.9,1755.2,normal,36.28,11.1,41.29,0,none,0.0
2060-01-13,M11,Compressor,2.21,57.28,14.7,109.5,1736.0,normal,36.32,15.3,41.26,0,none,0.0
2060-01-14,M11,Compressor,1.06,49.46,6.73,49.5,762.7,idle,36.37,11.7,41.21,0,none,0.0
2060-01-15,M11,Compressor,2.3,49.46,6.73,104.9,1775.8,normal,36.42,15.7,41.16,0,none,0.0
2060-01-16,M11,Compressor,2.12,64.66,14.9,104.9,1717.9,normal,36.5,12.2,41.08,0,none,0.0
2060-01-17,M11,Compressor,2.16,55.21,13.27,115.5,1736.6,normal,36.93,15.7,40.64,0,none,0.0
2060-01-18,M11,Compressor,2.22,50.33,14.31,113.8,1736.6,normal,37.28,13.8,40.29,0,none,0.0
2060-01-19,M11,Compressor,0.94,51.96,6.35,44.7,743.6,idle,37.58,9.8,39.99,0,none,0.0
2060-01-20,M11,Compressor,2.16,58.88,14.88,105.2,1797.4,normal,37.9,17.0,39.68,0,none,0.0
2060-01-21,M11,Compressor,1.0,51.2,6.55,42.4,724.0,idle,38.32,9.5,39.26,0,none,0.0
2060-01-22,M11,Compressor,1.06,46.85,5.78,48.9,779.0,idle,38.45,10.6,39.13,0,none,0.0
2060-01-23,M11,Compressor,1.06,49.8,5.5,42.9,760.3,idle,38.78,13.8,38.79,0,none,0.0
2060-01-24,M11,Compressor,2.3,50.35,14.85,105.5,1762.0,normal,39.2,17.0,38.38,0,none,0.0
2060-01-25,M11,Compressor,2.33,50.48,14.59,114.7,1676.5,normal,39.42,16.5,38.16,0,none,0.0
2060-01-26,M11,Compressor,2.55,53.27,14.06,108.2,1703.4,normal,39.77,9.9,37.81,0,none,0.0
2060-01-27,M11,Compressor,2.35,62.93,14.79,118.1,1796.6,normal,40.02,16.2,37.56,0,none,0.0
2060-01-28,M11,Compressor,3.59,66.91,19.6,149.8,2448.8,peak,40.22,12.5,37.36,0,none,0.0
2060-01-29,M11,Compressor,2.18,63.08,14.64,102.3,1801.7,normal,40.43,16.4,37.14,0,none,0.0
2060-01-30,M11,Compressor,2.38,51.24,13.15,98.6,1685.9,normal,40.9,17.8,36.68,0,none,0.0
2060-01-31,M11,Compressor,3.53,70.57,18.81,150.0,2527.4,peak,41.28,10.4,36.29,0,none,0.0
2060-02-01,M11,Compressor,2.54,55.7,14.31,117.3,1781.0,normal,41.67,8.7,35.91,0,none,0.0
2060-02-02,M11,Compressor,1.08,46.22,6.54,42.9,757.0,idle,41.72,11.2,35.86,0,none,0.0
2060-02-03,M11,Compressor,0.96,49.61,5.71,47.3,762.5,idle,42.05,9.4,35.53,0,none,0.0
2060-02-04,M11,Compressor,1.07,49.5,6.28,48.3,737.1,idle,42.42,8.6,35.16,0,none,0.0
2060-02-05,M11,Compressor,1.04,49.8,6.09,49.9,741.4,idle,42.67,13.0,34.91,0,none,0.0
2060-02-06,M11,Compressor,2.14,55.46,13.25,103.5,1671.7,normal,42.75,10.0,34.83,0,none,0.0
2060-02-07,M11,Compressor,0.99,50.22,5.6,46.5,722.6,idle,42.98,14.4,34.59,0,none,0.0
2060-02-08,M11,Compressor,1.08,51.37,6.24,48.1,755.6,idle,43.27,10.2,34.31,0,none,0.0
2060-02-09,M11,Compressor,0.97,45.96,6.64,45.4,775.2,idle,43.3,17.6,34.28,0,none,0.0
2060-02-10,M11,Compressor,1.1,45.68,6.34,46.3,772.1,idle,43.42,17.5,34.16,0,none,0.0
2060-02-11,M11,Compressor,1.04,48.86,6.52,45.1,777.6,idle,43.47,9.2,34.11,0,none,0.0
2060-02-12,M11,Compressor,0.91,44.23,6.12,43.2,752.7,idle,43.97,14.8,33.61,0,none,0.0
2060-02-13,M11,Compressor,0.91,47.68,5.94,43.6,746.7,idle,44.45,11.5,33.13,0,none,0.0
2060-02-14,M11,Compressor,1.07,49.24,5.74,46.0,775.9,idle,44.73,8.0,32.84,0,none,0.0
2060-02-15,M11,Compressor,2.32,58.47,15.35,98.4,1775.0,normal,44.82,16.8,32.76,0,none,0.0
2060-02-16,M12,Compressor,0.96,50.93,5.58,49.9,766.1,idle,397.51,16.0,89.4,0,none,0.0
2060-02-17,M12,Compressor,0.96,50.09,6.88,42.9,774.8,idle,397.69,15.0,89.22,0,none,0.0
2060-02-18,M12,Compressor,0.97,44.05,5.67,49.1,779.0,idle,397.81,14.1,89.1,0,none,0.0
2060-02-19,M12,Compressor,1.08,47.53,6.94,45.2,726.8,idle,397.84,10.1,89.07,0,none,0.0
2060-02-20,M12,Compressor,0.97,51.99,6.44,44.7,757.5,idle,398.16,12.9,88.75,0,none,0.0
2060-02-21,M12,Compressor,0.99,44.4,5.8,42.1,735.3,idle,398.58,12.0,88.33,0,none,0.0
2060-02-22,M12,Compressor,1.05,44.4,6.29,47.6,752.9,idle,399.06,16.8,87.85,0,none,0.0
2060-02-23,M12,Compressor,0.9,44.4,6.29,47.6,752.9,idle,399.11,11.5,87.8,0,none,0.0
2060-02-24,M12,Compressor,2.36,53.37,14.88,99.0,1728.0,normal,399.26,12.0,87.65,0,none,0.0
2060-02-25,M12,Compressor,2.36,49.58,6.15,48.3,762.8,idle,399.41,11.2,87.5,0,none,0.0
2060-02-26,M12,Compressor,2.29,66.12,13.35,104.0,1768.6,normal,399.59,10.7,87.32,0,none,0.0
2060-02-27,M12,Compressor,1.07,66.12,6.34,42.1,742.2,idle,399.88,12.2,87.03,0,none,0.0
2060-02-28,M12,Compressor,0.97,50.74,5.61,42.5,746.6,idle,400.34,16.1,86.57,0,none,0.0
2060-02-29,M12,Compressor,0.98,45.29,5.9,49.8,750.8,idle,400.84,17.8,86.07,0,none,0.0
2060-03-01,M12,Compressor,0.92,44.4,5.56,45.1,771.9,idle,400.89,12.4,86.02,0,none,0.0
2060-03-02,M12,Compressor,1.07,46.94,6.66,48.0,749.0,idle,400.93,17.1,85.98,0,none,0.0
2060-03-03,M12,Compressor,0.98,45.44,5.92,44.7,768.8,idle,401.13,15.0,85.78,0,none,0.0
2060-03-04,M12,Compressor,0.98,45.61,5.64,46.0,760.0,idle,401.18,9.8,85.73,0,none,0.0
2060-03-05,M12,Compressor,1.06,50.38,6.74,45.6,760.0,idle,401.24,8.3,85.67,0,none,0.0
2060-03-06,M12,Compressor,2.32,53.03,13.99,103.5,1716.7,normal,401.59,12.7,85.32,0,none,0.0
2060-03-07,M12,Compressor,2.43,61.82,13.56,102.9,1751.2,normal,401.66,9.5,85.25,0,none,0.0
2060-03-08,M12,Compressor,0.92,49.51,5.77,48.8,744.1,idle,402.09,16.2,84.82,0,none,0.0
2060-03-09,M12,Compressor,0.94,49.34,6.33,43.4,769.6,idle,402.49,12.4,84.42,0,none,0.0
2060-03-10,M12,Compressor,2.33,52.74,14.99,98.3,1814.6,normal,402.73,10.9,84.18,0,none,0.0
2060-03-11,M12,Compressor,0.99,49.83,6.18,43.5,765.5,idle,402.76,15.4,84.15,0,none,0.0
2060-03-12,M12,Compressor,0.96,49.46,5.89,43.9,747.5,idle,402.88,14.3,84.03,0,none,0.0
2060-03-13,M12,Compressor,1.06,48.91,5.6,47.9,747.5,idle,403.24,16.6,83.67,0,none,0.0
2060-03-14,M12,Compressor,2.41,48.91,14.39,104.3,1663.9,normal,403.58,11.3,83.33,0,none,0.0
2060-03-15,M12,Compressor,2.52,62.2,14.68,99.8,1762.8,normal,403.98,17.7,82.93,0,none,0.0
2060-03-16,M12,Compressor,2.22,62.38,13.83,98.9,1804.1,normal,404.39,8.7,82.52,0,none,0.0
2060-03-17,M12,Compressor,0.92,50.09,5.65,47.5,726.6,idle,404.71,11.7,82.2,0,none,0.0
2060-03-18,M12,Compressor,2.35,53.38,15.17,105.0,1652.6,normal,405.21,17.8,81.7,0,none,0.0
2060-03-19,M12,Compressor,2.41,58.01,15.15,105.8,1719.9,normal,405.51,11.3,81.4,0,none,0.0
2060-03-20,M12,Compressor,2.33,65.48,14.47,111.7,1772.5,normal,405.66,10.2,81.25,0,none,0.0
2060-03-21,M12,Compressor,1.09,50.7,6.89,44.8,732.9,idle,406.09,16.6,80.82,0,none,0.0
2060-03-22,M12,Compressor,1.09,72.16,21.32,158.0,2412.6,peak,406.53,14.5,80.38,0,none,0.0
2060-03-23,M12,Compressor,2.26,63.22,13.62,110.6,1742.3,normal,406.76,11.3,80.15,0,none,0.0
2060-03-24,M12,Compressor,2.23,66.82,13.64,117.4,1742.0,normal,406.98,9.1,79.93,0,none,0.0
2060-03-25,M12,Compressor,2.15,65.01,14.98,115.8,1758.5,normal,407.06,8.1,79.85,0,none,0.0
2060-03-26,M12,Compressor,2.46,66.33,13.32,97.1,1671.3,normal,407.48,11.7,79.43,0,none,0.0
2060-03-27,M12,Compressor,2.54,60.13,13.44,98.5,1725.7,normal,407.76,17.6,79.15,0,none,0.0
2060-03-28,M12,Compressor,2.51,64.49,15.13,114.2,1660.5,normal,407.88,11.7,79.03,0,none,0.0
2060-03-29,M12,Compressor,2.46,59.34,14.82,107.1,1732.2,normal,408.19,12.9,78.72,0,none,0.0
2060-03-30,M12,Compressor,2.16,66.29,13.94,109.6,1685.2,normal,408.64,8.9,78.27,0,none,0.0
2060-03-31,M12,Compressor,2.28,65.67,13.52,100.2,1694.3,normal,409.08,17.3,77.83,0,none,0.0
2060-04-01,M12,Compressor,2.39,59.37,13.44,112.3,1804.3,normal,409.41,16.5,77.5,0,none,0.0
2060-04-02,M12,Compressor,2.2,62.11,14.47,103.2,1755.0,normal,409.81,12.3,77.1,0,none,0.0
2060-04-03,M12,Compressor,3.13,71.68,18.09,156.3,2463.8,peak,409.93,11.2,76.98,0,none,0.0
2060-04-04,M12,Compressor,2.54,58.99,15.01,118.1,1706.8,normal,410.16,16.7,76.75,0,none,0.0
2060-04-05,M12,Compressor,2.54,63.07,13.27,97.6,1789.0,normal,410.31,8.2,76.6,0,none,0.0
2060-04-06,M12,Compressor,2.33,58.91,15.23,117.6,1669.2,normal,410.54,11.3,76.37,0,none,0.0
2060-04-07,M12,Compressor,2.29,66.11,15.05,113.0,1667.3,normal,410.76,8.9,76.15,0,none,0.0
2060-04-08,M12,Compressor,1.02,48.65,5.75,48.2,738.7,idle,411.21,13.9,75.7,0,none,0.0
2060-04-09,M12,Compressor,2.41,56.51,13.21,108.1,1702.1,normal,411.64,17.5,75.27,0,none,0.0
2060-04-10,M12,Compressor,0.91,45.59,6.43,42.8,725.2,idle,411.71,10.0,75.2,0,none,0.0
2060-04-11,M12,Compressor,2.57,51.94,13.94,98.3,1809.7,normal,412.21,13.9,74.7,0,none,0.0
2060-04-12,M12,Compressor,2.34,52.0,14.92,114.5,1803.2,normal,412.34,17.8,74.57,0,none,0.0
2060-04-13,M12,Compressor,1.04,44.44,6.33,45.1,764.9,idle,412.61,10.7,74.3,0,none,0.0
2060-04-14,M12,Compressor,2.4,63.05,13.45,105.9,1723.5,normal,413.09,16.7,73.82,0,none,0.0
2060-04-15,M12,Compressor,2.59,50.34,15.04,97.4,1663.7,normal,413.39,14.7,73.52,0,none,0.0
2060-04-16,M12,Compressor,3.2,50.34,20.71,157.6,2554.9,peak,413.74,12.2,73.17,0,none,0.0
2060-04-17,M12,Compressor,2.22,61.41,14.6,111.4,1751.1,normal,413.86,17.4,73.05,0,none,0.0
2060-04-18,M12,Compressor,0.94,51.31,6.96,47.5,746.6,idle,414.11,12.0,72.8,0,none,0.0
2060-04-19,M12,Compressor,2.37,51.95,13.91,119.4,1743.1,normal,414.49,11.2,72.42,0,none,0.0
2060-04-20,M12,Compressor,1.01,51.63,6.83,46.5,736.1,idle,414.89,12.3,72.02,0,none,0.0
2060-04-21,M12,Compressor,2.16,65.55,15.3,107.4,1666.1,normal,415.09,16.1,71.82,0,none,0.0
2060-04-22,M12,Compressor,1.02,46.94,5.74,49.4,734.4,idle,415.19,15.9,71.72,0,none,0.0
2060-04-23,M12,Compressor,1.04,47.44,6.74,47.6,727.4,idle,415.69,12.5,71.22,0,none,0.0
2060-04-24,M12,Compressor,0.99,46.08,6.57,46.4,740.4,idle,416.11,8.9,70.8,0,none,0.0
2060-04-25,M12,Compressor,2.26,52.06,13.53,112.8,1753.7,normal,416.14,13.3,70.77,0,none,0.0
2060-04-26,M12,Compressor,2.28,65.05,14.21,114.9,1782.8,normal,416.23,15.2,70.68,0,none,0.0
2060-04-27,M12,Compressor,2.52,65.3,14.7,113.7,1782.1,normal,416.29,13.4,70.62,0,none,0.0
2060-04-28,M12,Compressor,0.93,46.4,5.66,43.5,766.7,idle,416.34,13.6,70.57,0,none,0.0
2060-04-29,M12,Compressor,3.57,68.47,21.54,151.4,2569.2,peak,416.84,10.5,70.07,0,none,0.0
2060-04-30,M12,Compressor,0.97,51.15,6.7,49.9,769.6,idle,417.11,17.5,69.8,0,none,0.0
2060-05-01,M12,Compressor,0.98,44.88,6.81,46.6,771.5,idle,417.43,17.2,69.48,0,none,0.0
2060-05-02,M12,Compressor,0.98,44.23,5.58,47.4,771.5,idle,417.79,15.3,69.12,0,none,0.0
2060-05-03,M12,Compressor,1.05,47.36,6.34,48.4,735.2,idle,417.88,16.9,69.03,0,none,0.0
2060-05-04,M12,Compressor,2.31,63.13,15.3,102.3,1755.9,normal,418.18,15.5,68.73,0,none,0.0
2060-05-05,M12,Compressor,2.58,61.68,15.23,118.5,1808.0,normal,418.53,15.3,68.38,0,none,0.0
2060-05-06,M12,Compressor,1.05,48.42,5.65,43.8,735.4,idle,418.83,11.2,68.08,0,none,0.0
2060-05-07,M12,Compressor,0.91,44.82,5.94,42.7,730.2,idle,419.14,14.1,67.77,0,none,0.0
2060-05-08,M12,Compressor,2.13,57.5,15.05,115.3,1803.8,normal,419.18,14.5,67.73,0,none,0.0
2060-05-09,M12,Compressor,2.47,54.4,14.76,113.8,1742.3,normal,419.48,9.2,67.43,0,none,0.0
2060-05-10,M12,Compressor,1.06,44.57,6.39,45.8,768.3,idle,419.51,10.8,67.4,0,none,0.0
2060-05-11,M12,Compressor,0.93,45.7,6.34,49.6,725.0,idle,419.98,17.9,66.93,0,none,0.0
2060-05-12,M12,Compressor,1.05,45.64,5.66,45.2,755.0,idle,420.29,9.1,66.62,0,none,0.0
2060-05-13,M12,Compressor,2.51,61.42,14.23,102.1,1699.7,normal,420.71,11.4,66.2,0,none,0.0
2060-05-14,M12,Compressor,1.05,44.91,5.72,47.8,777.7,idle,421.11,17.6,65.8,0,none,0.0
2060-05-15,M12,Compressor,0.92,48.88,5.86,42.2,769.9,idle,421.41,14.6,65.5,0,none,0.0
2060-05-16,M12,Compressor,1.0,44.19,6.84,46.3,764.2,idle,421.86,13.9,65.05,0,none,0.0
2060-05-17,M12,Compressor,0.98,45.48,6.2,44.3,737.8,idle,422.23,9.1,64.68,0,none,0.0
2060-05-18,M12,Compressor,2.42,51.69,13.99,108.7,1770.7,normal,422.38,9.0,64.53,0,none,0.0
2060-05-19,M12,Compressor,1.03,51.09,6.99,49.5,765.9,idle,422.78,11.0,64.13,0,none,0.0
2060-05-20,M12,Compressor,2.44,50.64,14.33,111.6,1720.2,normal,422.81,17.6,64.1,0,none,0.0
2060-05-21,M12,Compressor,0.98,48.34,6.86,44.1,743.9,idle,422.88,17.6,64.03,0,none,0.0
2060-05-22,M12,Compressor,2.43,53.35,15.09,111.7,1709.9,normal,423.06,17.6,63.85,0,none,0.0
2060-05-23,M12,Compressor,1.04,46.23,6.66,42.6,745.6,idle,423.53,10.6,63.38,0,none,0.0
2060-05-24,M12,Compressor,0.95,50.53,6.63,48.7,759.1,idle,423.83,15.1,63.08,0,none,0.0
2060-05-25,M12,Compressor,1.06,47.51,6.52,42.2,772.8,idle,424.24,13.7,62.67,0,none,0.0
2060-05-26,M12,Compressor,1.04,51.03,6.67,44.3,736.1,idle,424.73,15.8,47.87,0,none,0.0
2060-05-27,M12,Compressor,1.06,45.61,5.68,42.1,737.5,idle,424.78,16.1,47.82,0,none,0.0
2060-05-28,M12,Compressor,0.92,50.8,6.26,44.0,754.9,idle,425.13,13.6,47.47,0,none,0.0
2060-05-29,M12,Compressor,0.92,50.54,6.3,42.0,736.8,idle,425.59,17.0,47.0,0,none,0.0
2060-05-30,M12,Compressor,1.06,46.53,7.02,49.2,763.3,idle,426.01,8.7,46.58,0,none,0.0
2060-05-31,M12,Compressor,0.93,47.95,6.03,43.1,776.2,idle,426.13,16.6,46.47,0,none,0.0
2060-06-01,M12,Compressor,0.94,47.71,6.91,43.2,744.3,idle,426.23,10.2,46.37,0,none,0.0
2060-06-02,M12,Compressor,1.11,47.48,6.66,42.6,751.2,idle,426.64,15.5,45.95,0,none,0.0
2060-06-03,M12,Compressor,0.98,51.25,6.27,44.4,747.4,idle,426.86,14.9,45.73,0,none,0.0
2060-06-04,M12,Compressor,0.94,52.38,6.77,46.4,736.1,idle,427.14,16.7,45.45,0,none,0.0
2060-06-05,M12,Compressor,2.61,63.6,14.05,115.2,1741.6,normal,427.58,11.5,45.02,0,none,0.0
2060-06-06,M12,Compressor,0.95,47.44,7.11,44.3,751.6,idle,428.06,13.1,44.53,0,none,0.0
2060-06-07,M12,Compressor,2.17,62.61,13.98,98.5,1761.7,normal,428.14,10.9,44.45,0,none,0.0
2060-06-08,M12,Compressor,2.56,65.7,13.45,102.1,1690.6,normal,428.48,16.5,44.12,0,none,0.0
2060-06-09,M12,Compressor,2.51,66.57,15.06,114.7,1700.7,normal,428.66,13.0,43.93,0,none,0.0
2060-06-10,M12,Compressor,1.04,47.76,6.37,45.5,746.2,idle,429.04,10.9,43.55,0,none,0.0
2060-06-11,M12,Compressor,2.35,57.6,14.1,98.3,1744.1,normal,429.13,11.5,43.47,0,none,0.0
2060-06-12,M12,Compressor,2.48,63.95,14.91,104.2,1753.8,normal,429.43,16.8,43.17,0,none,0.0
2060-06-13,M12,Compressor,3.67,67.62,20.5,148.2,2492.7,peak,429.83,16.8,42.77,0,none,0.0
2060-06-14,M12,Compressor,1.04,55.81,6.67,44.3,741.1,idle,429.96,9.3,42.63,0,none,0.0
2060-06-15,M12,Compressor,1.14,53.78,5.95,44.8,725.3,idle,430.06,8.2,42.53,0,none,0.0
2060-06-16,M12,Compressor,3.63,71.28,22.23,148.5,2536.7,peak,430.16,16.9,42.43,0,none,0.0
2060-06-17,M12,Compressor,3.14,66.79,18.95,148.7,2544.8,peak,430.48,11.9,42.12,0,none,0.0
2060-06-18,M12,Compressor,3.16,62.26,22.78,159.2,2435.1,peak,430.56,12.1,42.03,0,none,0.0
2060-06-19,M12,Compressor,2.22,68.85,15.0,103.1,2435.1,normal,431.06,16.7,41.53,0,none,0.0
2060-06-20,M12,Compressor,1.04,53.28,7.1,48.2,750.0,idle,431.28,17.3,41.32,0,none,0.0
2060-06-21,M12,Compressor,2.57,68.67,15.53,116.7,1707.1,normal,431.49,11.2,41.1,0,none,0.0
2060-06-22,M12,Compressor,2.57,67.82,15.53,116.7,1768.8,normal,431.73,15.5,40.87,0,none,0.0
2060-06-23,M12,Compressor,2.36,66.49,13.9,114.2,1704.1,normal,432.13,13.0,40.47,0,none,0.0
2060-06-24,M12,Compressor,2.56,58.31,16.0,101.4,1723.0,normal,432.46,16.8,40.13,0,none,0.0
2060-06-25,M12,Compressor,2.52,67.54,14.0,113.5,1741.0,normal,432.51,11.7,40.08,0,none,0.0
2060-06-26,M12,Compressor,1.04,53.31,6.42,49.4,745.5,idle,432.88,10.8,39.72,0,none,0.0
2060-06-27,M12,Compressor,1.09,57.51,6.42,47.0,741.2,idle,432.98,12.7,39.62,0,none,0.0
2060-06-28,M12,Compressor,1.09,64.02,15.01,97.1,741.2,normal,433.28,13.5,39.32,0,none,0.0
2060-06-29,M12,Compressor,2.49,59.63,14.17,119.1,1760.9,normal,433.58,9.7,39.02,0,none,0.0
2060-06-30,M12,Compressor,2.39,70.95,16.35,106.6,1639.3,normal,433.83,11.7,38.77,0,none,0.0
2060-07-01,M12,Compressor,2.29,59.52,16.19,104.6,1715.0,normal,434.18,11.7,38.42,0,none,0.0
2060-07-02,M12,Compressor,2.52,64.34,14.41,103.3,1737.2,normal,434.53,9.4,38.07,0,none,0.0
2060-07-03,M12,Compressor,2.67,57.95,14.48,103.3,1737.2,normal,434.79,9.6,37.8,0,none,0.0
2060-07-04,M12,Compressor,2.58,67.68,14.48,96.3,1749.8,normal,434.94,10.4,37.65,0,none,0.0
2060-07-05,M12,Compressor,2.25,58.02,14.79,119.8,1606.2,normal,435.39,11.4,37.2,0,none,0.0
2060-07-06,M12,Compressor,2.72,61.1,14.52,114.5,1730.6,normal,435.89,13.3,36.7,0,none,0.0
2060-07-07,M12,Compressor,1.14,54.43,7.48,42.6,1730.6,idle,436.24,15.0,36.35,0,none,0.0
2060-07-08,M12,Compressor,3.52,65.0,22.33,156.2,2502.1,peak,436.46,14.3,36.13,0,none,0.0
2060-07-09,M12,Compressor,1.1,56.04,7.37,44.7,723.4,idle,436.74,16.2,35.85,0,none,0.0
2060-07-10,M12,Compressor,3.27,70.63,22.22,159.1,2324.7,peak,437.18,9.6,35.42,0,none,0.0
2060-07-11,M12,Compressor,3.76,70.63,21.2,160.3,2336.8,peak,437.63,16.5,34.97,0,none,0.0
2060-07-12,M12,Compressor,1.08,59.96,6.75,42.2,721.5,idle,437.73,8.2,34.87,0,none,0.0
2060-07-13,M12,Compressor,2.73,61.88,14.55,115.2,1623.3,normal,438.21,8.8,34.38,0,none,0.0
2060-07-14,M12,Compressor,2.47,61.52,14.75,110.4,1669.5,normal,438.24,13.6,34.35,0,none,0.0
2060-07-15,M12,Compressor,1.04,57.73,6.78,47.6,738.3,idle,438.46,8.2,34.13,0,none,0.0
2060-07-16,M12,Compressor,2.7,60.5,14.83,105.7,1714.7,normal,438.88,15.6,33.72,0,none,0.0
2060-07-17,M12,Compressor,2.42,76.37,14.88,96.8,1723.7,normal,439.06,10.2,33.53,0,none,0.0
2060-07-18,M12,Compressor,1.02,58.42,6.72,43.2,723.2,idle,439.28,10.8,33.32,0,none,0.0
2060-07-19,M12,Compressor,1.19,60.33,6.79,47.7,694.0,idle,439.78,10.8,32.82,0,none,0.0
2060-07-20,M12,Compressor,2.62,69.63,15.68,113.5,1590.1,normal,439.93,8.3,32.67,0,none,0.0
2060-07-21,M12,Compressor,2.6,76.66,15.24,113.5,1677.1,normal,440.06,10.4,32.53,0,none,0.0
2060-07-22,M12,Compressor,2.74,66.67,15.74,113.5,1614.3,normal,440.46,13.3,32.13,0,none,0.0
2060-07-23,M12,Compressor,1.14,57.18,6.95,47.5,709.4,idle,440.93,12.3,31.67,0,none,0.0
2060-07-24,M12,Compressor,0.99,59.35,6.75,42.8,683.2,idle,441.19,14.4,31.4,0,none,0.0
2060-07-25,M12,Compressor,2.35,79.56,16.99,118.5,1580.3,normal,441.69,14.4,30.9,0,none,0.0
2060-07-26,M12,Compressor,2.65,64.27,14.98,106.7,1663.5,normal,442.11,12.8,30.48,0,none,0.0
2060-07-27,M12,Compressor,2.37,69.61,15.2,104.0,1633.5,normal,442.48,8.5,30.12,0,none,0.0
2060-07-28,M12,Compressor,2.52,73.47,16.63,103.3,1619.9,normal,442.56,16.7,30.03,0,none,0.0
2060-07-29,M12,Compressor,2.58,69.99,17.15,98.5,1693.8,normal,442.74,10.3,29.85,0,none,0.0
2060-07-30,M12,Compressor,2.53,76.39,17.53,117.2,1628.0,normal,442.91,12.7,29.68,0,none,0.0
2060-07-31,M12,Compressor,2.49,74.49,15.55,114.8,1667.8,normal,443.23,8.2,29.37,0,none,0.0
2060-08-01,M12,Compressor,2.79,71.44,16.63,97.6,1663.6,normal,443.29,12.5,29.3,0,none,0.0
2060-08-02,M12,Compressor,1.12,62.0,7.85,48.2,707.2,idle,443.69,14.2,28.9,0,none,0.0
2060-08-03,M12,Compressor,1.09,61.66,7.0,43.2,712.9,idle,443.91,9.9,28.68,0,none,0.0
2060-08-04,M12,Compressor,2.75,81.87,16.47,119.9,1578.1,normal,444.33,9.4,28.27,0,none,0.0
2060-08-05,M12,Compressor,1.16,66.5,7.53,45.6,704.1,idle,444.53,10.3,28.07,0,none,0.0
2060-08-06,M12,Compressor,1.21,66.3,7.22,48.2,726.8,idle,444.88,10.6,27.72,0,none,0.0
2060-08-07,M12,Compressor,2.53,73.83,18.14,103.8,1642.9,normal,445.09,12.9,27.5,0,none,0.0
2060-08-08,M12,Compressor,1.16,60.37,7.87,45.3,701.3,idle,445.36,12.6,27.23,0,none,0.0
2060-08-09,M12,Compressor,1.16,62.54,7.03,46.4,692.3,idle,445.53,14.7,27.07,0,none,0.0
2060-08-10,M12,Compressor,1.12,60.17,7.95,45.3,677.4,idle,445.58,9.1,27.02,0,none,0.0
2060-08-11,M12,Compressor,1.12,59.79,7.54,45.3,682.5,idle,446.03,16.8,26.57,0,none,0.0
2060-08-12,M12,Compressor,1.06,60.62,8.25,48.0,689.0,idle,446.14,17.4,26.45,0,none,0.0
2060-08-13,M12,Compressor,1.1,65.04,7.31,44.2,674.3,idle,446.33,12.3,26.27,0,none,0.0
2060-08-14,M12,Compressor,1.2,66.99,6.86,42.5,677.6,idle,446.38,11.8,26.22,0,none,0.0
2060-08-15,M12,Compressor,1.12,62.49,6.64,45.6,681.7,idle,446.68,16.3,25.92,0,none,0.0
2060-08-16,M12,Compressor,1.04,65.65,7.55,48.6,686.3,idle,447.08,12.9,25.52,0,none,0.0
2060-08-17,M12,Compressor,1.06,63.61,7.95,48.6,682.6,idle,447.54,11.0,25.05,0,none,0.0
2060-08-18,M12,Compressor,1.07,68.95,8.31,47.3,679.3,idle,447.99,15.6,24.6,0,none,0.0
2060-08-19,M12,Compressor,1.21,66.06,7.94,48.9,684.0,idle,448.44,12.6,24.15,0,none,0.0
2060-08-20,M12,Compressor,1.24,68.95,7.6,47.5,688.0,idle,448.94,14.9,23.65,1,motor_overheat,7815.0
2060-08-21,M12,Compressor,1.19,66.46,7.22,44.6,700.3,idle,449.38,11.7,23.22,1,motor_overheat,7120.0
2060-08-22,M12,Compressor,1.26,66.46,7.37,48.5,670.0,idle,449.83,12.5,22.77,1,motor_overheat,6889.0
2060-08-23,M12,Compressor,3.01,80.65,18.5,116.0,1641.3,normal,449.88,13.8,22.72,1,motor_overheat,5002.0
2060-08-24,M12,Compressor,1.06,65.97,7.04,49.0,699.8,idle,450.26,13.3,22.33,1,motor_overheat,4977.0
2060-08-25,M12,Compressor,1.07,65.67,6.8,47.9,685.1,idle,450.36,8.5,22.23,1,motor_overheat,5598.0
2060-08-26,M12,Compressor,1.1,67.06,6.76,44.1,671.3,idle,450.54,16.5,22.05,1,motor_overheat,6884.0
2060-08-27,M12,Compressor,2.99,75.96,17.63,107.6,1617.3,normal,450.88,12.1,21.72,1,motor_overheat,6646.0
2060-08-28,M12,Compressor,1.12,64.4,6.87,107.6,686.6,idle,451.24,14.6,21.35,1,motor_overheat,3559.0
2060-08-29,M12,Compressor,3.67,83.33,22.19,157.6,2358.7,peak,451.54,13.7,21.05,1,motor_overheat,6559.0
2060-08-30,M12,Compressor,1.06,65.49,7.33,44.3,661.3,idle,451.68,15.5,20.92,1,motor_overheat,3642.0
2060-08-31,M12,Compressor,1.06,86.52,18.18,119.0,1576.3,normal,452.16,13.7,20.43,1,motor_overheat,5380.0
2060-09-01,M12,Compressor,2.98,85.12,18.73,96.0,1606.8,normal,452.59,17.8,20.0,1,motor_overheat,7798.0
2060-09-02,M12,Compressor,1.19,68.85,7.73,96.0,709.8,idle,452.69,8.6,19.9,1,motor_overheat,7589.0
2060-09-03,M12,Compressor,1.26,71.6,7.7,47.5,679.0,idle,452.89,9.7,19.7,1,motor_overheat,5721.0
2060-09-04,M12,Compressor,2.69,87.02,18.91,112.1,1631.9,normal,453.26,14.2,19.33,1,motor_overheat,6773.0
2060-09-05,M12,Compressor,2.69,78.81,18.66,105.0,1507.7,normal,453.39,13.7,19.2,1,motor_overheat,4127.0
2060-09-06,M12,Compressor,1.15,68.36,7.12,44.8,705.7,idle,453.63,13.1,18.97,1,motor_overheat,7779.0
2060-09-07,M12,Compressor,1.27,68.91,8.16,43.2,695.2,idle,453.86,11.5,18.73,1,motor_overheat,7609.0
2060-09-08,M12,Compressor,1.19,71.38,8.07,43.9,698.8,idle,454.21,14.8,18.38,1,motor_overheat,7671.0
2060-09-09,M12,Compressor,1.2,71.91,7.04,43.9,669.1,idle,454.28,13.5,18.32,1,motor_overheat,4259.0
2060-09-10,M12,Compressor,1.27,73.57,6.98,47.8,657.8,idle,454.73,9.4,17.87,1,motor_overheat,3360.0
2060-09-11,M12,Compressor,1.27,67.2,7.26,44.0,691.0,idle,455.04,9.2,17.55,1,motor_overheat,3247.0
2060-09-12,M12,Compressor,1.14,71.03,7.98,45.2,680.6,idle,455.13,9.8,17.47,1,motor_overheat,6340.0
2060-09-13,M12,Compressor,2.58,88.31,17.0,117.0,1570.3,normal,455.51,8.6,17.08,1,motor_overheat,4492.0
2060-09-14,M12,Compressor,2.88,77.32,17.08,107.3,1530.6,normal,455.71,12.9,16.88,1,motor_overheat,7801.0
2060-09-15,M12,Compressor,2.76,80.76,17.25,102.3,1637.7,normal,455.91,16.7,16.68,1,motor_overheat,3350.0
2060-09-16,M12,Compressor,1.22,73.73,7.04,102.3,676.9,idle,456.24,12.5,16.35,1,motor_overheat,3114.0
2060-09-17,M12,Compressor,3.01,73.73,18.43,98.5,1634.5,normal,456.63,8.0,15.97,1,motor_overheat,5172.0
2060-09-18,M12,Compressor,3.99,80.68,24.97,146.4,2232.2,peak,456.99,13.1,15.6,1,motor_overheat,6962.0
2060-09-19,M12,Compressor,2.97,79.81,17.56,107.9,1556.4,normal,457.49,9.6,15.1,1,motor_overheat,4429.0
2060-09-20,M12,Compressor,1.2,72.33,7.11,45.8,1556.4,idle,457.78,17.0,14.82,1,motor_overheat,5400.0
2060-09-21,M12,Compressor,4.19,85.31,26.52,151.6,2181.6,peak,458.28,14.9,14.32,1,motor_overheat,6228.0
2060-09-22,M12,Compressor,3.02,78.51,19.43,104.5,1590.0,normal,458.53,14.6,14.07,1,motor_overheat,5436.0
2060-09-23,M12,Compressor,2.71,86.83,17.41,95.5,1596.2,normal,458.99,16.5,13.6,1,motor_overheat,5828.0
2060-09-24,M12,Compressor,3.08,90.99,16.85,114.0,1599.0,normal,459.08,13.9,13.52,1,motor_overheat,4272.0
2060-09-25,M12,Compressor,2.75,83.92,18.1,106.0,1598.3,normal,459.49,9.8,13.1,1,motor_overheat,4778.0
2060-09-26,M12,Compressor,3.97,86.85,23.98,158.5,2149.6,peak,459.98,10.1,12.62,1,motor_overheat,4925.0
2060-09-27,M12,Compressor,2.6,88.22,19.11,100.0,1611.1,normal,460.18,12.3,12.42,1,motor_overheat,6056.0
2060-09-28,M12,Compressor,3.05,88.59,19.35,105.3,1611.1,normal,460.56,12.8,12.03,1,motor_overheat,6639.0
2060-09-29,M12,Compressor,3.11,76.78,19.53,106.2,1533.8,normal,460.69,15.2,11.9,1,motor_overheat,4065.0
2060-09-30,M12,Compressor,1.19,75.35,8.48,43.3,668.3,idle,460.93,15.7,11.67,1,motor_overheat,7358.0
2060-10-01,M12,Compressor,2.87,90.92,18.77,105.7,1539.7,normal,461.41,8.5,11.18,1,motor_overheat,3570.0
2060-10-02,M12,Compressor,2.89,90.92,18.01,95.9,1559.6,normal,461.44,14.5,11.15,1,motor_overheat,6584.0
2060-10-03,M12,Compressor,2.96,93.51,17.41,95.9,1480.8,normal,461.79,8.0,10.8,1,motor_overheat,6910.0
2060-10-04,M12,Compressor,2.87,91.56,19.84,115.8,1540.1,normal,461.86,14.9,10.73,1,motor_overheat,4493.0
2060-10-05,M12,Compressor,2.99,87.46,18.93,117.1,1486.7,normal,462.34,17.6,10.25,1,motor_overheat,6382.0
2060-10-06,M12,Compressor,4.03,94.78,27.7,160.2,2137.0,peak,462.41,17.9,10.18,1,motor_overheat,7885.0
2060-10-07,M12,Compressor,2.73,94.02,18.27,95.1,1484.7,normal,462.46,10.6,10.13,1,motor_overheat,6230.0
2060-10-08,M12,Compressor,1.35,74.26,8.46,47.8,668.4,idle,462.69,17.8,9.9,1,motor_overheat,7949.0
2060-10-09,M12,Compressor,2.84,85.85,19.94,111.6,1454.8,normal,463.13,14.7,9.47,1,motor_overheat,6887.0
2060-10-10,M12,Compressor,1.17,74.46,8.0,46.6,652.4,idle,463.23,17.0,9.37,1,motor_overheat,3738.0
2060-10-11,M12,Compressor,3.12,86.9,18.88,105.7,1495.8,normal,463.49,17.4,9.1,1,motor_overheat,5374.0
2060-10-12,M12,Compressor,3.06,82.81,19.54,108.2,1462.4,normal,463.93,11.9,8.67,1,motor_overheat,7099.0
2060-10-13,M12,Compressor,3.06,82.81,8.84,108.2,672.9,idle,464.31,15.8,8.28,1,motor_overheat,3413.0
2060-10-14,M12,Compressor,2.94,79.65,20.14,118.4,1455.6,normal,464.44,15.6,8.15,1,motor_overheat,6169.0
2060-10-15,M12,Compressor,3.92,95.0,29.38,162.5,2114.8,peak,464.93,11.7,7.67,1,motor_overheat,4182.0
2060-10-16,M12,Compressor,3.01,91.74,19.54,109.2,1482.8,normal,465.43,13.3,7.17,1,motor_overheat,6110.0
2060-10-17,M12,Compressor,3.05,93.09,19.39,107.4,1470.4,normal,465.71,15.3,6.88,1,motor_overheat,6887.0
2060-10-18,M12,Compressor,1.27,75.24,7.55,48.2,662.1,idle,466.03,15.5,6.57,1,motor_overheat,7089.0
2060-10-19,M12,Compressor,3.05,95.0,18.78,105.0,1497.0,normal,466.14,10.2,6.45,1,motor_overheat,7877.0
2060-10-20,M12,Compressor,1.25,78.53,8.99,43.7,648.8,idle,466.33,16.4,6.27,1,motor_overheat,5195.0
2060-10-21,M12,Compressor,2.97,83.77,19.93,96.4,1519.1,normal,466.74,14.8,5.85,1,motor_overheat,3589.0
2060-10-22,M12,Compressor,1.19,74.89,8.07,45.4,667.5,idle,466.86,8.9,5.73,1,motor_overheat,7992.0
2060-10-23,M12,Compressor,2.91,95.0,20.48,99.8,1452.9,normal,467.26,14.1,5.33,1,motor_overheat,6316.0
2060-10-24,M12,Compressor,2.82,87.86,19.65,98.1,1506.3,normal,467.64,9.1,4.95,1,motor_overheat,7694.0
2060-10-25,M12,Compressor,1.3,80.85,8.61,48.6,655.9,idle,467.88,17.6,4.72,1,motor_overheat,6615.0
2060-10-26,M12,Compressor,1.37,81.32,8.38,48.6,622.7,idle,468.08,11.0,4.52,1,motor_overheat,4826.0
2060-10-27,M12,Compressor,2.74,85.36,18.48,113.5,1480.7,normal,468.41,8.4,4.18,1,motor_overheat,5608.0
2060-10-28,M12,Compressor,1.22,76.42,8.62,46.9,666.7,idle,468.48,16.4,4.12,1,motor_overheat,6221.0
2060-10-29,M12,Compressor,3.0,82.5,18.03,101.8,1441.5,normal,468.98,10.2,3.62,1,motor_overheat,3135.0
2060-10-30,M12,Compressor,1.34,77.26,7.87,47.3,632.4,idle,469.03,10.0,3.57,1,motor_overheat,4188.0
2060-10-31,M12,Compressor,3.3,95.0,20.41,103.6,1427.1,normal,469.43,15.9,3.17,1,motor_overheat,3440.0
2060-11-01,M12,Compressor,1.24,79.86,7.83,43.0,653.1,idle,469.64,11.9,2.95,1,motor_overheat,3462.0
2060-11-02,M12,Compressor,1.22,82.46,8.71,49.2,659.1,idle,469.91,16.7,2.68,1,motor_overheat,3454.0
2060-11-03,M12,Compressor,1.2,82.28,8.95,48.9,649.9,idle,470.39,17.1,2.2,1,motor_overheat,3885.0
2060-11-04,M12,Compressor,1.2,79.51,8.93,49.3,662.6,idle,470.46,14.5,2.13,1,motor_overheat,4600.0
2060-11-05,M12,Compressor,2.94,95.0,19.8,106.6,1462.0,normal,470.94,15.3,1.65,1,motor_overheat,5018.0
2060-11-06,M12,Compressor,1.34,82.85,8.42,48.1,634.4,idle,471.29,17.3,1.3,1,motor_overheat,6954.0
2060-11-07,M12,Compressor,3.09,91.38,8.42,99.0,1502.5,normal,471.66,15.7,0.93,1,motor_overheat,7879.0
2060-11-08,M12,Compressor,1.37,82.22,8.35,44.7,644.2,idle,471.86,13.4,0.73,1,motor_overheat,6609.0
2060-11-09,M12,Compressor,1.28,78.67,9.3,43.1,647.5,idle,472.13,8.6,0.5,1,motor_overheat,5953.0
2060-11-10,M12,Compressor,1.26,83.41,9.48,43.2,652.3,idle,472.31,13.8,0.5,1,motor_overheat,3302.0
2060-11-11,M12,Compressor,2.12,66.58,13.5,114.9,1661.4,normal,0.0,14.1,75.46,0,none,0.0
2060-11-12,M12,Compressor,3.2,67.67,20.64,159.0,2470.2,peak,0.35,11.3,75.11,0,none,0.0
2060-11-13,M12,Compressor,2.43,57.71,14.41,108.7,1678.6,normal,0.75,17.7,74.71,0,none,0.0
2060-11-14,M12,Compressor,2.52,65.61,13.51,105.4,1729.0,normal,1.03,14.6,74.43,0,none,0.0
2060-11-15,M12,Compressor,2.37,50.4,14.9,116.5,1674.2,normal,1.37,15.8,74.1,0,none,0.0
2060-11-16,M12,Compressor,2.55,65.32,14.36,101.9,1685.3,normal,1.83,17.8,73.63,0,none,0.0
2060-11-17,M12,Compressor,2.34,59.13,14.63,115.0,1808.9,normal,2.07,10.0,73.4,0,none,0.0
2060-11-18,M12,Compressor,2.5,66.36,14.25,96.0,1658.8,normal,2.53,8.2,72.93,0,none,0.0
2060-11-19,M12,Compressor,2.23,61.05,13.84,99.2,1794.6,normal,2.6,15.6,72.86,0,none,0.0
2060-11-20,M12,Compressor,2.59,61.05,13.22,99.2,1707.4,normal,3.08,8.8,72.38,0,none,0.0
2060-11-21,M12,Compressor,2.49,61.78,13.17,108.6,1707.4,normal,3.37,14.9,72.1,0,none,0.0
2060-11-22,M12,Compressor,2.58,58.56,15.32,95.8,1667.6,normal,3.78,8.7,71.68,0,none,0.0
2060-11-23,M12,Compressor,2.29,65.97,14.36,115.6,1698.2,normal,3.95,14.3,71.51,0,none,0.0
2060-11-24,M12,Compressor,2.16,54.43,14.61,116.8,1727.3,normal,4.17,13.9,71.3,0,none,0.0
2060-11-25,M12,Compressor,2.2,61.48,13.49,109.3,1667.4,normal,4.62,8.8,70.85,0,none,0.0
2060-11-26,M12,Compressor,1.06,50.44,13.49,109.3,736.8,idle,4.87,17.1,70.6,0,none,0.0
2060-11-27,M12,Compressor,2.17,59.42,13.25,116.7,1794.5,normal,5.07,9.6,70.4,0,none,0.0
2060-11-28,M12,Compressor,0.93,49.56,6.54,45.2,729.2,idle,5.22,11.6,70.25,0,none,0.0
2060-11-29,M12,Compressor,0.93,49.92,5.83,46.8,772.0,idle,5.32,11.2,70.15,0,none,0.0
2060-11-30,M12,Compressor,1.02,51.79,6.47,44.5,771.1,idle,5.6,16.7,69.86,0,none,0.0
2060-12-01,M12,Compressor,2.26,67.49,14.19,118.8,1681.2,normal,6.1,8.1,69.36,0,none,0.0
2060-12-02,M12,Compressor,2.11,53.53,13.25,113.3,1695.0,normal,6.48,9.5,68.98,0,none,0.0
2060-12-03,M12,Compressor,1.03,49.35,6.53,48.7,728.9,idle,6.92,9.8,68.55,0,none,0.0
2060-12-04,M12,Compressor,0.91,44.24,5.66,45.0,778.0,idle,7.07,11.6,68.4,0,none,0.0
2060-12-05,M12,Compressor,2.28,58.15,15.04,118.0,1815.2,normal,7.17,12.4,68.3,0,none,0.0
2060-12-06,M12,Compressor,2.51,59.05,13.57,110.0,1683.5,normal,7.52,11.7,67.95,0,none,0.0
2060-12-07,M12,Compressor,2.13,66.55,14.21,107.7,1753.6,normal,8.02,16.0,67.45,0,none,0.0
2060-12-08,M12,Compressor,2.33,58.0,15.29,115.4,1686.1,normal,8.37,11.0,67.1,0,none,0.0
2060-12-09,M12,Compressor,2.25,61.89,14.43,114.2,1773.7,normal,8.48,14.6,66.98,0,none,0.0
2060-12-10,M12,Compressor,1.04,51.04,6.65,43.9,772.4,idle,8.97,10.7,66.5,0,none,0.0
2060-12-11,M12,Compressor,0.97,51.29,6.74,42.6,766.3,idle,9.13,11.2,66.33,0,none,0.0
2060-12-12,M12,Compressor,1.0,51.82,6.19,42.5,737.6,idle,9.4,17.0,66.06,0,none,0.0
2060-12-13,M12,Compressor,2.32,60.65,13.38,107.9,1732.2,normal,9.55,8.1,65.91,0,none,0.0
2060-12-14,M12,Compressor,2.32,61.05,13.38,152.8,2526.4,peak,9.63,17.5,65.83,0,none,0.0
2060-12-15,M12,Compressor,1.07,49.4,6.2,47.1,739.3,idle,10.05,13.3,65.41,0,none,0.0
2060-12-16,M12,Compressor,3.09,61.39,19.77,153.8,2547.5,peak,10.1,12.8,65.36,0,none,0.0
2060-12-17,M12,Compressor,1.09,47.11,19.77,42.3,720.2,idle,10.33,16.2,65.13,0,none,0.0
2060-12-18,M12,Compressor,1.09,51.97,5.58,44.9,760.2,idle,10.55,15.5,64.91,0,none,0.0
2060-12-19,M12,Compressor,0.94,48.76,6.72,48.9,762.4,idle,10.75,14.5,64.71,0,none,0.0
2060-12-20,M12,Compressor,0.92,46.79,6.95,43.5,747.2,idle,10.95,9.1,64.51,0,none,0.0
2060-12-21,M12,Compressor,2.27,46.79,13.81,99.7,1799.1,normal,11.27,13.6,64.2,0,none,0.0
2060-12-22,M12,Compressor,0.93,48.99,6.91,49.6,756.0,idle,11.65,12.9,63.81,0,none,0.0
2060-12-23,M12,Compressor,0.95,45.98,6.91,49.9,724.7,idle,11.93,10.6,63.53,0,none,0.0
2060-12-24,M12,Compressor,1.06,44.98,5.95,46.5,737.8,idle,12.22,13.9,63.25,0,none,0.0
2060-12-25,M12,Compressor,1.03,47.34,5.83,46.2,721.4,idle,12.48,15.7,62.98,0,none,0.0
2060-12-26,M12,Compressor,2.47,59.4,15.37,97.6,1774.5,normal,12.8,11.8,62.66,0,none,0.0
2060-12-27,M12,Compressor,0.96,46.99,6.02,44.9,745.9,idle,13.27,14.3,62.2,0,none,0.0
2060-12-28,M12,Compressor,0.9,65.52,6.82,42.3,745.9,idle,13.5,10.4,61.96,0,none,0.0
2060-12-29,M12,Compressor,0.91,50.46,6.42,44.5,756.8,idle,13.65,16.2,61.81,0,none,0.0
2060-12-30,M12,Compressor,1.0,49.09,6.21,48.2,722.7,idle,13.92,13.7,61.55,0,none,0.0
2060-12-31,M12,Compressor,0.97,49.09,6.38,43.4,724.5,idle,14.07,12.8,61.4,0,none,0.0
2061-01-01,M12,Compressor,2.11,57.43,13.83,109.2,1726.4,normal,14.57,9.6,60.9,0,none,0.0
2061-01-02,M12,Compressor,2.3,65.18,14.55,111.2,1714.9,normal,15.05,12.3,60.41,0,none,0.0
2061-01-03,M12,Compressor,2.3,45.22,6.1,42.4,726.9,idle,15.55,9.1,59.91,0,none,0.0
2061-01-04,M12,Compressor,0.92,47.53,6.55,44.5,721.6,idle,15.62,9.8,59.85,0,none,0.0
2061-01-05,M12,Compressor,1.04,45.66,6.58,42.1,721.6,idle,15.9,13.5,59.56,0,none,0.0
2061-01-06,M12,Compressor,1.02,50.97,6.63,45.6,763.1,idle,16.27,10.9,59.2,0,none,0.0
2061-01-07,M12,Compressor,1.01,50.51,6.66,49.8,726.3,idle,16.47,17.6,59.0,0,none,0.0
2061-01-08,M12,Compressor,0.97,45.54,6.45,47.3,732.2,idle,16.55,8.1,58.91,0,none,0.0
2061-01-09,M12,Compressor,0.98,48.82,6.49,42.8,775.3,idle,16.92,12.7,58.55,0,none,0.0
2061-01-10,M12,Compressor,0.91,51.78,5.97,44.5,746.8,idle,17.35,14.2,58.11,0,none,0.0
2061-01-11,M12,Compressor,2.45,51.78,13.64,119.0,1799.1,normal,17.83,13.6,57.63,0,none,0.0
2061-01-12,M12,Compressor,0.94,48.58,5.81,46.4,742.0,idle,17.95,10.7,57.51,0,none,0.0
2061-01-13,M12,Compressor,2.28,61.43,13.63,105.1,1807.3,normal,18.28,10.4,57.18,0,none,0.0
2061-01-14,M12,Compressor,2.48,56.9,13.58,111.5,1787.3,normal,18.53,13.7,56.93,0,none,0.0
2061-01-15,M12,Compressor,1.07,48.51,6.28,47.8,730.5,idle,18.97,11.2,56.5,0,none,0.0
2061-01-16,M12,Compressor,2.53,48.51,14.51,109.7,1702.8,normal,19.05,8.9,56.41,0,none,0.0
2061-01-17,M12,Compressor,2.12,62.92,13.06,99.5,1742.5,normal,19.48,17.8,55.98,0,none,0.0
2061-01-18,M12,Compressor,2.57,51.19,14.45,103.2,1763.8,normal,19.63,11.6,55.83,0,none,0.0
2061-01-19,M12,Compressor,2.58,54.83,15.39,116.8,1753.2,normal,19.98,13.3,55.48,0,none,0.0
2061-01-20,M12,Compressor,2.48,65.57,15.01,103.2,1788.1,normal,20.2,16.1,55.26,0,none,0.0
2061-01-21,M12,Compressor,0.96,50.94,5.88,46.6,761.6,idle,20.5,14.8,54.96,0,none,0.0
2061-01-22,M12,Compressor,0.96,70.66,21.7,148.7,2406.7,peak,20.72,16.7,54.75,0,none,0.0
2061-01-23,M12,Compressor,2.41,60.84,13.85,114.6,1790.4,normal,20.98,9.1,54.48,0,none,0.0
2061-01-24,M12,Compressor,2.27,62.28,14.61,103.6,1814.8,normal,21.35,10.5,54.11,0,none,0.0
2061-01-25,M12,Compressor,2.27,61.17,13.95,95.3,1665.6,normal,21.52,15.9,53.95,0,none,0.0
2061-01-26,M12,Compressor,3.14,71.24,19.77,156.8,2588.8,peak,21.87,8.6,53.6,0,none,0.0
2061-01-27,M12,Compressor,2.17,65.51,13.95,103.4,1756.3,normal,22.12,13.6,53.35,0,none,0.0
2061-01-28,M12,Compressor,2.55,65.51,14.9,95.5,1755.9,normal,22.23,10.5,53.23,0,none,0.0
2061-01-29,M12,Compressor,2.42,60.01,15.34,118.5,1708.2,normal,22.52,10.4,52.95,0,none,0.0
2061-01-30,M12,Compressor,2.33,64.26,15.11,105.5,1709.3,normal,22.88,9.4,52.58,0,none,0.0
2061-01-31,M12,Compressor,2.51,56.78,14.01,98.4,1742.3,normal,23.18,12.6,52.28,0,none,0.0
2061-02-01,M12,Compressor,2.26,60.63,14.12,113.7,1697.2,normal,23.4,16.1,52.06,0,none,0.0
2061-02-02,M12,Compressor,0.93,49.62,6.08,46.5,776.5,idle,23.85,14.2,51.61,0,none,0.0
2061-02-03,M12,Compressor,1.0,45.22,6.14,45.8,766.0,idle,24.17,16.3,51.3,0,none,0.0
2061-02-04,M12,Compressor,2.2,56.24,13.13,112.5,1776.5,normal,24.45,12.9,51.01,0,none,0.0
2061-02-05,M12,Compressor,0.99,48.31,6.62,44.1,756.4,idle,24.93,16.5,50.53,0,none,0.0
2061-02-06,M12,Compressor,0.99,61.84,13.2,102.3,1738.2,normal,25.08,9.9,50.38,0,none,0.0
2061-02-07,M12,Compressor,5.88,62.18,14.64,116.9,1735.0,normal,25.43,15.8,50.03,0,none,0.0
2061-02-08,M12,Compressor,2.45,53.28,13.01,99.3,1660.6,normal,25.48,8.1,49.98,0,none,0.0
2061-02-09,M12,Compressor,2.31,58.43,14.61,98.5,1686.5,normal,25.67,9.1,49.8,0,none,0.0
2061-02-10,M12,Compressor,2.5,60.38,13.07,116.2,1757.1,normal,25.82,13.5,49.65,0,none,0.0
2061-02-11,M12,Compressor,2.19,54.54,14.38,109.0,1786.9,normal,26.0,15.3,49.46,0,none,0.0
2061-02-12,M12,Compressor,2.19,59.89,14.46,109.0,1662.4,normal,26.07,10.8,49.4,0,none,0.0
2061-02-13,M12,Compressor,2.31,56.1,14.46,106.6,1724.0,normal,26.18,9.3,49.28,0,none,0.0
2061-02-14,M12,Compressor,1.0,51.35,6.42,45.1,774.8,idle,26.57,12.7,48.9,0,none,0.0
2061-02-15,M12,Compressor,2.56,54.76,13.98,119.2,1742.0,normal,26.67,10.3,48.8,0,none,0.0
2061-02-16,M12,Compressor,3.26,58.91,19.54,157.6,2407.7,peak,27.17,15.7,48.3,0,none,0.0
2061-02-17,M12,Compressor,2.14,50.1,13.55,99.6,1794.6,normal,27.6,10.4,47.86,0,none,0.0
2061-02-18,M12,Compressor,2.52,49.29,5.68,46.8,746.1,idle,27.82,9.9,47.65,0,none,0.0
2061-02-19,M12,Compressor,2.3,65.42,13.42,109.9,1789.7,normal,28.22,17.4,47.25,0,none,0.0
2061-02-20,M12,Compressor,3.43,74.67,18.01,162.7,2522.7,peak,28.42,16.2,47.05,0,none,0.0
2061-02-21,M12,Compressor,2.1,58.38,14.92,99.6,1765.3,normal,28.8,13.7,46.66,0,none,0.0
2061-02-22,M12,Compressor,2.17,64.46,14.42,95.8,1665.5,normal,29.25,9.9,46.21,0,none,0.0
2061-02-23,M12,Compressor,2.53,50.59,13.75,95.8,1686.3,normal,29.65,12.0,45.81,0,none,0.0
2061-02-24,M12,Compressor,2.21,63.97,13.75,96.0,1772.6,normal,29.68,13.6,45.78,0,none,0.0
2061-02-25,M12,Compressor,2.58,64.97,14.37,105.6,1807.3,normal,30.12,14.3,45.35,0,none,0.0
2061-02-26,M12,Compressor,1.05,48.57,6.82,46.8,778.4,idle,30.42,13.5,45.05,0,none,0.0
2061-02-27,M12,Compressor,1.07,48.4,6.88,44.7,762.1,idle,30.85,12.8,44.61,0,none,0.0
2061-02-28,M12,Compressor,2.19,66.12,13.62,118.7,1652.9,normal,30.98,17.4,44.48,0,none,0.0
2061-03-01,M12,Compressor,2.44,52.7,14.93,107.3,1804.6,normal,31.13,17.3,44.33,0,none,0.0
2061-03-02,M12,Compressor,2.46,63.83,13.3,97.4,1794.6,normal,31.4,14.4,44.06,0,none,0.0
2061-03-03,M12,Compressor,0.95,50.94,5.71,44.5,775.7,idle,31.7,16.7,43.76,0,none,0.0
2061-03-04,M12,Compressor,2.52,50.98,14.12,117.8,1652.5,normal,32.18,8.3,43.28,0,none,0.0
2061-03-05,M12,Compressor,0.92,50.98,5.66,45.6,750.5,idle,32.47,18.0,43.0,0,none,0.0
2061-03-06,M12,Compressor,1.07,51.66,6.27,46.1,763.6,idle,32.77,17.3,42.7,0,none,0.0
2061-03-07,M12,Compressor,0.94,51.53,5.5,42.0,757.5,idle,32.8,15.5,42.66,0,none,0.0
2061-03-08,M12,Compressor,2.27,57.17,13.55,105.2,1790.8,normal,33.18,10.8,42.28,0,none,0.0
2061-03-09,M12,Compressor,1.04,44.76,5.59,46.0,763.8,idle,33.4,12.4,42.06,0,none,0.0
2061-03-10,M12,Compressor,2.43,65.55,13.33,110.1,1780.2,normal,33.5,9.6,41.96,0,none,0.0
2061-03-11,M12,Compressor,1.09,44.81,5.86,110.1,752.5,idle,33.85,15.3,41.61,0,none,0.0
2061-03-12,M12,Compressor,0.98,50.89,5.86,42.6,762.0,idle,34.28,14.9,41.18,0,none,0.0
2061-03-13,M12,Compressor,2.16,66.16,13.36,119.8,1722.7,normal,34.32,14.1,41.15,0,none,0.0
2061-03-14,M12,Compressor,0.98,48.69,6.09,43.9,757.8,idle,34.72,17.5,40.75,0,none,0.0
2061-03-15,M12,Compressor,1.05,51.56,6.11,47.6,770.0,idle,34.95,12.5,40.51,0,none,0.0
2061-03-16,M12,Compressor,1.07,44.27,6.03,42.1,753.5,idle,35.07,11.9,40.4,0,none,0.0
2061-03-17,M12,Compressor,1.07,50.52,6.72,44.8,722.8,idle,35.1,11.0,40.36,0,none,0.0
2061-03-18,M12,Compressor,0.93,49.37,5.7,43.0,741.2,idle,35.17,12.3,40.3,0,none,0.0
2061-03-19,M12,Compressor,0.92,46.64,6.95,42.2,769.8,idle,35.25,12.4,40.21,0,none,0.0
2061-03-20,M12,Compressor,1.1,47.49,6.91,44.1,778.9,idle,35.38,16.4,40.08,0,none,0.0
2061-03-21,M12,Compressor,2.53,65.92,13.33,116.8,1810.1,normal,35.8,12.4,39.66,0,none,0.0
2061-03-22,M12,Compressor,1.06,44.73,5.63,44.9,762.3,idle,35.97,11.2,39.5,0,none,0.0
2061-03-23,M12,Compressor,0.9,51.61,6.29,44.9,753.7,idle,36.03,13.9,39.43,0,none,0.0
2061-03-24,M12,Compressor,1.04,46.19,5.94,45.8,760.2,idle,36.52,12.6,38.95,0,none,0.0
2061-03-25,M12,Compressor,2.45,55.83,13.81,107.2,1742.1,normal,36.57,14.7,38.9,0,none,0.0
2061-03-26,M12,Compressor,1.03,48.94,6.06,44.4,738.5,idle,36.75,11.3,38.71,0,none,0.0
2061-03-27,M12,Compressor,1.03,47.47,5.7,42.0,721.8,idle,36.95,14.9,38.51,0,none,0.0
2061-03-28,M12,Compressor,1.07,47.66,6.49,49.4,727.6,idle,37.4,10.0,38.06,0,none,0.0
2061-03-29,M12,Compressor,0.99,48.31,6.76,50.0,762.7,idle,37.63,14.3,37.83,0,none,0.0
2061-03-30,M12,Compressor,1.03,51.36,6.76,48.9,720.2,idle,37.73,10.2,37.73,0,none,0.0
2061-03-31,M12,Compressor,2.36,64.09,13.45,113.8,1651.6,normal,38.08,8.3,37.38,0,none,0.0
2061-04-01,M12,Compressor,1.02,50.81,6.15,47.9,751.8,idle,38.35,17.7,37.11,0,none,0.0
2061-04-02,M12,Compressor,1.03,48.13,6.21,48.7,725.6,idle,38.57,9.9,36.9,0,none,0.0
2061-04-03,M12,Compressor,1.02,44.92,6.34,49.7,723.4,idle,38.62,12.2,36.85,0,none,0.0
2061-04-04,M12,Compressor,0.98,50.42,6.05,46.2,726.9,idle,38.73,9.3,36.73,0,none,0.0
2061-04-05,M12,Compressor,0.94,49.49,6.74,47.2,770.2,idle,38.82,13.5,36.65,0,none,0.0
2061-04-06,M12,Compressor,1.02,50.48,6.97,42.7,748.8,idle,39.13,8.3,36.33,0,none,0.0
2061-04-07,M12,Compressor,0.94,47.72,6.25,47.0,746.4,idle,39.25,17.4,36.21,0,none,0.0
2061-04-08,M12,Compressor,0.96,47.72,5.55,43.4,746.9,idle,39.45,13.7,36.01,0,none,0.0
2061-04-09,M12,Compressor,0.98,45.53,6.73,47.5,740.6,idle,39.92,9.6,35.55,0,none,0.0
2061-04-10,M12,Compressor,2.5,67.81,13.61,104.1,1818.8,normal,40.1,15.3,35.36,0,none,0.0
2061-04-11,M12,Compressor,0.93,67.81,6.28,45.8,724.7,idle,40.22,10.2,35.25,0,none,0.0
2061-04-12,M12,Compressor,0.96,47.35,6.73,47.7,774.9,idle,40.3,8.0,35.16,0,none,0.0
2061-04-13,M12,Compressor,0.97,46.48,6.19,47.7,732.4,idle,40.8,9.9,34.66,0,none,0.0
2061-04-14,M12,Compressor,0.94,46.48,6.18,49.2,720.2,idle,40.85,13.3,34.61,0,none,0.0
2061-04-15,M12,Compressor,1.03,51.03,5.66,49.3,769.1,idle,41.15,12.1,34.31,0,none,0.0
2061-04-16,M12,Compressor,0.94,51.24,6.71,42.9,769.8,idle,41.32,13.0,34.15,0,none,0.0
2061-04-17,M12,Compressor,1.01,50.53,6.43,45.1,756.1,idle,41.8,17.3,33.66,0,none,0.0
2061-04-18,M12,Compressor,2.42,63.79,15.08,111.6,1818.2,normal,42.1,12.2,33.36,0,none,0.0
2061-04-19,M12,Compressor,2.49,66.39,13.8,111.6,1711.6,normal,42.22,11.9,33.25,0,none,0.0
2061-04-20,M12,Compressor,0.99,51.69,5.61,46.0,729.7,idle,42.42,8.5,33.05,0,none,0.0
2061-04-21,M12,Compressor,2.51,50.56,14.14,104.9,1665.7,normal,42.65,11.7,32.81,0,none,0.0
2061-04-22,M12,Compressor,2.51,64.56,14.14,104.9,1659.9,normal,42.87,12.5,32.6,0,none,0.0
2061-04-23,M12,Compressor,0.96,64.56,6.04,45.8,731.2,idle,43.02,15.5,32.45,0,none,0.0
2061-04-24,M12,Compressor,0.96,53.23,15.12,108.5,1743.2,normal,43.22,16.1,32.25,0,none,0.0
2061-04-25,M12,Compressor,3.56,70.46,20.97,162.2,2418.4,peak,43.42,15.6,32.05,0,none,0.0
2061-04-26,M12,Compressor,1.05,45.87,5.92,42.1,773.6,idle,43.8,12.8,31.66,0,none,0.0
2061-04-27,M12,Compressor,2.47,52.51,13.82,107.0,1734.0,normal,44.18,17.8,31.28,0,none,0.0
2061-04-28,M12,Compressor,2.4,58.5,14.62,117.1,1717.7,normal,44.37,11.3,31.1,0,none,0.0
2061-04-29,M12,Compressor,1.08,45.76,5.68,43.9,732.4,idle,44.83,13.3,30.63,0,none,0.0
2061-04-30,M12,Compressor,1.1,47.05,6.48,47.6,746.7,idle,45.18,13.5,30.28,0,none,0.0
2061-05-01,M12,Compressor,2.21,57.89,14.18,118.8,1746.7,normal,45.22,17.1,30.25,0,none,0.0
2061-05-02,M12,Compressor,2.58,60.38,13.36,104.6,1784.7,normal,45.67,12.5,29.8,0,none,0.0
2061-05-03,M12,Compressor,2.31,51.8,13.24,100.9,1746.0,normal,45.8,13.0,29.66,0,none,0.0
2061-05-04,M12,Compressor,2.52,59.61,14.87,111.1,1739.1,normal,46.23,12.7,29.23,0,none,0.0
2061-05-05,M12,Compressor,2.21,65.9,13.69,101.3,1693.8,normal,46.33,8.2,29.13,0,none,0.0
2061-05-06,M12,Compressor,3.06,64.97,19.31,155.4,2490.6,peak,46.52,8.2,28.95,0,none,0.0
2061-05-07,M12,Compressor,2.36,55.36,15.04,108.3,1685.4,normal,46.7,8.6,28.76,0,none,0.0
2061-05-08,M12,Compressor,1.08,44.88,6.6,47.4,724.4,idle,46.97,17.4,28.5,0,none,0.0
2061-05-09,M12,Compressor,2.55,55.69,14.85,101.9,1739.4,normal,47.15,9.2,28.31,0,none,0.0
2061-05-10,M12,Compressor,2.59,60.99,13.74,106.5,1764.9,normal,47.38,14.7,28.08,0,none,0.0
2061-05-11,M12,Compressor,2.59,51.29,6.8,43.2,767.1,idle,47.63,16.2,27.83,0,none,0.0
2061-05-12,M12,Compressor,2.57,55.7,13.6,95.2,1669.7,normal,47.7,11.7,27.76,0,none,0.0
2061-05-13,M12,Compressor,3.58,62.82,19.55,150.3,2432.8,peak,47.93,8.9,27.53,0,none,0.0
2061-05-14,M12,Compressor,2.35,63.02,14.38,95.9,1786.6,normal,48.3,15.0,27.16,0,none,0.0
2061-05-15,M12,Compressor,1.09,47.52,6.05,43.8,738.1,idle,48.57,11.6,26.9,0,none,0.0
2061-05-16,M12,Compressor,2.42,63.86,13.83,103.5,738.1,normal,48.62,16.3,26.85,0,none,0.0
2061-05-17,M12,Compressor,2.19,66.69,14.76,105.8,1670.8,normal,48.82,8.3,26.65,0,none,0.0
2061-05-18,M12,Compressor,2.52,58.71,14.99,95.8,1696.5,normal,49.18,9.4,26.28,0,none,0.0
2061-05-19,M12,Compressor,2.41,58.78,13.74,100.0,1696.5,normal,49.55,12.1,25.91,0,none,0.0
2061-05-20,M12,Compressor,2.47,53.31,14.48,105.6,1779.7,normal,50.05,14.8,25.41,0,none,0.0
2061-05-21,M12,Compressor,2.2,54.86,14.0,99.2,1728.4,normal,50.42,14.1,25.05,0,none,0.0
2061-05-22,M12,Compressor,5.37,67.82,14.48,96.7,1728.2,normal,50.6,11.3,24.86,0,none,0.0
2061-05-23,M12,Compressor,2.54,65.6,15.4,117.4,1680.0,normal,50.97,15.0,24.5,0,none,0.0
2061-05-24,M12,Compressor,2.1,65.6,14.76,98.3,1678.4,normal,51.47,13.1,24.0,0,none,0.0
2061-05-25,M12,Compressor,3.58,65.6,18.63,149.9,2578.4,peak,51.52,10.3,23.95,0,none,0.0
2061-05-26,M12,Compressor,2.32,64.37,13.99,113.4,1717.5,normal,51.88,13.6,23.58,0,none,0.0
2061-05-27,M12,Compressor,2.55,55.86,14.31,108.0,1760.3,normal,52.12,9.4,23.35,0,none,0.0
2061-05-28,M12,Compressor,2.25,61.57,13.35,117.3,1674.5,normal,52.23,11.3,23.23,0,none,0.0
2061-05-29,M12,Compressor,3.5,68.86,19.36,151.6,2593.2,peak,52.53,9.0,22.93,0,none,0.0
2061-05-30,M12,Compressor,2.2,63.01,13.46,117.6,1776.1,normal,52.58,10.2,22.88,0,none,0.0
2061-05-31,M12,Compressor,2.57,65.82,14.37,98.8,1687.7,normal,52.8,15.6,22.66,0,none,0.0
2061-06-01,M12,Compressor,0.94,45.77,6.21,48.9,721.4,idle,52.98,14.7,22.48,0,none,0.0
2061-06-02,M12,Compressor,2.22,60.74,15.16,102.4,1715.0,normal,53.15,14.4,22.31,0,none,0.0
2061-06-03,M12,Compressor,2.29,55.29,14.75,111.4,1793.4,normal,53.6,16.3,21.86,0,none,0.0
2061-06-04,M12,Compressor,2.56,66.21,14.35,99.6,1687.8,normal,53.85,10.5,21.61,0,none,0.0
2061-06-05,M12,Compressor,2.4,66.53,14.33,118.4,1694.6,normal,54.2,8.4,21.26,0,none,0.0
2061-06-06,M12,Compressor,2.14,64.33,15.2,106.2,1667.4,normal,54.25,10.1,21.21,0,none,0.0
2061-06-07,M12,Compressor,2.12,51.13,14.1,100.9,1728.5,normal,54.65,10.7,20.81,0,none,0.0
2061-06-08,M12,Compressor,3.29,64.16,20.48,158.6,2479.2,peak,55.13,13.5,20.33,0,none,0.0
2061-06-09,M12,Compressor,2.27,56.63,13.18,103.0,1684.0,normal,55.57,15.4,19.9,0,none,0.0
2061-06-10,M12,Compressor,2.25,56.63,15.47,118.1,1684.0,normal,55.85,16.4,19.61,0,none,0.0
2061-06-11,M12,Compressor,2.47,67.01,14.88,106.8,1752.2,normal,55.93,14.9,19.53,0,none,0.0
2061-06-12,M12,Compressor,2.25,50.06,13.88,105.1,1774.6,normal,56.17,12.4,19.3,0,none,0.0
2061-06-13,M12,Compressor,2.53,67.33,13.88,118.9,1785.9,normal,56.5,17.5,18.96,0,none,0.0
2061-06-14,M12,Compressor,2.12,60.71,13.91,95.8,1740.4,normal,56.63,16.2,18.83,0,none,0.0
2061-06-15,M12,Compressor,2.12,54.54,15.35,110.3,1679.9,normal,56.97,9.2,18.5,0,none,0.0
2061-06-16,M12,Compressor,3.43,64.98,19.89,161.7,2427.6,peak,57.2,17.6,18.26,0,none,0.0
2061-06-17,M12,Compressor,2.35,64.05,14.65,95.1,1783.9,normal,57.52,16.9,17.95,0,none,0.0
2061-06-18,M12,Compressor,1.09,49.64,6.81,44.9,741.0,idle,57.67,13.5,17.8,0,none,0.0
2061-06-19,M12,Compressor,2.26,63.23,15.36,117.1,1675.5,normal,57.9,14.8,17.56,0,none,0.0
2061-06-20,M12,Compressor,1.03,51.97,5.94,47.1,774.4,idle,58.22,8.5,17.25,0,none,0.0
2061-06-21,M12,Compressor,1.08,46.57,5.64,47.2,776.8,idle,58.45,10.6,17.01,0,none,0.0
2061-06-22,M12,Compressor,1.0,47.66,6.8,45.4,760.9,idle,58.7,9.5,16.76,0,none,0.0
2061-06-23,M12,Compressor,0.98,47.02,5.78,42.7,773.1,idle,58.97,9.5,16.5,0,none,0.0
2061-06-24,M12,Compressor,0.94,47.02,6.37,46.4,754.1,idle,59.18,9.1,16.28,0,none,0.0
2061-06-25,M12,Compressor,0.99,45.14,5.53,42.4,776.6,idle,59.45,13.0,16.01,0,none,0.0
2061-06-26,M12,Compressor,1.01,47.2,6.12,47.2,742.6,idle,59.68,16.7,15.78,0,none,0.0
2061-06-27,M12,Compressor,1.06,46.08,6.05,49.5,735.6,idle,60.13,16.9,15.33,0,none,0.0
2061-06-28,M12,Compressor,2.43,56.56,14.18,96.1,735.6,normal,60.35,15.9,15.11,0,none,0.0
2061-06-29,M12,Compressor,0.92,50.76,6.94,42.5,724.6,idle,60.72,11.1,14.75,0,none,0.0
2061-06-30,M12,Compressor,1.01,48.03,6.48,47.9,767.8,idle,60.88,13.6,14.58,0,none,0.0
2061-07-01,M12,Compressor,0.93,44.3,6.83,45.8,778.3,idle,61.25,13.1,14.21,0,none,0.0
2061-07-02,M12,Compressor,1.01,48.08,6.43,43.4,735.2,idle,61.7,12.7,13.76,0,none,0.0
2061-07-03,M12,Compressor,1.08,48.08,5.85,46.1,758.5,idle,61.85,8.9,13.61,0,none,0.0
2061-07-04,M12,Compressor,0.9,47.65,6.1,48.9,770.4,idle,62.05,8.9,13.41,0,none,0.0
2061-07-05,M12,Compressor,1.08,50.74,6.1,48.9,730.5,idle,62.3,10.8,13.16,0,none,0.0
2061-07-06,M12,Compressor,2.27,62.31,15.31,111.7,1685.3,normal,62.53,16.3,12.93,0,none,0.0
2061-07-07,M12,Compressor,1.09,50.08,6.57,48.1,759.5,idle,62.7,15.7,12.76,0,none,0.0
2061-07-08,M12,Compressor,0.9,46.03,6.93,44.3,766.3,idle,62.97,12.2,12.5,0,none,0.0
2061-07-09,M12,Compressor,0.98,51.26,6.34,47.1,734.4,idle,63.02,10.6,12.45,0,none,0.0
2061-07-10,M12,Compressor,0.91,50.05,5.6,47.8,753.3,idle,63.1,12.3,12.36,0,none,0.0
2061-07-11,M12,Compressor,2.51,53.7,14.35,110.3,1662.6,normal,63.28,14.8,12.18,0,none,0.0
2061-07-12,M12,Compressor,1.05,47.11,14.35,45.1,725.9,idle,63.58,9.4,11.88,0,none,0.0
2061-07-13,M12,Compressor,1.08,47.65,5.71,44.0,763.5,idle,64.08,15.4,11.38,0,none,0.0
2061-07-14,M12,Compressor,1.06,44.33,5.59,49.3,739.9,idle,64.27,11.7,11.2,0,none,0.0
2061-07-15,M12,Compressor,0.94,44.98,6.21,48.2,751.3,idle,64.33,16.4,11.13,0,none,0.0
2061-07-16,M12,Compressor,2.11,58.71,13.78,112.1,1739.0,normal,64.78,16.4,10.68,0,none,0.0
2061-07-17,M12,Compressor,1.09,48.79,6.45,46.2,738.7,idle,65.2,13.6,10.26,0,none,0.0
2061-07-18,M12,Compressor,1.03,46.66,6.58,43.9,742.1,idle,65.37,12.9,10.1,0,none,0.0
2061-07-19,M12,Compressor,1.02,49.03,6.5,47.6,739.1,idle,65.62,14.0,9.85,0,none,0.0
2061-07-20,M12,Compressor,1.08,44.24,5.78,42.6,760.3,idle,66.07,9.9,9.4,0,none,0.0
2061-07-21,M12,Compressor,2.24,53.58,14.2,110.5,1755.3,normal,66.22,17.3,9.25,0,none,0.0
2061-07-22,M12,Compressor,2.38,67.86,15.15,101.0,1779.0,normal,66.63,17.0,8.83,0,none,0.0
2061-07-23,M12,Compressor,2.38,51.27,13.12,115.0,1742.7,normal,67.1,12.2,8.36,0,none,0.0
2061-07-24,M12,Compressor,1.01,46.69,6.9,47.7,775.7,idle,67.5,10.8,7.96,0,none,0.0
2061-07-25,M12,Compressor,2.15,60.51,14.59,98.2,1708.9,normal,67.88,12.4,7.58,0,none,0.0
2061-07-26,M12,Compressor,0.94,51.88,6.32,44.5,759.9,idle,68.37,10.7,7.1,0,none,0.0
2061-07-27,M12,Compressor,2.43,56.25,15.48,115.2,1718.0,normal,68.82,14.9,6.65,0,none,0.0
2061-07-28,M12,Compressor,2.43,62.79,13.43,117.0,1790.4,normal,68.95,10.8,6.51,0,none,0.0
2061-07-29,M12,Compressor,2.48,54.01,13.34,99.5,1790.4,normal,69.15,11.9,6.31,0,none,0.0
2061-07-30,M12,Compressor,2.57,65.33,13.23,112.0,1691.8,normal,69.47,16.2,6.0,0,none,0.0
2061-07-31,M12,Compressor,0.9,46.34,6.16,42.2,739.4,idle,69.72,16.3,5.75,0,none,0.0
2061-08-01,M12,Compressor,2.45,54.11,14.21,117.2,1654.8,normal,69.85,17.4,5.61,0,none,0.0
2061-08-02,M12,Compressor,1.06,47.07,6.31,43.9,754.7,idle,70.33,11.4,5.13,0,none,0.0
2061-08-03,M12,Compressor,2.47,53.63,13.86,109.2,1720.8,normal,70.8,14.7,4.66,0,none,0.0
2061-08-04,M12,Compressor,3.18,64.03,19.16,151.0,2522.1,peak,70.97,16.7,4.5,0,none,0.0
2061-08-05,M12,Compressor,3.18,62.19,15.09,118.6,1675.7,normal,71.33,9.4,4.13,0,none,0.0
2061-08-06,M12,Compressor,2.41,60.48,15.17,117.4,1779.3,normal,71.62,11.7,3.85,0,none,0.0
2061-08-07,M12,Compressor,2.4,53.59,13.69,110.1,1673.7,normal,72.12,14.4,3.35,0,none,0.0
2061-08-08,M12,Compressor,2.4,73.23,21.83,145.1,2572.5,peak,72.42,14.5,3.05,0,none,0.0
2061-08-09,M12,Compressor,3.56,65.51,19.8,163.4,2401.5,peak,72.72,15.0,2.75,0,none,0.0
2061-08-10,M12,Compressor,2.52,55.34,14.6,103.1,1738.9,normal,72.98,8.7,2.48,0,none,0.0
2061-08-11,M12,Compressor,2.5,53.26,14.66,117.5,1803.2,normal,73.22,11.1,2.25,0,none,0.0
2061-08-12,M12,Compressor,1.08,48.15,6.65,45.6,747.6,idle,73.62,14.6,1.85,0,none,0.0
2061-08-13,M12,Compressor,2.24,71.56,13.09,108.3,1702.5,normal,73.75,17.4,1.71,0,none,0.0
2061-08-14,M12,Compressor,2.24,44.97,6.02,49.2,751.0,idle,74.17,9.5,1.3,0,none,0.0
2061-08-15,M12,Compressor,2.38,44.97,14.3,111.7,1675.6,normal,74.45,10.5,1.01,0,none,0.0
2061-08-16,M12,Compressor,1.1,51.32,6.99,44.9,769.3,idle,74.55,9.3,0.91,0,none,0.0
2061-08-17,M12,Compressor,3.2,69.98,21.79,148.1,769.3,peak,74.82,12.3,0.65,0,none,0.0
2061-08-18,M12,Compressor,2.15,64.37,14.67,108.1,1781.6,normal,75.0,14.1,0.5,0,none,0.0
2061-08-19,M12,Compressor,1.07,51.6,5.8,45.5,775.4,idle,75.3,16.6,0.5,0,none,0.0
2061-08-20,M12,Compressor,2.33,58.78,15.36,113.4,1743.8,normal,75.63,10.9,0.5,0,none,0.0
2061-08-21,M12,Compressor,2.28,66.48,13.02,113.4,1810.8,normal,75.87,12.5,0.5,0,none,0.0
2061-08-22,M12,Compressor,2.28,61.23,14.33,104.9,1763.1,normal,76.27,10.9,0.5,0,none,0.0
2061-08-23,M12,Compressor,2.48,56.56,14.48,97.1,1743.1,normal,76.65,13.8,0.5,0,none,0.0
2061-08-24,M12,Compressor,2.47,60.53,15.2,102.2,1733.6,normal,76.82,9.9,0.5,0,none,0.0
2061-08-25,M12,Compressor,2.14,62.6,14.11,108.3,1671.8,normal,76.88,12.9,0.5,0,none,0.0
2061-08-26,M12,Compressor,1.1,62.6,6.1,46.6,757.1,idle,77.25,9.6,0.5,0,none,0.0
2061-08-27,M12,Compressor,1.1,50.15,6.02,49.8,738.1,idle,77.73,15.5,0.5,0,none,0.0
2061-08-28,M12,Compressor,2.39,62.61,13.68,118.9,1686.7,normal,77.97,10.6,0.5,0,none,0.0
2061-08-29,M12,Compressor,2.32,53.24,15.19,100.5,1655.9,normal,78.43,16.8,0.5,0,none,0.0
2061-08-30,M12,Compressor,2.12,57.45,14.31,96.0,1665.8,normal,78.82,12.0,0.5,0,none,0.0
2061-08-31,M12,Compressor,0.92,49.35,5.95,46.5,724.4,idle,79.07,14.5,0.5,0,none,0.0
2061-09-01,M12,Compressor,2.68,46.44,6.67,48.6,779.3,idle,79.2,8.3,0.5,0,none,0.0
2061-09-02,M12,Compressor,2.47,57.97,13.38,96.2,1800.7,normal,79.27,17.0,0.5,0,none,0.0
2061-09-03,M12,Compressor,2.47,50.0,6.24,49.0,765.0,idle,79.67,16.7,0.5,0,none,0.0
2061-09-04,M12,Compressor,2.14,63.54,13.67,49.0,1811.2,normal,79.95,8.1,0.5,0,none,0.0
2061-09-05,M12,Compressor,2.57,52.25,13.14,114.4,1770.7,normal,80.1,17.2,0.5,0,none,0.0
2061-09-06,M12,Compressor,0.94,49.48,5.52,47.0,769.9,idle,80.42,10.2,0.5,0,none,0.0
2061-09-07,M12,Compressor,2.42,51.18,15.48,103.9,1714.7,normal,80.55,11.2,0.5,0,none,0.0
2061-09-08,M12,Compressor,3.05,58.34,19.08,161.0,2538.3,peak,80.93,15.3,0.5,0,none,0.0
2061-09-09,M12,Compressor,2.39,65.55,15.49,104.6,1716.5,normal,81.23,12.0,0.5,0,none,0.0
2061-09-10,M12,Compressor,2.47,61.6,13.03,111.4,1772.3,normal,81.4,8.1,0.5,0,none,0.0
2061-09-11,M12,Compressor,2.47,60.56,14.71,114.7,1666.3,normal,81.55,13.4,0.5,0,none,0.0
2061-09-12,M12,Compressor,2.47,59.84,13.25,111.8,1689.9,normal,82.03,14.0,0.5,0,none,0.0
2061-09-13,M12,Compressor,1.01,46.25,5.66,44.0,746.3,idle,82.33,14.9,0.5,0,none,0.0
2061-09-14,M12,Compressor,1.0,45.19,5.98,48.9,774.6,idle,82.68,11.7,0.5,0,none,0.0
2061-09-15,M12,Compressor,1.01,47.92,6.37,43.7,779.6,idle,82.82,11.5,0.5,0,none,0.0
2061-09-16,M12,Compressor,2.47,54.3,13.68,111.2,1704.9,normal,83.25,16.9,0.5,0,none,0.0
2061-09-17,M12,Compressor,2.47,50.25,5.9,47.6,776.1,idle,83.58,17.1,0.5,0,none,0.0
2061-09-18,M12,Compressor,2.47,45.15,6.91,47.6,721.2,idle,83.8,10.6,0.5,0,none,0.0
2061-09-19,M12,Compressor,2.53,55.08,13.75,100.7,1806.0,normal,83.87,13.8,0.5,0,none,0.0
2061-09-20,M12,Compressor,1.05,48.77,6.18,43.1,775.6,idle,83.93,11.8,0.5,0,none,0.0
2061-09-21,M12,Compressor,1.05,46.23,6.92,49.5,759.6,idle,84.18,12.2,0.5,0,none,0.0
2061-09-22,M12,Compressor,1.1,45.5,6.6,43.2,761.5,idle,84.3,11.8,0.5,0,none,0.0
2061-09-23,M12,Compressor,1.08,48.29,6.64,43.1,758.0,idle,84.35,8.4,0.5,0,none,0.0
2061-09-24,M12,Compressor,0.91,44.3,6.45,46.6,739.8,idle,84.45,17.9,0.5,0,none,0.0
2061-09-25,M12,Compressor,1.0,49.47,6.47,42.6,760.7,idle,84.57,11.1,0.5,0,none,0.0
2061-09-26,M12,Compressor,1.03,49.36,6.77,46.6,776.3,idle,84.85,14.1,0.5,0,none,0.0
2061-09-27,M12,Compressor,2.59,63.53,13.9,98.6,1789.4,normal,84.95,17.6,0.5,0,none,0.0
2061-09-28,M12,Compressor,0.93,45.17,6.88,46.5,737.6,idle,85.03,13.5,0.5,0,none,0.0
2061-09-29,M12,Compressor,1.09,49.66,6.3,44.6,760.6,idle,85.43,17.6,0.5,0,none,0.0
2061-09-30,M12,Compressor,2.47,62.82,13.49,112.4,1748.8,normal,85.68,9.0,0.5,0,none,0.0
2061-10-01,M12,Compressor,1.07,49.0,5.72,44.5,764.6,idle,86.13,11.4,0.5,0,none,0.0
2061-10-02,M12,Compressor,1.05,45.78,6.03,42.1,739.9,idle,86.38,8.6,0.5,0,none,0.0
2061-10-03,M12,Compressor,0.91,50.98,6.5,49.8,773.5,idle,86.57,11.2,0.5,0,none,0.0
2061-10-04,M12,Compressor,1.02,48.02,6.83,44.4,733.4,idle,86.85,16.9,0.5,0,none,0.0
2061-10-05,M12,Compressor,2.31,50.96,13.75,97.1,1659.0,normal,87.13,8.2,0.5,0,none,0.0
2061-10-06,M12,Compressor,1.01,49.67,13.75,42.6,743.7,idle,87.23,16.8,0.5,0,none,0.0
2061-10-07,M12,Compressor,0.92,49.2,6.74,42.9,724.0,idle,87.3,18.0,0.5,0,none,0.0
2061-10-08,M12,Compressor,0.98,46.43,5.89,43.7,739.0,idle,87.58,9.8,0.5,0,none,0.0
2061-10-09,M12,Compressor,1.09,50.86,6.4,48.4,720.9,idle,87.83,12.2,0.5,0,none,0.0
2061-10-10,M12,Compressor,0.92,46.34,6.47,49.1,733.9,idle,88.05,13.3,0.5,0,none,0.0
2061-10-11,M12,Compressor,0.93,50.78,6.11,47.6,752.9,idle,88.3,15.6,0.5,0,none,0.0
2061-10-12,M12,Compressor,2.19,62.61,14.05,102.2,1803.5,normal,88.62,14.7,0.5,0,none,0.0
2061-10-13,M12,Compressor,0.9,47.24,5.95,42.4,724.8,idle,88.73,8.4,0.5,0,none,0.0
2061-10-14,M12,Compressor,0.93,48.04,5.92,48.7,734.4,idle,88.88,10.0,0.5,0,none,0.0
2061-10-15,M12,Compressor,1.04,45.68,5.56,44.1,770.2,idle,89.18,12.5,0.5,0,none,0.0
2061-10-16,M12,Compressor,0.92,46.76,5.51,47.0,776.6,idle,89.35,13.8,0.5,0,none,0.0
2061-10-17,M12,Compressor,0.92,48.62,6.18,49.8,764.2,idle,89.48,14.0,0.5,0,none,0.0
2061-10-18,M12,Compressor,0.91,44.87,6.21,47.0,764.2,idle,89.58,8.5,0.5,0,none,0.0
2061-10-19,M12,Compressor,1.03,48.61,6.15,46.7,775.0,idle,90.07,14.6,0.5,0,none,0.0
2061-10-20,M12,Compressor,0.95,50.33,5.52,42.7,777.0,idle,90.18,8.4,0.5,0,none,0.0
2061-10-21,M12,Compressor,2.45,61.4,13.84,99.6,1714.6,normal,90.22,17.8,0.5,0,none,0.0
2061-10-22,M12,Compressor,2.4,61.42,13.42,106.1,1746.3,normal,90.4,13.1,0.5,0,none,0.0
2061-10-23,M12,Compressor,1.09,48.4,6.37,48.1,745.1,idle,90.6,12.5,0.5,0,none,0.0
2061-10-24,M12,Compressor,0.98,48.73,6.67,47.1,731.2,idle,90.9,16.4,0.5,0,none,0.0
2061-10-25,M12,Compressor,2.3,59.23,14.31,103.5,1738.8,normal,91.25,10.3,0.5,0,none,0.0
2061-10-26,M12,Compressor,2.44,58.42,14.13,115.0,1778.7,normal,91.52,9.2,0.5,0,none,0.0
2061-10-27,M12,Compressor,3.25,74.92,18.27,151.5,2407.4,peak,91.72,9.5,0.5,0,none,0.0
2061-10-28,M12,Compressor,1.07,50.05,6.53,43.7,762.5,idle,92.17,9.7,0.5,0,none,0.0
2061-10-29,M12,Compressor,2.28,65.63,13.5,100.5,1813.3,normal,92.5,14.8,0.5,0,none,0.0
2061-10-30,M12,Compressor,2.36,58.03,13.88,115.8,1710.0,normal,92.93,8.4,0.5,0,none,0.0
2061-10-31,M12,Compressor,2.28,52.22,14.3,118.1,1812.8,normal,93.12,16.5,0.5,0,none,0.0
2061-11-01,M12,Compressor,2.6,58.52,14.94,108.8,1743.2,normal,93.27,17.5,0.5,0,none,0.0
2061-11-02,M12,Compressor,2.5,65.04,13.05,118.6,1789.9,normal,93.77,15.7,0.5,0,none,0.0
2061-11-03,M12,Compressor,2.46,65.34,14.34,114.3,1751.8,normal,93.98,14.4,0.5,0,none,0.0
2061-11-04,M12,Compressor,2.37,53.81,15.12,117.1,1815.1,normal,94.28,15.9,0.5,0,none,0.0
2061-11-05,M12,Compressor,2.16,55.25,14.71,116.4,1777.7,normal,94.5,12.5,0.5,0,none,0.0
2061-11-06,M12,Compressor,2.33,63.07,13.18,111.6,1651.4,normal,94.55,16.1,0.5,0,none,0.0
2061-11-07,M12,Compressor,0.91,50.06,6.22,42.5,748.9,idle,95.02,9.7,0.5,0,none,0.0
2061-11-08,M12,Compressor,0.91,46.77,5.74,43.8,731.7,idle,95.18,10.2,0.5,0,none,0.0
2061-11-09,M12,Compressor,3.22,46.77,20.11,153.1,2568.0,peak,95.43,16.4,0.5,0,none,0.0
2061-11-10,M12,Compressor,2.51,64.84,14.17,102.3,1720.6,normal,95.58,11.5,0.5,0,none,0.0
2061-11-11,M12,Compressor,2.44,59.54,14.56,112.3,1806.1,normal,95.95,14.5,0.5,0,none,0.0
2061-11-12,M12,Compressor,1.09,50.72,5.6,49.8,762.2,idle,96.12,11.4,0.5,0,none,0.0
2061-11-13,M12,Compressor,2.45,50.42,14.2,110.7,1697.3,normal,96.27,11.6,0.5,0,none,0.0
2061-11-14,M12,Compressor,0.92,48.26,6.17,42.4,751.2,idle,96.3,13.0,0.5,0,none,0.0
2061-11-15,M12,Compressor,3.06,63.49,19.08,164.4,2406.9,peak,96.57,14.2,0.5,0,none,0.0
2061-11-16,M12,Compressor,1.01,45.22,5.98,43.5,779.7,idle,96.62,9.2,0.5,0,none,0.0
2061-11-17,M12,Compressor,2.12,59.74,14.52,114.3,1756.4,normal,97.07,14.3,0.5,0,none,0.0
2061-11-18,M12,Compressor,0.95,48.78,6.96,48.8,747.2,idle,97.13,15.7,0.5,0,none,0.0
2061-11-19,M12,Compressor,1.0,45.06,6.35,44.2,726.5,idle,97.47,8.0,0.5,0,none,0.0
2061-11-20,M12,Compressor,2.34,50.81,13.3,100.5,1818.4,normal,97.6,9.1,0.5,0,none,0.0
2061-11-21,M12,Compressor,2.5,59.75,13.58,100.5,1760.3,normal,98.03,12.2,0.5,0,none,0.0
2061-11-22,M12,Compressor,2.1,67.78,14.57,119.7,1729.7,normal,98.28,9.2,0.5,0,none,0.0
2061-11-23,M12,Compressor,2.41,58.31,13.02,116.2,1726.3,normal,98.35,8.3,0.5,0,none,0.0
2061-11-24,M12,Compressor,2.34,56.48,14.08,113.1,1769.1,normal,98.85,10.0,0.5,0,none,0.0
2061-11-25,M12,Compressor,2.5,67.54,13.98,103.5,1733.9,normal,98.98,8.1,0.5,0,none,0.0
2061-11-26,M12,Compressor,2.5,63.64,13.98,100.3,1796.9,normal,99.23,9.7,0.5,0,none,0.0
2061-11-27,M12,Compressor,2.5,50.61,13.49,100.3,1714.8,normal,99.47,13.7,0.5,0,none,0.0
2061-11-28,M12,Compressor,3.59,50.61,18.83,156.9,2420.5,peak,99.53,15.4,0.5,0,none,0.0
2061-11-29,M12,Compressor,1.06,49.02,6.95,47.5,2420.5,idle,99.63,12.0,0.5,0,none,0.0
2061-11-30,M12,Compressor,2.34,59.56,15.29,47.5,1750.9,normal,99.78,11.8,0.5,0,none,0.0
2061-12-01,M12,Compressor,2.19,54.4,14.37,112.4,1724.0,normal,99.97,13.5,0.5,0,none,0.0
2061-12-02,M12,Compressor,2.32,54.61,14.75,95.1,1737.2,normal,100.07,8.1,0.5,0,none,0.0
2061-12-03,M12,Compressor,2.1,60.68,13.08,118.5,1731.2,normal,100.35,12.5,0.5,0,none,0.0
2061-12-04,M12,Compressor,1.04,50.83,5.85,46.3,771.8,idle,100.7,11.0,0.5,0,none,0.0
2061-12-05,M12,Compressor,3.32,62.86,19.48,152.7,2523.1,peak,100.97,10.5,0.5,0,none,0.0
2061-12-06,M12,Compressor,0.91,47.32,6.34,48.3,751.8,idle,101.17,14.0,0.5,0,none,0.0
2061-12-07,M12,Compressor,2.56,57.99,14.63,95.4,1690.5,normal,101.53,8.3,0.5,0,none,0.0
2061-12-08,M12,Compressor,2.51,60.55,15.37,113.8,1726.4,normal,101.6,15.1,0.5,0,none,0.0
2061-12-09,M12,Compressor,1.06,47.74,6.0,42.4,771.9,idle,101.63,15.6,0.5,0,none,0.0
2061-12-10,M12,Compressor,2.31,62.33,13.38,115.7,1790.1,normal,101.83,12.4,0.5,0,none,0.0
2061-12-11,M12,Compressor,2.34,62.1,14.3,108.8,1801.1,normal,102.28,11.6,0.5,0,none,0.0
2061-12-12,M12,Compressor,2.58,56.61,13.83,102.6,1781.0,normal,102.73,10.3,0.5,0,none,0.0
2061-12-13,M12,Compressor,2.46,50.79,13.22,111.2,1696.7,normal,103.08,12.7,0.5,0,none,0.0
2061-12-14,M12,Compressor,2.15,50.79,15.19,104.2,1768.3,normal,103.33,9.8,0.5,0,none,0.0
2061-12-15,M12,Compressor,2.55,53.05,14.52,117.7,1682.9,normal,103.42,17.5,0.5,0,none,0.0
2061-12-16,M12,Compressor,1.1,46.92,5.83,48.7,748.1,idle,103.52,16.1,0.5,0,none,0.0
2061-12-17,M12,Compressor,1.03,47.92,6.47,42.3,741.0,idle,103.82,11.8,0.5,0,none,0.0
2061-12-18,M12,Compressor,2.43,56.31,14.94,119.0,1656.4,normal,103.9,12.1,0.5,0,none,0.0
2061-12-19,M12,Compressor,2.53,53.04,15.29,118.7,1746.8,normal,104.32,9.7,0.5,0,none,0.0
2061-12-20,M12,Compressor,2.34,63.65,15.3,100.8,1715.0,normal,104.65,9.9,0.5,0,none,0.0
2061-12-21,M12,Compressor,2.31,65.22,13.34,110.6,1709.7,normal,105.15,12.4,0.5,0,none,0.0
2061-12-22,M12,Compressor,1.08,46.72,6.97,42.1,734.4,idle,105.22,13.8,0.5,0,none,0.0
2061-12-23,M12,Compressor,2.33,54.61,14.84,115.4,1768.6,normal,105.43,13.0,0.5,0,none,0.0
2061-12-24,M12,Compressor,2.59,58.21,15.45,98.1,1793.8,normal,105.57,15.1,0.5,0,none,0.0
2061-12-25,M12,Compressor,0.91,48.26,6.23,48.9,762.0,idle,106.05,17.3,0.5,0,none,0.0
2061-12-26,M12,Compressor,0.99,48.26,6.83,42.2,772.3,idle,106.53,14.9,0.5,0,none,0.0
2061-12-27,M12,Compressor,1.01,50.71,5.77,43.2,763.3,idle,106.92,9.6,0.5,0,none,0.0
2061-12-28,M12,Compressor,0.96,50.71,6.53,46.9,761.9,idle,107.0,12.6,0.5,0,none,0.0
2061-12-29,M12,Compressor,1.02,47.03,5.64,48.8,770.8,idle,107.3,17.1,0.5,0,none,0.0
2061-12-30,M12,Compressor,0.9,50.73,5.64,44.7,744.8,idle,107.6,15.1,0.5,0,none,0.0
2061-12-31,M12,Compressor,1.04,44.74,6.74,49.5,777.2,idle,107.83,13.5,0.5,0,none,0.0
2062-01-01,M12,Compressor,0.92,51.36,6.35,47.8,775.8,idle,107.98,17.7,0.5,0,none,0.0
2062-01-02,M12,Compressor,2.43,58.22,14.31,112.1,1810.6,normal,108.18,9.1,0.5,0,none,0.0
2062-01-03,M12,Compressor,1.08,48.62,5.82,44.8,741.7,idle,108.25,15.2,0.5,0,none,0.0
2062-01-04,M12,Compressor,0.96,49.97,6.75,44.6,770.8,idle,108.33,15.0,0.5,0,none,0.0
2062-01-05,M12,Compressor,1.05,47.53,6.55,48.1,753.7,idle,108.63,11.6,0.5,0,none,0.0
2062-01-06,M12,Compressor,2.32,51.83,13.0,118.4,1695.5,normal,108.82,12.4,0.5,0,none,0.0
2062-01-07,M12,Compressor,2.43,66.98,15.05,98.1,1786.3,normal,108.88,17.4,0.5,0,none,0.0
2062-01-08,M12,Compressor,1.05,46.64,6.53,48.6,737.5,idle,109.15,15.4,0.5,0,none,0.0
2062-01-09,M12,Compressor,1.07,44.63,6.29,43.9,763.7,idle,109.65,15.1,0.5,0,none,0.0
2062-01-10,M12,Compressor,0.93,46.73,5.69,48.5,727.9,idle,109.72,17.2,0.5,0,none,0.0
2062-01-11,M12,Compressor,1.04,49.66,5.69,46.5,749.8,idle,110.1,14.0,0.5,0,none,0.0
2062-01-12,M12,Compressor,2.4,66.87,13.2,115.5,1796.6,normal,110.28,11.2,0.5,0,none,0.0
2062-01-13,M12,Compressor,0.93,49.25,6.55,46.4,750.2,idle,110.33,12.8,0.5,0,none,0.0
2062-01-14,M12,Compressor,0.96,49.51,5.93,45.7,771.4,idle,110.8,10.5,0.5,0,none,0.0
2062-01-15,M12,Compressor,0.92,48.23,6.23,45.0,755.9,idle,111.3,17.8,0.5,0,none,0.0
2062-01-16,M12,Compressor,2.11,58.86,14.21,107.9,1686.1,normal,111.37,12.0,0.5,0,none,0.0
2062-01-17,M12,Compressor,0.94,49.18,5.64,44.5,769.9,idle,111.43,11.9,0.5,0,none,0.0
2062-01-18,M12,Compressor,0.92,47.74,6.5,43.1,738.8,idle,111.57,8.4,0.5,0,none,0.0
2062-01-19,M12,Compressor,1.01,46.62,5.66,43.9,726.6,idle,111.65,12.5,0.5,0,none,0.0
2062-01-20,M12,Compressor,1.1,45.91,6.3,45.4,754.1,idle,111.97,8.9,47.95,0,none,0.0
2062-01-21,M12,Compressor,1.01,49.93,6.82,44.3,730.8,idle,112.27,14.5,47.65,0,none,0.0
2062-01-22,M12,Compressor,1.12,51.12,6.07,44.3,759.7,idle,112.53,17.4,47.38,0,none,0.0
2062-01-23,M12,Compressor,1.02,51.25,6.53,48.6,744.4,idle,112.73,11.8,47.18,0,none,0.0
2062-01-24,M12,Compressor,1.1,47.34,6.64,45.5,743.3,idle,113.2,8.1,46.71,0,none,0.0
2062-01-25,M12,Compressor,1.1,45.42,6.93,45.5,757.1,idle,113.27,14.7,46.65,0,none,0.0
2062-01-26,M12,Compressor,1.1,49.74,6.61,49.0,769.8,idle,113.75,15.4,46.16,0,none,0.0
2062-01-27,M12,Compressor,1.03,49.57,6.73,48.1,771.8,idle,113.95,9.3,45.96,0,none,0.0
2062-01-28,M12,Compressor,1.15,50.45,6.68,48.5,768.4,idle,114.18,15.1,45.73,0,none,0.0
2062-01-29,M12,Compressor,2.48,64.93,15.55,100.8,1653.4,normal,114.67,16.2,45.25,0,none,0.0
2062-01-30,M12,Compressor,0.99,46.62,6.96,43.0,762.6,idle,114.77,8.8,45.15,0,none,0.0
2062-01-31,M12,Compressor,1.17,51.99,6.21,46.0,737.0,idle,115.02,10.1,44.9,0,none,0.0
2062-02-01,M12,Compressor,1.03,46.8,5.78,45.3,727.5,idle,115.45,11.0,44.46,0,none,0.0
2062-02-02,M12,Compressor,1.1,52.03,5.78,47.3,765.6,idle,115.83,16.4,44.08,0,none,0.0
2062-02-03,M12,Compressor,2.41,65.67,13.74,103.7,1694.6,normal,116.3,16.8,43.61,0,none,0.0
2062-02-04,M12,Compressor,2.46,54.59,15.69,110.0,1722.2,normal,116.58,10.9,43.33,0,none,0.0
2062-02-05,M12,Compressor,3.98,72.8,18.82,159.8,2573.3,peak,116.82,9.4,43.1,0,none,0.0
2062-02-06,M12,Compressor,2.79,62.72,15.52,112.0,1809.1,normal,117.25,9.3,42.66,0,none,0.0
2062-02-07,M12,Compressor,2.65,67.03,14.88,104.1,1789.2,normal,117.72,12.3,42.2,0,none,0.0
2062-02-08,M12,Compressor,3.11,53.01,14.88,100.1,1673.8,normal,118.22,15.4,41.7,0,none,0.0
2062-02-09,M12,Compressor,2.57,68.71,15.32,96.3,1745.3,normal,118.67,17.2,41.25,0,none,0.0
2062-02-10,M12,Compressor,2.63,65.69,14.42,96.3,1778.1,normal,118.83,10.2,41.08,0,none,0.0
2062-02-11,M12,Compressor,4.11,72.76,21.34,153.7,2520.2,peak,119.28,14.0,40.63,0,none,0.0
2062-02-12,M12,Compressor,2.61,58.49,15.41,114.1,1786.6,normal,119.5,15.0,40.41,0,none,0.0
2062-02-13,M12,Compressor,2.61,69.44,14.87,107.5,1786.6,normal,119.85,10.8,40.06,0,none,0.0
2062-02-14,M12,Compressor,3.14,65.06,14.64,97.2,1656.9,normal,120.25,11.2,39.66,0,none,0.0
2062-02-15,M12,Compressor,1.16,49.63,5.94,48.9,767.2,idle,120.32,13.0,39.6,0,none,0.0
2062-02-16,M12,Compressor,3.21,63.66,15.01,117.3,1703.6,normal,120.57,9.9,39.35,0,none,0.0
2062-02-17,M12,Compressor,2.72,61.22,14.91,108.7,1703.6,normal,120.72,12.3,39.2,0,none,0.0
2062-02-18,M12,Compressor,3.21,66.08,14.1,108.8,1767.1,normal,121.2,15.9,38.71,0,none,0.0
2062-02-19,M12,Compressor,2.71,57.86,14.73,116.1,1768.5,normal,121.23,15.8,38.68,0,none,0.0
2062-02-20,M12,Compressor,1.21,50.73,6.2,45.2,744.8,idle,121.6,9.0,38.31,0,none,0.0
2062-02-21,M12,Compressor,1.32,48.28,5.92,43.0,762.4,idle,122.0,12.8,37.91,0,none,0.0
2062-02-22,M12,Compressor,2.8,56.91,16.06,96.7,1638.1,normal,122.37,10.2,37.55,0,none,0.0
2062-02-23,M12,Compressor,3.07,56.11,15.06,103.5,1666.5,normal,122.75,12.3,37.16,0,none,0.0
2062-02-24,M12,Compressor,1.49,50.27,6.77,49.0,766.2,idle,123.25,14.3,36.66,0,none,0.0
2062-02-25,M12,Compressor,1.34,55.49,6.91,46.7,752.3,idle,123.68,17.5,36.23,0,none,0.0
2062-02-26,M12,Compressor,3.14,61.42,15.2,103.2,1758.3,normal,124.0,14.8,35.91,0,none,0.0
2062-02-27,M12,Compressor,3.1,68.23,14.07,100.4,1755.0,normal,124.37,12.3,35.55,0,none,0.0
2062-02-28,M12,Compressor,1.33,54.4,7.04,44.1,714.6,idle,124.83,11.2,35.08,0,none,0.0
2062-03-01,M12,Compressor,3.09,67.72,15.96,104.6,1654.6,normal,125.25,9.1,34.66,0,none,0.0
2062-03-02,M12,Compressor,1.32,50.04,15.96,43.4,714.8,idle,125.7,10.3,34.21,0,none,0.0
2062-03-03,M12,Compressor,3.57,65.4,15.17,106.2,1743.8,normal,125.73,15.0,34.18,0,none,0.0
2062-03-04,M12,Compressor,3.57,62.02,15.17,106.2,1743.8,normal,125.93,17.7,33.98,0,none,0.0
2062-03-05,M12,Compressor,3.44,66.97,15.48,110.5,1743.8,normal,126.3,11.1,33.61,0,none,0.0
2062-03-06,M12,Compressor,3.7,61.16,15.46,112.4,1723.6,normal,126.58,10.7,33.33,0,none,0.0
2062-03-07,M12,Compressor,3.73,66.42,14.93,116.1,1706.5,normal,126.73,14.5,33.18,0,none,0.0
2062-03-08,M12,Compressor,1.49,53.41,6.36,47.8,714.4,idle,127.1,12.7,32.81,0,none,0.0
2062-03-09,M12,Compressor,1.59,54.86,6.42,43.8,731.3,idle,127.35,12.8,32.56,0,none,0.0
2062-03-10,M12,Compressor,1.57,49.1,6.6,44.0,760.0,idle,127.43,13.0,32.48,0,none,0.0
2062-03-11,M12,Compressor,3.45,67.48,14.8,103.2,1677.4,normal,127.65,17.5,32.26,0,none,0.0
2062-03-12,M12,Compressor,3.68,72.42,14.43,111.1,1666.5,normal,128.12,14.7,31.8,0,none,0.0
2062-03-13,M12,Compressor,1.54,53.54,6.61,46.0,759.4,idle,128.58,16.0,31.33,0,none,0.0
2062-03-14,M12,Compressor,3.27,70.22,15.16,103.3,1650.6,normal,128.78,17.8,31.13,0,none,0.0
2062-03-15,M12,Compressor,3.87,66.07,15.89,102.9,1685.8,normal,129.23,12.7,30.68,0,none,0.0
2062-03-16,M12,Compressor,5.48,79.65,22.48,160.0,2492.9,peak,129.3,9.2,30.61,0,none,0.0
2062-03-17,M12,Compressor,3.7,66.21,16.54,113.8,1729.1,normal,129.5,13.6,30.41,0,none,0.0
2062-03-18,M12,Compressor,3.42,73.21,15.37,118.6,1738.1,normal,129.9,14.4,30.01,0,none,0.0
2062-03-19,M12,Compressor,1.43,54.06,7.36,42.4,757.2,idle,130.32,9.7,29.6,0,none,0.0
2062-03-20,M12,Compressor,1.61,50.12,6.53,42.2,706.3,idle,130.35,15.9,29.56,0,none,0.0
2062-03-21,M12,Compressor,1.71,55.82,6.39,42.9,709.2,idle,130.57,11.5,29.35,0,none,0.0
2062-03-22,M12,Compressor,1.72,54.93,6.39,47.5,764.5,idle,130.9,8.7,29.01,0,none,0.0
2062-03-23,M12,Compressor,1.72,67.32,7.26,48.0,710.8,idle,131.07,9.5,28.85,0,none,0.0
2062-03-24,M12,Compressor,1.75,57.13,6.91,46.1,718.8,idle,131.3,12.0,28.61,0,none,0.0
2062-03-25,M12,Compressor,1.72,53.56,6.89,46.1,717.9,idle,131.43,14.1,28.48,0,none,0.0
2062-03-26,M12,Compressor,4.2,65.1,6.89,46.1,1779.2,normal,131.8,10.9,28.11,0,none,0.0
2062-03-27,M12,Compressor,4.22,64.52,16.67,104.1,1716.5,normal,132.05,8.9,27.86,0,none,0.0
2062-03-28,M12,Compressor,1.74,57.71,6.83,45.3,747.4,idle,132.4,10.7,27.51,0,none,0.0
2062-03-29,M12,Compressor,1.64,55.91,7.3,48.7,719.2,idle,132.85,15.2,27.06,0,none,0.0
2062-03-30,M12,Compressor,1.69,50.9,7.3,43.0,755.1,idle,133.35,17.3,26.56,0,none,0.0
2062-03-31,M12,Compressor,1.64,52.11,7.29,43.6,726.9,idle,133.58,12.9,26.33,0,none,0.0
2062-04-01,M12,Compressor,4.02,63.37,7.29,105.2,1636.1,normal,133.95,14.1,25.96,0,none,0.0
2062-04-02,M12,Compressor,4.18,63.37,15.53,109.0,1768.5,normal,134.25,18.0,25.66,0,none,0.0
2062-04-03,M12,Compressor,1.57,58.55,6.36,109.0,708.2,idle,134.67,11.9,25.25,0,none,0.0
2062-04-04,M12,Compressor,1.9,57.71,6.13,43.7,734.7,idle,135.12,15.6,24.8,0,none,0.0
2062-04-05,M12,Compressor,4.08,68.61,15.53,113.3,1667.8,normal,135.22,16.2,24.7,0,none,0.0
2062-04-06,M12,Compressor,3.8,57.98,15.17,105.7,1718.8,normal,135.48,11.3,24.43,0,none,0.0
2062-04-07,M12,Compressor,4.35,61.72,15.63,100.8,1767.0,normal,135.58,9.5,24.33,0,none,0.0
2062-04-08,M12,Compressor,4.25,69.74,15.63,102.0,1641.7,normal,136.05,10.1,23.86,1,bearing,2833.0
2062-04-09,M12,Compressor,1.81,58.95,6.41,102.0,732.8,idle,136.17,12.9,23.75,1,bearing,3061.0
2062-04-10,M12,Compressor,1.82,56.35,6.51,47.5,717.6,idle,136.38,14.9,23.53,1,bearing,3377.0
2062-04-11,M12,Compressor,4.31,63.14,14.57,98.2,1745.6,normal,136.68,17.4,23.23,1,bearing,4256.0
2062-04-12,M12,Compressor,1.63,65.01,6.54,42.5,736.4,idle,136.77,14.9,23.15,1,bearing,2975.0
2062-04-13,M12,Compressor,1.89,59.76,7.62,42.4,716.3,idle,136.93,10.8,22.98,1,bearing,3214.0
2062-04-14,M12,Compressor,1.75,58.91,6.68,46.6,739.6,idle,137.22,12.9,22.7,1,bearing,3089.0
2062-04-15,M12,Compressor,1.72,56.61,6.17,45.8,723.0,idle,137.35,12.9,22.56,1,bearing,4507.0
2062-04-16,M12,Compressor,1.76,53.98,7.46,45.8,752.4,idle,137.83,17.1,22.08,1,bearing,2914.0
2062-04-17,M12,Compressor,1.79,54.29,6.27,47.4,719.5,idle,138.22,15.2,21.7,1,bearing,2548.0
2062-04-18,M12,Compressor,4.11,65.02,15.99,99.0,1763.1,normal,138.57,8.3,21.35,1,bearing,4932.0
2062-04-19,M12,Compressor,4.11,52.75,6.63,42.4,713.3,idle,138.72,10.6,21.2,1,bearing,4013.0
2062-04-20,M12,Compressor,4.14,71.41,16.48,96.1,1700.5,normal,139.08,8.7,20.83,1,bearing,3677.0
2062-04-21,M12,Compressor,4.78,69.83,17.15,104.5,1679.1,normal,139.18,17.8,20.73,1,bearing,3848.0
2062-04-22,M12,Compressor,4.38,75.26,15.55,119.6,1692.2,normal,139.52,17.6,20.4,1,bearing,3851.0
2062-04-23,M12,Compressor,5.84,65.74,20.85,145.8,2465.1,peak,139.67,17.0,20.25,1,bearing,2508.0
2062-04-24,M12,Compressor,1.88,58.72,7.45,49.5,705.6,idle,140.15,11.6,19.76,1,bearing,4742.0
2062-04-25,M12,Compressor,4.14,68.78,14.9,97.3,1710.9,normal,140.43,16.0,19.48,1,bearing,4985.0
2062-04-26,M12,Compressor,4.66,74.14,17.12,106.1,1762.3,normal,140.58,14.7,19.33,1,bearing,3246.0
2062-04-27,M12,Compressor,4.04,74.71,15.46,118.0,1636.9,normal,140.87,13.8,19.05,1,bearing,4358.0
2062-04-28,M12,Compressor,4.71,66.74,15.64,96.5,1716.4,normal,140.97,15.2,18.95,1,bearing,2907.0
2062-04-29,M12,Compressor,5.96,73.42,20.84,157.1,2371.5,peak,141.22,15.8,18.7,1,bearing,2792.0
2062-04-30,M12,Compressor,4.61,76.23,17.17,100.0,1615.8,normal,141.32,8.9,18.6,1,bearing,3813.0
2062-05-01,M12,Compressor,4.07,74.12,15.29,102.1,1636.6,normal,141.4,16.9,18.51,1,bearing,2801.0
2062-05-02,M12,Compressor,2.06,61.09,7.45,48.6,733.9,idle,141.55,8.5,18.36,1,bearing,2620.0
2062-05-03,M12,Compressor,4.57,72.34,14.72,96.5,1711.8,normal,141.83,11.7,18.08,1,bearing,2681.0
2062-05-04,M12,Compressor,1.88,57.3,7.5,46.6,744.3,idle,141.95,12.1,17.96,1,bearing,4862.0
2062-05-05,M12,Compressor,6.32,70.19,7.5,147.6,2331.6,peak,142.12,16.3,17.8,1,bearing,3681.0
2062-05-06,M12,Compressor,1.78,55.73,6.67,45.0,731.4,idle,142.52,9.0,17.4,1,bearing,3364.0
2062-05-07,M12,Compressor,2.06,55.17,7.49,43.1,754.4,idle,142.62,9.3,17.3,1,bearing,3434.0
2062-05-08,M12,Compressor,4.42,74.82,15.23,118.8,1732.4,normal,143.1,8.3,16.81,1,bearing,4482.0
2062-05-09,M12,Compressor,4.53,67.48,14.72,101.3,1643.2,normal,143.55,15.5,16.36,1,bearing,4443.0
2062-05-10,M12,Compressor,6.51,67.68,22.55,158.4,2392.6,peak,143.6,15.6,16.31,1,bearing,4857.0
2062-05-11,M12,Compressor,4.43,69.82,14.81,103.5,1681.9,normal,143.78,16.3,16.13,1,bearing,2929.0
2062-05-12,M12,Compressor,4.54,66.23,17.14,118.3,1730.9,normal,143.93,17.8,15.98,1,bearing,3946.0
2062-05-13,M12,Compressor,1.85,56.42,7.46,49.8,709.8,idle,144.25,17.6,15.66,1,bearing,3340.0
2062-05-14,M12,Compressor,5.15,73.49,17.56,97.3,1658.8,normal,144.53,9.2,15.38,1,bearing,2957.0
2062-05-15,M12,Compressor,2.03,59.65,7.37,49.2,743.9,idle,144.78,15.4,15.13,1,bearing,3261.0
2062-05-16,M12,Compressor,4.32,69.06,15.95,119.9,1663.5,normal,144.88,8.5,15.03,1,bearing,2526.0
2062-05-17,M12,Compressor,6.96,71.1,23.3,149.1,2433.2,peak,145.23,14.0,14.68,1,bearing,4328.0
2062-05-18,M12,Compressor,5.17,60.78,16.24,119.6,1618.7,normal,145.3,14.2,14.61,1,bearing,2805.0
2062-05-19,M12,Compressor,1.93,58.29,7.76,46.5,724.2,idle,145.57,11.0,14.35,1,bearing,4951.0
2062-05-20,M12,Compressor,4.41,77.94,15.83,101.3,1659.1,normal,145.88,15.7,14.03,1,bearing,3509.0
2062-05-21,M12,Compressor,4.78,68.96,16.82,116.7,1600.5,normal,146.2,12.4,13.71,1,bearing,3639.0
2062-05-22,M12,Compressor,4.89,68.28,14.91,115.4,1607.5,normal,146.57,15.4,13.35,1,bearing,3447.0
2062-05-23,M12,Compressor,4.52,61.8,15.47,99.4,1646.9,normal,146.88,10.2,13.03,1,bearing,3355.0
2062-05-24,M12,Compressor,5.11,61.99,17.37,103.2,1688.8,normal,147.15,10.5,12.76,1,bearing,3591.0
2062-05-25,M12,Compressor,4.45,67.66,14.93,99.1,1662.4,normal,147.38,16.4,12.53,1,bearing,3782.0
2062-05-26,M12,Compressor,5.01,63.89,17.07,99.7,1607.7,normal,147.57,16.6,12.35,1,bearing,2562.0
2062-05-27,M12,Compressor,4.8,71.08,17.77,105.5,1658.4,normal,147.6,10.3,12.31,1,bearing,3958.0
2062-05-28,M12,Compressor,1.93,61.34,6.63,48.0,745.7,idle,147.8,13.1,12.11,1,bearing,3033.0
2062-05-29,M12,Compressor,5.3,72.93,16.71,106.3,1611.1,normal,148.28,10.6,11.63,1,bearing,2914.0
2062-05-30,M12,Compressor,5.35,70.08,16.79,104.3,1619.6,normal,148.67,13.1,11.25,1,bearing,4774.0
2062-05-31,M12,Compressor,5.41,67.79,17.52,119.1,1721.7,normal,149.12,14.5,10.8,1,bearing,3451.0
2062-06-01,M12,Compressor,6.69,83.82,23.22,149.8,2324.1,peak,149.42,8.6,10.5,1,bearing,3058.0
2062-06-02,M12,Compressor,6.93,69.6,20.96,164.8,2464.9,peak,149.83,10.8,10.08,1,bearing,4471.0
2062-06-03,M12,Compressor,7.55,70.81,21.0,154.7,2446.8,peak,150.17,15.6,9.75,1,bearing,3895.0
2062-06-04,M12,Compressor,5.69,77.24,17.68,101.0,1609.1,normal,150.47,11.5,9.45,1,bearing,4402.0
2062-06-05,M12,Compressor,6.95,69.84,24.6,163.1,2362.5,peak,150.53,12.3,9.38,1,bearing,3707.0
2062-06-06,M12,Compressor,5.61,63.08,17.06,108.2,1628.6,normal,150.62,16.5,9.3,1,bearing,3461.0
2062-06-07,M12,Compressor,2.32,57.84,7.11,108.2,710.3,idle,150.75,12.5,9.16,1,bearing,2566.0
2062-06-08,M12,Compressor,5.62,77.79,15.71,106.0,1653.3,normal,150.98,14.8,8.93,1,bearing,4521.0
2062-06-09,M12,Compressor,5.13,71.26,15.34,116.8,1630.0,normal,151.03,14.6,8.88,1,bearing,4144.0
2062-06-10,M12,Compressor,2.0,61.75,7.54,49.9,731.9,idle,151.17,10.3,8.75,1,bearing,2909.0
2062-06-11,M12,Compressor,2.17,61.75,7.05,48.6,709.6,idle,151.5,8.7,8.41,1,bearing,4264.0
2062-06-12,M12,Compressor,4.77,75.71,16.19,103.5,1697.9,normal,151.9,9.0,8.01,1,bearing,4917.0
2062-06-13,M12,Compressor,5.1,64.68,16.36,115.6,1602.1,normal,152.1,10.2,7.81,1,bearing,4936.0
2062-06-14,M12,Compressor,5.38,64.98,15.33,104.5,1687.8,normal,152.25,15.3,7.66,1,bearing,3279.0
2062-06-15,M12,Compressor,2.15,60.23,7.29,48.7,736.7,idle,152.42,10.3,7.5,1,bearing,4518.0
2062-06-16,M12,Compressor,4.78,70.22,7.29,116.3,1587.7,normal,152.77,12.7,7.15,1,bearing,3380.0
2062-06-17,M12,Compressor,5.51,78.01,15.98,100.1,1655.4,normal,153.05,14.5,6.86,1,bearing,2612.0
2062-06-18,M12,Compressor,5.92,75.4,16.48,95.5,1669.4,normal,153.3,13.4,6.61,1,bearing,3061.0
2062-06-19,M12,Compressor,5.24,66.43,16.74,95.5,1584.3,normal,153.8,8.1,6.11,1,bearing,4019.0
2062-06-20,M12,Compressor,5.7,76.37,17.11,116.0,1610.5,normal,154.1,12.8,5.81,1,bearing,2895.0
2062-06-21,M12,Compressor,2.23,60.93,6.58,49.1,716.3,idle,154.33,10.7,5.58,1,bearing,3722.0
2062-06-22,M12,Compressor,2.24,60.93,7.05,44.3,713.8,idle,154.43,13.6,5.48,1,bearing,4458.0
2062-06-23,M12,Compressor,2.33,60.8,7.44,48.3,691.3,idle,154.58,16.8,5.33,1,bearing,3815.0
2062-06-24,M12,Compressor,2.48,59.18,6.93,46.8,743.9,idle,154.63,17.5,5.28,1,bearing,3050.0
2062-06-25,M12,Compressor,2.11,62.84,7.72,46.6,688.3,idle,154.97,8.2,4.95,1,bearing,3396.0
2062-06-26,M12,Compressor,2.4,58.45,6.63,47.6,727.7,idle,155.2,17.4,4.71,1,bearing,2990.0
2062-06-27,M12,Compressor,2.54,57.59,7.17,42.1,708.4,idle,155.3,12.5,4.61,1,bearing,3150.0
2062-06-28,M12,Compressor,2.37,61.95,7.13,47.8,710.9,idle,155.8,8.3,4.11,1,bearing,3915.0
2062-06-29,M12,Compressor,2.38,64.2,6.82,44.6,716.7,idle,156.08,14.6,3.83,1,bearing,4979.0
2062-06-30,M12,Compressor,2.5,61.21,6.64,49.9,716.7,idle,156.12,11.1,3.8,1,bearing,3814.0
2062-07-01,M12,Compressor,5.86,72.19,17.02,119.8,1670.5,normal,156.15,13.4,3.76,1,bearing,4828.0
2062-07-02,M12,Compressor,6.57,65.65,7.48,42.2,719.4,idle,156.5,15.9,3.41,1,bearing,4197.0
2062-07-03,M12,Compressor,5.14,73.53,17.88,108.5,1633.3,normal,156.82,17.4,3.1,1,bearing,3577.0
2062-07-04,M12,Compressor,2.6,65.5,7.15,46.0,742.4,idle,156.98,11.3,2.93,1,bearing,4329.0
2062-07-05,M12,Compressor,2.28,60.6,7.3,46.0,701.4,idle,157.4,13.4,2.51,1,bearing,2825.0
2062-07-06,M12,Compressor,2.46,60.6,7.78,46.0,690.7,idle,157.87,10.6,2.05,1,bearing,3259.0
2062-07-07,M12,Compressor,6.05,74.59,17.95,104.0,1574.1,normal,157.92,10.6,2.0,1,bearing,3980.0
2062-07-08,M12,Compressor,2.23,64.89,7.31,49.8,732.5,idle,158.42,16.9,1.5,1,bearing,4015.0
2062-07-09,M12,Compressor,2.22,65.62,6.96,45.9,713.7,idle,158.82,12.2,1.1,1,bearing,3649.0
2062-07-10,M12,Compressor,2.24,59.68,7.33,47.1,699.9,idle,158.85,9.7,1.06,1,bearing,2979.0
2062-07-11,M12,Compressor,2.5,61.83,7.72,45.4,733.1,idle,159.27,13.0,0.65,1,bearing,3794.0
2062-07-12,M12,Compressor,2.74,66.21,6.89,45.7,710.4,idle,159.62,14.8,0.5,1,bearing,2645.0
2062-07-13,M12,Compressor,2.67,61.78,7.58,46.9,690.6,idle,159.65,16.8,0.5,1,bearing,2821.0
2062-07-14,M12,Compressor,5.94,69.41,16.22,101.3,1583.7,normal,159.83,11.5,0.5,1,bearing,4707.0
2062-07-15,M12,Compressor,5.94,64.16,8.29,47.5,701.8,idle,159.88,12.8,0.5,1,bearing,4838.0
2062-07-16,M12,Compressor,2.27,59.75,15.17,100.1,1729.7,normal,0.0,11.1,93.5,0,none,0.0
2062-07-17,M12,Compressor,2.35,66.76,15.17,114.5,1664.9,normal,0.17,8.5,93.34,0,none,0.0
2062-07-18,M12,Compressor,0.97,48.89,6.52,49.1,755.4,idle,0.22,8.4,93.29,0,none,0.0
2062-07-19,M12,Compressor,0.96,48.31,6.57,48.3,776.7,idle,0.4,10.5,93.1,0,none,0.0
2062-07-20,M12,Compressor,2.2,61.9,13.5,103.0,1674.3,normal,0.62,12.6,92.89,0,none,0.0
2062-07-21,M12,Compressor,1.05,51.31,5.54,48.5,734.5,idle,0.92,11.0,92.59,0,none,0.0
2062-07-22,M12,Compressor,1.05,49.99,6.26,48.5,734.5,idle,1.23,11.5,92.27,0,none,0.0
2062-07-23,M12,Compressor,2.4,66.76,15.12,116.9,1711.5,normal,1.45,10.8,92.05,0,none,0.0
2062-07-24,M12,Compressor,2.59,65.34,13.84,117.4,1778.4,normal,1.95,14.1,91.55,0,none,0.0
2062-07-25,M12,Compressor,2.46,50.11,13.06,112.4,1697.4,normal,2.43,12.2,91.07,0,none,0.0
2062-07-26,M12,Compressor,2.13,55.15,15.09,106.8,1754.7,normal,2.63,8.6,90.87,0,none,0.0
2062-07-27,M12,Compressor,2.5,55.82,13.03,103.1,1812.6,normal,2.77,15.0,90.74,0,none,0.0
2062-07-28,M12,Compressor,2.34,60.26,14.9,97.9,1774.8,normal,3.12,8.8,90.39,0,none,0.0
2062-07-29,M12,Compressor,2.25,56.99,13.67,98.8,1711.5,normal,3.42,14.7,90.09,0,none,0.0
2062-07-30,M12,Compressor,0.92,50.76,5.96,47.2,737.8,idle,3.5,11.8,90.0,0,none,0.0
2062-07-31,M12,Compressor,0.94,49.71,6.44,43.7,756.7,idle,3.62,11.7,89.89,0,none,0.0
2062-08-01,M12,Compressor,0.9,45.42,6.59,45.3,732.2,idle,3.93,11.7,89.57,0,none,0.0
2062-08-02,M12,Compressor,2.35,58.37,14.58,96.8,1789.3,normal,4.13,11.1,89.37,0,none,0.0
2062-08-03,M12,Compressor,2.13,58.17,14.78,103.6,1804.7,normal,4.22,8.2,89.29,0,none,0.0
2062-08-04,M12,Compressor,2.13,47.41,5.78,42.4,768.1,idle,4.7,16.5,88.8,0,none,0.0
2062-08-05,M12,Compressor,2.2,54.85,13.03,95.5,1689.2,normal,5.13,8.7,88.37,0,none,0.0
2062-08-06,M12,Compressor,1.07,50.25,6.65,48.6,731.2,idle,5.38,12.8,88.12,0,none,0.0
2062-08-07,M12,Compressor,2.59,54.18,13.37,48.6,1740.2,normal,5.83,15.7,87.67,0,none,0.0
2062-08-08,M12,Compressor,0.92,49.91,6.06,46.5,764.0,idle,6.25,16.8,87.25,0,none,0.0
2062-08-09,M12,Compressor,1.08,50.55,6.31,49.9,751.8,idle,6.72,16.1,86.79,0,none,0.0
2062-08-10,M12,Compressor,2.37,52.85,13.37,99.2,1750.6,normal,7.08,17.6,86.42,0,none,0.0
2062-08-11,M12,Compressor,2.37,47.09,5.69,45.0,742.7,idle,7.23,9.6,86.27,0,none,0.0
2062-08-12,M12,Compressor,2.41,56.99,14.05,101.8,1672.4,normal,7.38,12.6,86.12,0,none,0.0
2062-08-13,M12,Compressor,2.25,50.77,13.51,103.1,1674.8,normal,7.67,11.6,85.84,0,none,0.0
2062-08-14,M12,Compressor,2.43,55.05,14.54,111.1,1726.0,normal,7.9,13.1,85.6,0,none,0.0
2062-08-15,M12,Compressor,2.32,60.47,13.66,95.5,1759.7,normal,8.08,13.9,85.42,0,none,0.0
2062-08-16,M12,Compressor,2.4,58.57,15.19,107.7,1701.6,normal,8.27,17.5,85.24,0,none,0.0
2062-08-17,M12,Compressor,2.46,67.32,14.84,117.7,1701.6,normal,8.57,15.6,84.94,0,none,0.0
2062-08-18,M12,Compressor,0.92,67.32,6.55,45.1,748.7,idle,8.73,8.8,84.77,0,none,0.0
2062-08-19,M12,Compressor,2.23,63.25,15.11,99.0,1682.8,normal,9.12,9.9,84.39,0,none,0.0
2062-08-20,M12,Compressor,0.97,46.24,6.3,48.0,767.6,idle,9.62,16.7,83.89,0,none,0.0
2062-08-21,M12,Compressor,0.94,46.24,6.05,43.2,725.5,idle,10.1,10.4,83.4,0,none,0.0
2062-08-22,M12,Compressor,2.22,57.09,14.47,113.1,1687.9,normal,10.37,10.7,83.14,0,none,0.0
2062-08-23,M12,Compressor,1.06,44.27,6.17,47.1,737.5,idle,10.78,10.8,82.72,0,none,0.0
2062-08-24,M12,Compressor,3.41,72.34,18.36,155.2,2403.8,peak,11.07,14.0,82.44,0,none,0.0
2062-08-25,M12,Compressor,2.24,52.46,14.56,101.2,1698.0,normal,11.47,13.8,82.04,0,none,0.0
2062-08-26,M12,Compressor,0.94,57.95,5.84,47.6,777.4,idle,11.88,17.8,81.62,0,none,0.0
2062-08-27,M12,Compressor,1.0,48.8,6.73,45.8,738.1,idle,11.95,10.7,81.55,0,none,0.0
2062-08-28,M12,Compressor,1.09,51.25,5.83,47.6,758.8,idle,12.42,13.3,81.09,0,none,0.0
2062-08-29,M12,Compressor,2.42,64.95,14.69,108.0,1793.8,normal,12.75,8.2,80.75,0,none,0.0
2062-08-30,M12,Compressor,0.95,49.43,6.55,49.0,779.9,idle,12.78,11.1,80.72,0,none,0.0
2062-08-31,M12,Compressor,2.38,58.72,14.5,111.5,1771.2,normal,12.98,16.6,80.52,0,none,0.0
2062-09-01,M12,Compressor,2.24,58.77,13.93,96.0,1753.6,normal,13.15,10.3,80.35,0,none,0.0
2062-09-02,M12,Compressor,1.07,51.37,6.28,48.1,762.7,idle,13.6,14.4,79.9,0,none,0.0
2062-09-03,M12,Compressor,0.95,44.5,6.62,44.3,753.0,idle,13.78,16.4,79.72,0,none,0.0
2062-09-04,M12,Compressor,1.0,50.54,6.47,44.3,765.1,idle,14.08,8.2,79.42,0,none,0.0
2062-09-05,M12,Compressor,1.1,50.91,5.82,49.7,740.4,idle,14.37,12.8,79.14,0,none,0.0
2062-09-06,M12,Compressor,1.02,51.53,5.82,48.9,740.4,idle,14.75,16.1,78.75,0,none,0.0
2062-09-07,M12,Compressor,1.07,50.55,5.9,45.3,765.6,idle,15.0,16.5,78.5,0,none,0.0
2062-09-08,M12,Compressor,2.16,65.99,13.53,109.1,1667.9,normal,15.28,12.5,78.22,0,none,0.0
2062-09-09,M12,Compressor,0.94,48.68,6.45,44.2,727.1,idle,15.33,10.7,78.17,0,none,0.0
2062-09-10,M12,Compressor,1.01,50.73,5.8,47.5,743.1,idle,15.43,13.6,78.07,0,none,0.0
2062-09-11,M12,Compressor,1.09,44.66,5.56,43.0,767.0,idle,15.92,9.2,77.59,0,none,0.0
2062-09-12,M12,Compressor,1.08,50.58,6.58,42.5,732.8,idle,16.02,13.7,77.49,0,none,0.0
2062-09-13,M12,Compressor,1.09,48.98,6.2,47.2,730.7,idle,16.2,16.1,77.3,0,none,0.0
2062-09-14,M12,Compressor,1.09,49.25,6.21,45.7,769.3,idle,16.45,17.5,77.05,0,none,0.0
2062-09-15,M12,Compressor,0.96,45.1,5.78,42.6,750.5,idle,16.88,14.1,76.62,0,none,0.0
2062-09-16,M12,Compressor,1.04,51.47,6.63,46.7,771.8,idle,17.22,9.9,76.29,0,none,0.0
2062-09-17,M12,Compressor,1.08,49.7,5.58,44.3,740.2,idle,17.43,16.4,76.07,0,none,0.0
2062-09-18,M12,Compressor,1.1,47.71,6.64,48.5,759.2,idle,17.53,14.6,75.97,0,none,0.0
2062-09-19,M12,Compressor,0.9,44.15,6.73,47.9,752.2,idle,17.88,12.5,75.62,0,none,0.0
2062-09-20,M12,Compressor,0.95,44.69,5.75,46.6,752.8,idle,18.37,16.5,75.14,0,none,0.0
2062-09-21,M12,Compressor,1.09,51.66,6.36,48.7,768.7,idle,18.85,15.9,74.65,0,none,0.0
2062-09-22,M12,Compressor,1.05,47.5,6.08,44.1,776.2,idle,19.1,12.5,74.4,0,none,0.0
2062-09-23,M12,Compressor,1.07,45.42,5.88,46.6,744.8,idle,19.43,14.3,74.07,0,none,0.0
2062-09-24,M12,Compressor,0.94,50.33,5.5,44.8,775.8,idle,19.92,15.3,73.59,0,none,0.0
2062-09-25,M12,Compressor,1.05,47.21,6.89,49.2,723.2,idle,20.05,15.3,73.45,0,none,0.0
2062-09-26,M12,Compressor,0.93,47.1,6.89,48.8,722.9,idle,20.42,17.8,73.09,0,none,0.0
2062-09-27,M12,Compressor,2.36,62.96,13.69,113.1,1712.8,normal,20.7,11.0,72.8,0,none,0.0
2062-09-28,M12,Compressor,0.95,47.14,6.93,49.2,774.8,idle,20.87,12.8,72.64,0,none,0.0
2062-09-29,M12,Compressor,3.55,58.57,21.58,149.2,2567.6,peak,21.15,17.9,72.35,0,none,0.0
2062-09-30,M12,Compressor,2.37,54.32,14.0,105.8,1774.6,normal,21.32,16.0,72.19,0,none,0.0
2062-10-01,M12,Compressor,1.02,50.53,6.1,48.0,767.6,idle,21.8,17.4,71.7,0,none,0.0
2062-10-02,M12,Compressor,2.13,56.76,15.21,112.6,1721.1,normal,21.85,11.7,71.65,0,none,0.0
2062-10-03,M12,Compressor,2.19,51.74,13.57,101.1,1713.0,normal,22.27,8.9,71.24,0,none,0.0
2062-10-04,M12,Compressor,3.11,57.92,21.38,150.0,2512.3,peak,22.48,10.6,71.02,0,none,0.0
2062-10-05,M12,Compressor,2.2,58.85,13.69,97.2,1817.0,normal,22.67,16.3,70.84,0,none,0.0
2062-10-06,M12,Compressor,0.99,47.14,5.8,46.0,758.1,idle,23.02,16.8,70.49,0,none,0.0
2062-10-07,M12,Compressor,2.25,58.65,13.59,46.0,1783.8,normal,23.22,11.2,70.29,0,none,0.0
2062-10-08,M12,Compressor,2.13,59.32,14.0,96.8,1809.9,normal,23.43,14.3,70.07,0,none,0.0
2062-10-09,M12,Compressor,2.23,60.16,13.93,101.8,1739.6,normal,23.72,17.1,69.79,0,none,0.0
2062-10-10,M12,Compressor,2.44,64.14,14.58,108.2,1782.1,normal,24.13,11.6,69.37,0,none,0.0
2062-10-11,M12,Compressor,2.36,67.54,14.32,102.9,1725.9,normal,24.55,14.7,68.95,0,none,0.0
2062-10-12,M12,Compressor,2.34,55.1,13.4,105.8,1802.5,normal,24.83,16.3,68.67,0,none,0.0
2062-10-13,M12,Compressor,0.95,46.89,6.64,42.7,769.5,idle,25.27,10.1,68.24,0,none,0.0
2062-10-14,M12,Compressor,2.46,59.9,13.52,97.3,1689.4,normal,25.73,10.7,67.77,0,none,0.0
2062-10-15,M12,Compressor,2.48,59.9,14.84,108.2,1811.6,normal,25.85,17.0,67.65,0,none,0.0
2062-10-16,M12,Compressor,6.61,61.81,13.09,102.2,1702.4,normal,26.05,13.7,67.45,0,none,0.0
2062-10-17,M12,Compressor,3.21,62.79,21.76,159.8,2538.4,peak,26.25,15.8,67.25,0,none,0.0
2062-10-18,M12,Compressor,2.31,56.08,13.3,106.3,1684.9,normal,26.63,12.7,66.87,0,none,0.0
2062-10-19,M12,Compressor,2.3,52.82,13.86,96.1,1651.0,normal,27.05,13.3,66.45,0,none,0.0
2062-10-20,M12,Compressor,1.07,49.13,6.38,46.1,763.6,idle,27.45,9.4,66.05,0,none,0.0
2062-10-21,M12,Compressor,2.47,49.13,13.61,114.6,1818.5,normal,27.68,14.7,65.82,0,none,0.0
2062-10-22,M12,Compressor,2.11,56.73,14.09,115.5,1652.3,normal,28.18,8.6,65.32,0,none,0.0
2062-10-23,M12,Compressor,2.4,66.07,13.37,115.5,1820.0,normal,28.58,17.9,64.92,0,none,0.0
2062-10-24,M12,Compressor,3.5,68.95,19.6,162.1,2584.6,peak,29.05,9.6,64.45,0,none,0.0
2062-10-25,M12,Compressor,2.47,57.17,14.46,97.5,1676.9,normal,29.55,12.3,63.95,0,none,0.0
2062-10-26,M12,Compressor,2.49,50.53,13.12,107.7,1679.0,normal,29.78,12.1,63.72,0,none,0.0
2062-10-27,M12,Compressor,0.96,47.19,6.28,44.3,749.0,idle,30.03,13.4,63.47,0,none,0.0
2062-10-28,M12,Compressor,2.29,51.46,15.17,102.0,1753.6,normal,30.48,15.8,63.02,0,none,0.0
2062-10-29,M12,Compressor,1.01,51.46,5.54,48.9,1753.6,idle,30.73,11.1,62.77,0,none,0.0
2062-10-30,M12,Compressor,2.31,63.73,13.08,114.1,1719.5,normal,31.05,17.0,62.45,0,none,0.0
2062-10-31,M12,Compressor,3.33,70.05,20.19,146.2,2545.7,peak,31.4,16.0,62.1,0,none,0.0
2062-11-01,M12,Compressor,2.49,58.31,14.1,101.3,1759.5,normal,31.58,11.6,61.92,0,none,0.0
2062-11-02,M12,Compressor,2.49,68.12,21.09,161.8,2445.2,peak,31.63,14.0,61.87,0,none,0.0
2062-11-03,M12,Compressor,0.98,47.49,6.34,42.4,755.3,idle,31.87,12.3,61.64,0,none,0.0
2062-11-04,M12,Compressor,2.14,64.52,15.41,102.2,1736.1,normal,32.02,16.7,61.49,0,none,0.0
2062-11-05,M12,Compressor,1.06,46.52,5.74,47.9,761.9,idle,32.28,10.6,61.22,0,none,0.0
2062-11-06,M12,Compressor,2.38,46.52,15.39,116.5,1699.8,normal,32.45,12.2,61.05,0,none,0.0
2062-11-07,M12,Compressor,2.38,65.04,14.63,104.9,1719.7,normal,32.63,8.6,60.87,0,none,0.0
2062-11-08,M12,Compressor,2.53,52.94,15.36,110.8,1784.5,normal,32.72,17.4,60.79,0,none,0.0
2062-11-09,M12,Compressor,2.29,60.56,14.87,105.9,1733.0,normal,32.97,8.2,60.54,0,none,0.0
2062-11-10,M12,Compressor,1.02,44.51,6.79,48.9,736.9,idle,33.43,16.0,60.07,0,none,0.0
2062-11-11,M12,Compressor,2.54,63.41,14.21,103.7,1717.9,normal,33.63,11.4,59.87,0,none,0.0
2062-11-12,M12,Compressor,2.37,57.43,14.05,100.1,1770.3,normal,33.72,8.7,59.79,0,none,0.0
2062-11-13,M12,Compressor,2.4,67.85,13.35,97.8,1737.7,normal,33.97,13.3,59.54,0,none,0.0
2062-11-14,M12,Compressor,2.18,60.99,13.49,107.1,1753.9,normal,34.25,9.4,59.25,0,none,0.0
2062-11-15,M12,Compressor,2.33,55.76,14.96,116.4,1697.3,normal,34.3,8.5,59.2,0,none,0.0
2062-11-16,M12,Compressor,2.51,57.05,14.22,100.8,1756.4,normal,34.6,10.2,58.9,0,none,0.0
2062-11-17,M12,Compressor,0.92,48.73,6.98,48.0,773.7,idle,35.08,16.2,58.42,0,none,0.0
2062-11-18,M12,Compressor,2.33,52.56,13.72,96.2,1735.3,normal,35.42,10.1,58.09,0,none,0.0
2062-11-19,M12,Compressor,2.42,57.64,14.41,103.0,1664.6,normal,35.85,10.3,57.65,0,none,0.0
2062-11-20,M12,Compressor,2.32,57.64,15.46,103.7,1765.2,normal,36.32,13.7,57.19,0,none,0.0
2062-11-21,M12,Compressor,1.06,46.68,6.89,44.7,778.2,idle,36.72,15.8,56.79,0,none,0.0
2062-11-22,M12,Compressor,0.9,49.07,6.68,44.2,727.0,idle,37.07,13.5,56.44,0,none,0.0
2062-11-23,M12,Compressor,0.9,44.6,6.31,48.7,723.8,idle,37.13,14.7,56.37,0,none,0.0
2062-11-24,M12,Compressor,0.92,44.04,5.92,49.4,736.6,idle,37.5,14.1,56.0,0,none,0.0
2062-11-25,M12,Compressor,0.99,45.43,5.67,43.5,732.6,idle,37.58,14.9,55.92,0,none,0.0
2062-11-26,M12,Compressor,0.93,50.33,6.22,46.3,742.5,idle,37.92,12.2,55.59,0,none,0.0
2062-11-27,M12,Compressor,0.94,44.75,5.61,43.5,742.5,idle,38.08,8.7,55.42,0,none,0.0
2062-11-28,M12,Compressor,0.94,46.84,6.36,46.1,760.0,idle,38.17,13.5,55.34,0,none,0.0
2062-11-29,M12,Compressor,2.2,59.43,14.92,104.7,1815.2,normal,38.52,10.6,54.99,0,none,0.0
2062-11-30,M12,Compressor,1.02,49.4,6.19,48.9,747.1,idle,38.73,9.0,54.77,0,none,0.0
2062-12-01,M12,Compressor,1.09,46.46,6.8,47.1,767.9,idle,38.8,8.3,54.7,0,none,0.0
2062-12-02,M12,Compressor,0.91,46.22,6.77,44.5,762.8,idle,38.93,13.6,54.57,0,none,0.0
2062-12-03,M12,Compressor,1.1,45.42,6.13,43.3,729.3,idle,39.43,8.6,54.07,0,none,0.0
2062-12-04,M12,Compressor,1.03,45.53,6.22,49.8,740.0,idle,39.65,11.8,53.85,0,none,0.0
2062-12-05,M12,Compressor,1.07,47.17,5.89,44.7,727.7,idle,39.9,14.5,53.6,0,none,0.0
2062-12-06,M12,Compressor,1.04,48.07,6.42,44.4,759.2,idle,40.07,13.7,53.44,0,none,0.0
2062-12-07,M12,Compressor,0.93,49.22,5.62,45.2,756.6,idle,40.25,13.6,53.25,0,none,0.0
2062-12-08,M12,Compressor,1.07,50.5,6.29,49.1,750.4,idle,40.38,11.6,53.12,0,none,0.0
2062-12-09,M12,Compressor,1.07,49.76,6.82,46.8,776.6,idle,40.87,16.9,52.64,0,none,0.0
2062-12-10,M12,Compressor,2.22,66.64,13.55,108.2,1785.3,normal,41.05,13.3,52.45,0,none,0.0
2062-12-11,M12,Compressor,1.06,46.23,6.98,42.6,722.1,idle,41.23,12.7,52.27,0,none,0.0
2062-12-12,M12,Compressor,1.07,50.55,6.57,48.8,728.2,idle,41.52,14.3,51.99,0,none,0.0
2062-12-13,M12,Compressor,0.92,51.76,6.44,49.4,774.4,idle,41.88,8.5,51.62,0,none,0.0
2062-12-14,M12,Compressor,1.03,49.03,6.04,43.2,761.2,idle,42.03,17.8,51.47,0,none,0.0
2062-12-15,M12,Compressor,2.51,59.8,13.13,98.6,1667.3,normal,42.15,12.7,51.35,0,none,0.0
2062-12-16,M12,Compressor,1.03,48.52,6.2,46.4,736.6,idle,42.25,8.8,51.25,0,none,0.0
2062-12-17,M12,Compressor,1.06,46.63,6.47,45.1,724.3,idle,42.52,16.1,50.99,0,none,0.0
2062-12-18,M12,Compressor,0.95,51.72,5.79,42.8,737.5,idle,42.75,8.5,50.75,0,none,0.0
2062-12-19,M12,Compressor,1.08,46.45,6.13,44.5,779.3,idle,43.22,10.0,50.29,0,none,0.0
2062-12-20,M12,Compressor,1.1,47.86,6.68,43.8,742.5,idle,43.47,14.1,50.04,0,none,0.0
2062-12-21,M12,Compressor,2.44,55.15,13.56,118.1,1691.5,normal,43.63,14.5,49.87,0,none,0.0
2062-12-22,M12,Compressor,0.91,50.01,5.86,45.6,726.7,idle,43.82,15.0,49.69,0,none,0.0
2062-12-23,M12,Compressor,0.91,47.68,6.01,46.0,778.0,idle,43.97,9.4,49.54,0,none,0.0
2062-12-24,M12,Compressor,0.98,48.82,5.65,49.1,768.4,idle,44.28,15.6,49.22,0,none,0.0
2062-12-25,M12,Compressor,2.36,53.3,14.06,102.4,1819.1,normal,44.57,10.4,48.94,0,none,0.0
2062-12-26,M12,Compressor,1.0,47.38,5.75,43.9,762.7,idle,44.87,13.3,48.64,0,none,0.0
2062-12-27,M12,Compressor,2.37,56.44,13.74,100.0,1655.8,normal,45.33,13.9,48.17,0,none,0.0
2062-12-28,M12,Compressor,2.59,63.56,15.32,105.3,1797.8,normal,45.78,13.3,47.72,0,none,0.0
2062-12-29,M12,Compressor,2.23,59.18,13.51,114.3,1734.6,normal,46.03,13.1,47.47,0,none,0.0
2062-12-30,M12,Compressor,2.37,65.47,14.85,119.2,1718.9,normal,46.32,15.9,47.19,0,none,0.0
2062-12-31,M12,Compressor,2.37,67.31,19.81,153.4,2468.1,peak,46.55,8.8,46.95,0,none,0.0
2063-01-01,M12,Compressor,2.52,59.6,14.52,100.1,1692.8,normal,46.73,11.8,46.77,0,none,0.0
2063-01-02,M12,Compressor,0.97,47.72,5.57,49.1,774.2,idle,47.22,9.7,46.29,0,none,0.0
2063-01-03,M12,Compressor,1.03,46.53,6.08,47.9,737.2,idle,47.45,17.6,46.05,0,none,0.0
2063-01-04,M12,Compressor,2.4,66.31,14.03,109.7,1807.9,normal,47.68,16.3,45.82,0,none,0.0
2063-01-05,M12,Compressor,2.4,63.67,14.89,118.2,1796.0,normal,47.87,11.2,45.64,0,none,0.0
2063-01-06,M12,Compressor,2.47,61.46,13.6,111.8,1697.0,normal,48.02,13.1,45.49,0,none,0.0
2063-01-07,M12,Compressor,2.32,62.77,14.69,105.0,1681.0,normal,48.12,8.2,45.39,0,none,0.0
2063-01-08,M12,Compressor,1.0,46.16,5.88,44.6,762.4,idle,48.18,8.1,45.32,0,none,0.0
2063-01-09,M12,Compressor,2.35,56.72,15.25,112.7,1734.1,normal,48.63,8.7,44.87,0,none,0.0
2063-01-10,M12,Compressor,0.98,50.55,5.76,47.3,721.3,idle,48.98,10.8,44.52,0,none,0.0
2063-01-11,M12,Compressor,0.9,51.45,6.27,44.5,767.7,idle,49.43,12.6,44.07,0,none,0.0
2063-01-12,M12,Compressor,0.9,50.62,13.09,116.4,1744.6,normal,49.55,12.4,43.95,0,none,0.0
2063-01-13,M12,Compressor,2.54,62.5,14.18,99.0,1716.3,normal,49.63,12.0,43.87,0,none,0.0
2063-01-14,M12,Compressor,2.49,54.21,14.78,101.2,1728.8,normal,50.08,8.3,43.42,0,none,0.0
2063-01-15,M12,Compressor,2.14,58.19,14.53,109.1,1719.1,normal,50.42,10.1,43.09,0,none,0.0
2063-01-16,M12,Compressor,0.97,46.2,6.65,48.3,749.0,idle,50.48,8.3,43.02,0,none,0.0
2063-01-17,M12,Compressor,0.97,49.1,6.34,47.3,738.4,idle,50.57,13.1,42.94,0,none,0.0
2063-01-18,M12,Compressor,2.49,55.7,14.05,98.3,1795.4,normal,50.78,16.4,42.72,0,none,0.0
2063-01-19,M12,Compressor,2.42,54.24,15.13,112.6,1725.2,normal,51.28,10.2,42.22,0,none,0.0
2063-01-20,M12,Compressor,1.1,54.24,5.65,47.9,765.4,idle,51.33,15.2,42.17,0,none,0.0
2063-01-21,M12,Compressor,2.13,64.75,14.94,118.2,1670.2,normal,51.73,14.6,41.77,0,none,0.0
2063-01-22,M12,Compressor,2.4,53.95,14.0,101.6,1726.4,normal,52.0,9.9,41.5,0,none,0.0
2063-01-23,M12,Compressor,3.07,61.07,18.28,154.8,2459.3,peak,52.5,11.6,41.0,0,none,0.0
2063-01-24,M12,Compressor,1.02,47.65,5.87,42.8,765.2,idle,52.53,18.0,40.97,0,none,0.0
2063-01-25,M12,Compressor,2.42,47.65,5.87,42.8,765.2,normal,52.57,9.0,40.94,0,none,0.0
2063-01-26,M12,Compressor,3.5,72.64,20.29,162.7,2405.8,peak,52.97,16.5,40.54,0,none,0.0
2063-01-27,M12,Compressor,2.57,51.03,14.61,103.7,1656.7,normal,53.23,10.1,40.27,0,none,0.0
2063-01-28,M12,Compressor,2.56,52.44,15.13,103.3,1776.0,normal,53.7,16.1,39.8,0,none,0.0
2063-01-29,M12,Compressor,2.23,60.5,15.0,109.2,1702.1,normal,54.08,16.4,39.42,0,none,0.0
2063-01-30,M12,Compressor,2.22,53.15,15.1,110.3,1736.5,normal,54.57,14.6,38.94,0,none,0.0
2063-01-31,M12,Compressor,2.22,57.81,14.55,96.8,1711.3,normal,54.75,12.1,38.75,0,none,0.0
2063-02-01,M12,Compressor,0.95,49.17,6.41,44.4,722.5,idle,54.82,17.8,38.69,0,none,0.0
2063-02-02,M12,Compressor,0.94,45.28,6.35,43.4,748.9,idle,55.17,17.2,38.34,0,none,0.0
2063-02-03,M12,Compressor,3.37,72.59,18.98,148.7,2434.7,peak,55.28,14.8,38.22,0,none,0.0
2063-02-04,M12,Compressor,2.28,61.69,14.68,100.3,1672.3,normal,55.45,8.0,38.05,0,none,0.0
2063-02-05,M12,Compressor,2.32,52.54,15.03,97.1,1777.9,normal,55.52,11.8,37.99,0,none,0.0
2063-02-06,M12,Compressor,0.91,50.46,6.44,44.6,744.3,idle,55.68,13.9,37.82,0,none,0.0
2063-02-07,M12,Compressor,2.44,53.34,15.23,107.1,1779.2,normal,55.92,17.2,37.59,0,none,0.0
2063-02-08,M12,Compressor,1.0,47.62,6.2,44.9,764.0,idle,56.12,17.8,37.39,0,none,0.0
2063-02-09,M12,Compressor,2.52,65.38,13.3,114.0,1684.0,normal,56.28,13.4,37.22,0,none,0.0
2063-02-10,M12,Compressor,0.9,46.2,5.94,48.5,764.5,idle,56.33,16.3,37.17,0,none,0.0
2063-02-11,M12,Compressor,2.14,55.87,13.63,109.9,1742.1,normal,56.4,13.6,37.1,0,none,0.0
2063-02-12,M12,Compressor,2.44,66.39,14.05,111.4,1806.1,normal,56.88,15.9,36.62,0,none,0.0
2063-02-13,M12,Compressor,2.37,55.55,14.01,113.9,1772.4,normal,57.07,8.8,36.44,0,none,0.0
2063-02-14,M12,Compressor,1.05,49.95,6.88,48.1,771.3,idle,57.27,17.2,36.24,0,none,0.0
2063-02-15,M12,Compressor,2.39,49.95,15.42,116.8,1782.2,normal,57.67,17.4,35.84,0,none,0.0
2063-02-16,M12,Compressor,3.41,62.17,20.19,146.1,2483.2,peak,58.02,16.9,35.49,0,none,0.0
2063-02-17,M12,Compressor,2.16,63.12,15.23,99.3,1691.8,normal,58.48,8.6,35.02,0,none,0.0
2063-02-18,M12,Compressor,2.53,60.54,14.47,109.1,1687.1,normal,58.58,14.0,34.92,0,none,0.0
2063-02-19,M12,Compressor,0.95,51.6,6.59,42.7,733.4,idle,58.72,15.0,34.79,0,none,0.0
2063-02-20,M12,Compressor,1.03,46.27,5.88,43.6,731.1,idle,58.88,17.8,34.62,0,none,0.0
2063-02-21,M12,Compressor,3.37,73.12,19.44,147.4,2424.9,peak,59.17,14.1,34.34,0,none,0.0
2063-02-22,M12,Compressor,2.57,59.52,14.17,117.3,1736.2,normal,59.42,11.3,34.09,0,none,0.0
2063-02-23,M12,Compressor,1.0,51.41,6.21,45.1,754.9,idle,59.72,11.3,33.79,0,none,0.0
2063-02-24,M12,Compressor,2.59,67.35,14.94,107.5,1799.8,normal,59.82,11.5,33.69,0,none,0.0
2063-02-25,M12,Compressor,0.98,49.12,5.77,47.3,736.6,idle,60.28,9.8,33.22,0,none,0.0
2063-02-26,M12,Compressor,2.49,57.45,14.0,113.7,1722.3,normal,60.52,15.6,32.99,0,none,0.0
2063-02-27,M12,Compressor,1.04,50.84,5.71,45.8,776.7,idle,60.75,10.6,32.75,0,none,0.0
2063-02-28,M12,Compressor,1.06,51.79,6.79,44.5,730.8,idle,61.17,12.2,32.34,0,none,0.0
2063-03-01,M12,Compressor,0.94,45.74,5.61,49.2,750.1,idle,61.25,15.6,32.25,0,none,0.0
2063-03-02,M12,Compressor,2.15,63.73,13.81,96.8,1682.3,normal,61.45,16.8,32.05,0,none,0.0
2063-03-03,M12,Compressor,1.03,50.35,5.88,46.6,720.0,idle,61.87,13.0,31.64,0,none,0.0
2063-03-04,M12,Compressor,0.96,45.45,5.61,45.9,757.9,idle,62.15,9.2,31.35,0,none,0.0
2063-03-05,M12,Compressor,0.91,45.1,6.9,43.8,765.6,idle,62.47,15.9,31.04,0,none,0.0
2063-03-06,M12,Compressor,1.05,46.57,5.81,44.0,754.0,idle,62.7,17.6,30.8,0,none,0.0
2063-03-07,M12,Compressor,2.29,58.92,15.03,107.6,1819.2,normal,62.73,13.7,30.77,0,none,0.0
2063-03-08,M12,Compressor,1.03,45.66,6.25,48.5,733.1,idle,63.12,11.3,30.39,0,none,0.0
2063-03-09,M12,Compressor,1.05,44.27,6.91,47.3,729.8,idle,63.4,9.7,30.1,0,none,0.0
2063-03-10,M12,Compressor,1.07,44.65,6.11,47.9,776.2,idle,63.68,11.8,29.82,0,none,0.0
2063-03-11,M12,Compressor,2.27,64.95,13.49,95.9,1654.9,normal,63.88,10.6,29.62,0,none,0.0
2063-03-12,M12,Compressor,1.03,45.23,5.58,49.8,734.5,idle,64.3,17.0,29.2,0,none,0.0
2063-03-13,M12,Compressor,2.33,61.04,13.36,103.9,1760.1,normal,64.8,15.5,28.7,0,none,0.0
2063-03-14,M12,Compressor,2.42,65.16,14.09,117.2,1766.0,normal,65.15,10.6,28.35,0,none,0.0
2063-03-15,M12,Compressor,1.01,44.94,6.36,46.8,1766.0,idle,65.25,12.9,28.25,0,none,0.0
2063-03-16,M12,Compressor,1.04,48.24,6.39,48.2,741.1,idle,65.62,13.4,27.89,0,none,0.0
2063-03-17,M12,Compressor,0.93,50.99,6.95,45.4,779.4,idle,66.02,8.4,27.49,0,none,0.0
2063-03-18,M12,Compressor,0.96,44.53,6.36,49.0,757.0,idle,66.22,10.3,27.29,0,none,0.0
2063-03-19,M12,Compressor,0.9,44.09,6.59,48.8,735.2,idle,66.6,12.2,26.9,0,none,0.0
2063-03-20,M12,Compressor,2.34,67.3,14.15,98.4,1805.0,normal,67.03,12.1,26.47,0,none,0.0
2063-03-21,M12,Compressor,2.35,56.2,13.24,106.5,1780.8,normal,67.2,17.5,26.3,0,none,0.0
2063-03-22,M12,Compressor,1.04,47.97,6.58,44.8,764.1,idle,67.47,9.4,26.04,0,none,0.0
2063-03-23,M12,Compressor,0.92,45.59,6.82,44.4,732.4,idle,67.53,13.6,25.97,0,none,0.0
2063-03-24,M12,Compressor,0.92,47.14,5.6,46.0,775.1,idle,67.83,9.5,25.67,0,none,0.0
2063-03-25,M12,Compressor,1.06,44.33,5.95,43.5,724.0,idle,67.87,11.8,25.64,0,none,0.0
2063-03-26,M12,Compressor,2.15,66.35,13.78,104.8,1732.6,normal,68.18,14.5,25.32,0,none,0.0
2063-03-27,M12,Compressor,2.47,64.37,15.41,100.3,1701.2,normal,68.23,8.8,25.27,0,none,0.0
2063-03-28,M12,Compressor,2.26,58.01,15.02,101.0,1783.1,normal,68.4,11.6,25.1,0,none,0.0
2063-03-29,M12,Compressor,2.2,62.78,15.0,116.3,1736.8,normal,68.68,17.3,24.82,0,none,0.0
2063-03-30,M12,Compressor,0.97,50.18,5.98,43.2,770.1,idle,69.03,15.9,24.47,0,none,0.0
2063-03-31,M12,Compressor,2.31,60.28,15.3,98.4,1744.7,normal,69.27,9.0,24.24,0,none,0.0
2063-04-01,M12,Compressor,2.38,65.51,13.85,105.0,1738.3,normal,69.32,9.2,24.19,0,none,0.0
2063-04-02,M12,Compressor,0.93,47.77,6.15,43.6,770.0,idle,69.58,11.2,23.92,0,none,0.0
2063-04-03,M12,Compressor,0.99,46.45,5.7,42.7,777.6,idle,69.62,12.3,23.89,0,none,0.0
2063-04-04,M12,Compressor,1.1,51.18,6.19,48.5,770.1,idle,69.68,16.7,23.82,0,none,0.0
2063-04-05,M12,Compressor,0.96,48.69,6.94,44.2,759.8,idle,69.9,9.1,23.6,0,none,0.0
2063-04-06,M12,Compressor,2.43,58.15,14.23,106.4,1738.6,normal,70.32,8.1,23.19,0,none,0.0
2063-04-07,M12,Compressor,2.17,64.31,14.65,119.3,1691.8,normal,70.82,12.7,22.69,0,none,0.0
2063-04-08,M12,Compressor,2.17,56.17,14.27,100.1,1728.3,normal,70.98,10.8,22.52,0,none,0.0
2063-04-09,M12,Compressor,2.42,51.01,14.9,118.5,1695.6,normal,71.2,12.4,22.3,0,none,0.0
2063-04-10,M12,Compressor,2.49,57.52,14.66,118.5,1700.2,normal,71.5,17.2,22.0,0,none,0.0
2063-04-11,M12,Compressor,1.06,44.84,6.98,44.7,733.4,idle,71.78,12.3,21.72,0,none,0.0
2063-04-12,M12,Compressor,2.17,64.62,14.46,118.8,1760.1,normal,72.07,8.9,21.44,0,none,0.0
2063-04-13,M12,Compressor,2.27,65.06,13.7,102.3,1654.8,normal,72.48,16.3,21.02,0,none,0.0
2063-04-14,M12,Compressor,0.95,46.09,5.95,45.0,754.6,idle,72.8,11.0,20.7,0,none,0.0
2063-04-15,M12,Compressor,2.21,61.46,13.33,118.3,1654.4,normal,73.28,10.1,20.22,0,none,0.0
2063-04-16,M12,Compressor,2.55,59.85,14.78,102.5,1679.5,normal,73.65,9.5,19.85,0,none,0.0
2063-04-17,M12,Compressor,2.57,57.94,14.2,119.6,1707.1,normal,73.87,17.5,19.64,0,none,0.0
2063-04-18,M12,Compressor,2.15,60.56,14.39,114.3,1812.4,normal,74.28,12.9,19.22,0,none,0.0
2063-04-19,M12,Compressor,2.25,62.99,14.09,114.6,1677.9,normal,74.43,17.5,19.07,0,none,0.0
2063-04-20,M12,Compressor,3.3,56.54,20.24,148.4,2592.0,peak,74.7,10.8,18.8,0,none,0.0
2063-04-21,M12,Compressor,2.38,59.53,15.43,107.5,1765.0,normal,75.1,13.2,18.4,0,none,0.0
2063-04-22,M12,Compressor,2.12,62.75,15.43,114.5,1799.1,normal,75.43,14.9,18.07,0,none,0.0
2063-04-23,M12,Compressor,2.26,65.81,14.21,109.3,1719.9,normal,75.48,13.8,18.02,0,none,0.0
2063-04-24,M12,Compressor,1.0,51.27,6.92,45.6,750.9,idle,75.65,14.9,17.85,0,none,0.0
2063-04-25,M12,Compressor,0.92,61.66,6.27,43.6,754.6,idle,76.02,11.9,17.49,0,none,0.0
2063-04-26,M12,Compressor,1.04,49.2,6.16,48.1,739.2,idle,76.43,17.9,17.07,0,none,0.0
2063-04-27,M12,Compressor,2.33,54.86,14.51,106.0,1686.9,normal,76.75,9.8,16.75,0,none,0.0
2063-04-28,M12,Compressor,2.25,55.03,15.28,108.0,1761.0,normal,77.18,15.6,16.32,0,none,0.0
2063-04-29,M12,Compressor,2.57,53.28,15.34,108.5,1795.6,normal,77.63,13.3,15.87,0,none,0.0
2063-04-30,M12,Compressor,2.18,53.28,13.49,111.3,1673.9,normal,77.88,8.1,15.62,0,none,0.0
2063-05-01,M12,Compressor,2.5,54.51,13.64,102.0,1776.9,normal,78.2,9.5,15.3,0,none,0.0
2063-05-02,M12,Compressor,2.5,51.26,5.65,44.1,760.3,idle,78.48,8.4,15.02,0,none,0.0
2063-05-03,M12,Compressor,1.02,46.8,6.79,43.0,758.3,idle,78.55,16.7,14.95,0,none,0.0
2063-05-04,M12,Compressor,0.95,48.22,6.08,49.8,749.2,idle,78.67,15.4,14.84,0,none,0.0
2063-05-05,M12,Compressor,1.1,46.04,6.65,47.7,749.2,idle,78.9,12.6,14.6,0,none,0.0
2063-05-06,M12,Compressor,3.42,68.65,20.64,164.7,749.2,peak,79.05,17.3,14.45,0,none,0.0
2063-05-07,M12,Compressor,2.12,62.2,13.43,112.0,1704.3,normal,79.4,16.8,14.1,0,none,0.0
2063-05-08,M12,Compressor,2.12,63.86,13.13,100.6,1707.2,normal,79.48,11.9,14.02,0,none,0.0
2063-05-09,M12,Compressor,2.17,66.44,14.55,116.9,1766.0,normal,79.98,8.8,13.52,0,none,0.0
2063-05-10,M12,Compressor,2.6,59.45,13.13,99.0,1750.0,normal,80.38,17.8,13.12,0,none,0.0
2063-05-11,M12,Compressor,0.97,44.9,5.86,45.8,751.1,idle,80.62,17.7,12.89,0,none,0.0
2063-05-12,M12,Compressor,1.09,44.73,6.04,46.0,726.8,idle,80.93,17.2,12.57,0,none,0.0
2063-05-13,M12,Compressor,1.09,59.27,14.15,111.4,1698.9,normal,81.35,16.6,12.15,0,none,0.0
2063-05-14,M12,Compressor,2.27,52.93,14.31,104.3,1694.3,normal,81.4,11.6,12.1,0,none,0.0
2063-05-15,M12,Compressor,2.16,50.42,13.48,101.2,1732.5,normal,81.88,12.9,11.62,0,none,0.0
2063-05-16,M12,Compressor,0.95,50.54,6.21,47.0,732.5,idle,81.98,14.2,11.52,0,none,0.0
2063-05-17,M12,Compressor,2.31,60.85,6.21,103.4,1787.3,normal,82.1,10.8,11.4,0,none,0.0
2063-05-18,M12,Compressor,1.07,48.26,6.21,47.9,723.3,idle,82.15,17.9,11.35,0,none,0.0
2063-05-19,M12,Compressor,2.38,62.56,14.35,115.8,1701.1,normal,82.18,10.7,11.32,0,none,0.0
2063-05-20,M12,Compressor,2.13,61.41,14.83,114.1,1651.9,normal,82.53,16.0,10.97,0,none,0.0
2063-05-21,M12,Compressor,1.03,44.17,6.66,47.6,754.0,idle,82.8,16.2,10.7,0,none,0.0
2063-05-22,M12,Compressor,2.35,62.87,13.14,115.8,1684.2,normal,83.3,13.6,10.2,0,none,0.0
2063-05-23,M12,Compressor,1.0,47.89,6.67,43.5,738.0,idle,83.38,13.4,10.12,0,none,0.0
2063-05-24,M12,Compressor,2.43,57.43,13.75,110.5,1664.7,normal,83.52,10.9,9.99,0,none,0.0
2063-05-25,M12,Compressor,1.06,48.2,5.81,45.3,727.9,idle,83.6,17.8,9.9,0,none,0.0
2063-05-26,M12,Compressor,2.41,62.05,14.01,103.5,1794.5,normal,83.97,11.9,9.54,0,none,0.0
2063-05-27,M12,Compressor,1.02,49.34,5.69,47.7,746.7,idle,84.28,10.9,9.22,0,none,0.0
2063-05-28,M12,Compressor,2.28,66.73,13.13,99.9,1713.8,normal,84.43,15.6,9.07,0,none,0.0
2063-05-29,M12,Compressor,1.94,48.09,6.1,48.3,766.1,idle,84.88,17.5,8.62,0,none,0.0
2063-05-30,M12,Compressor,1.05,46.95,6.11,47.8,727.5,idle,85.32,12.3,8.19,0,none,0.0
2063-05-31,M12,Compressor,1.07,46.95,6.77,48.4,742.5,idle,85.47,11.1,8.04,0,none,0.0
2063-06-01,M12,Compressor,0.92,46.95,6.02,45.0,774.5,idle,85.83,8.0,7.67,0,none,0.0
2063-06-02,M13,Compressor,1.08,46.1,5.63,42.0,746.3,idle,263.23,8.1,94.1,0,none,0.0
2063-06-03,M13,Compressor,1.01,46.16,5.89,44.9,735.8,idle,263.41,14.1,93.92,0,none,0.0
2063-06-04,M13,Compressor,1.07,49.14,6.74,48.9,746.1,idle,263.46,17.5,93.87,0,none,0.0
2063-06-05,M13,Compressor,1.0,51.82,6.73,48.4,755.0,idle,263.88,10.4,93.45,0,none,0.0
2063-06-06,M13,Compressor,0.99,51.16,6.71,46.1,736.2,idle,264.04,9.3,93.29,0,none,0.0
2063-06-07,M13,Compressor,0.93,48.42,5.94,44.1,726.4,idle,264.41,8.2,92.92,0,none,0.0
2063-06-08,M13,Compressor,0.91,50.27,5.66,49.1,732.8,idle,264.89,10.6,92.44,0,none,0.0
2063-06-09,M13,Compressor,2.48,64.81,14.98,116.8,1707.8,normal,264.98,8.0,92.35,0,none,0.0
2063-06-10,M13,Compressor,1.1,46.24,6.9,45.5,723.4,idle,265.41,17.2,91.92,0,none,0.0
2063-06-11,M13,Compressor,1.06,50.3,5.8,48.6,729.5,idle,265.86,16.5,91.47,0,none,0.0
2063-06-12,M13,Compressor,0.93,50.47,5.94,42.6,777.4,idle,266.36,17.3,90.97,0,none,0.0
2063-06-13,M13,Compressor,2.38,58.07,14.26,111.8,1796.5,normal,266.56,11.3,90.77,0,none,0.0
2063-06-14,M13,Compressor,1.03,49.92,5.77,45.1,755.1,idle,266.84,13.4,90.49,0,none,0.0
2063-06-15,M13,Compressor,1.02,46.17,6.96,45.1,726.7,idle,267.28,10.8,90.05,0,none,0.0
2063-06-16,M13,Compressor,0.95,50.03,5.55,49.9,779.3,idle,267.56,11.8,89.77,0,none,0.0
2063-06-17,M13,Compressor,0.93,47.21,5.81,45.3,752.0,idle,267.86,11.3,89.47,0,none,0.0
2063-06-18,M13,Compressor,1.06,44.29,6.98,49.5,754.2,idle,267.89,11.4,89.44,0,none,0.0
2063-06-19,M13,Compressor,1.0,48.41,5.53,47.9,749.8,idle,268.04,11.7,89.29,0,none,0.0
2063-06-20,M13,Compressor,2.24,58.31,13.73,112.5,1754.5,normal,268.14,11.6,89.19,0,none,0.0
2063-06-21,M13,Compressor,0.98,46.51,6.82,47.5,763.0,idle,268.34,17.0,88.99,0,none,0.0
2063-06-22,M13,Compressor,1.02,44.6,5.59,45.4,775.8,idle,268.43,9.6,88.9,0,none,0.0
2063-06-23,M13,Compressor,1.0,44.6,5.64,47.8,734.7,idle,268.69,16.0,88.64,0,none,0.0
2063-06-24,M13,Compressor,1.0,46.34,6.57,45.2,747.7,idle,269.01,14.7,88.32,0,none,0.0
2063-06-25,M13,Compressor,2.22,55.07,13.45,108.8,1674.7,normal,269.44,15.2,87.89,0,none,0.0
2063-06-26,M13,Compressor,2.23,59.55,13.69,109.7,1652.4,normal,269.53,16.7,87.8,0,none,0.0
2063-06-27,M13,Compressor,1.09,49.84,6.26,49.4,772.2,idle,269.94,16.8,87.39,0,none,0.0
2063-06-28,M13,Compressor,2.28,52.09,13.63,100.2,1777.5,normal,270.31,13.1,87.02,0,none,0.0
2063-06-29,M13,Compressor,1.01,50.8,13.63,48.2,1777.5,idle,270.53,16.2,86.8,0,none,0.0
2063-06-30,M13,Compressor,2.4,61.51,14.9,115.0,1697.0,normal,270.61,17.7,86.72,0,none,0.0
2063-07-01,M13,Compressor,2.29,53.73,14.87,101.8,1716.5,normal,271.08,10.6,86.25,0,none,0.0
2063-07-02,M13,Compressor,3.48,61.8,19.17,158.0,2595.1,peak,271.13,15.3,86.2,0,none,0.0
2063-07-03,M13,Compressor,2.13,65.03,13.3,103.6,1720.8,normal,271.34,12.3,85.99,0,none,0.0
2063-07-04,M13,Compressor,3.43,73.53,18.41,159.9,2464.5,peak,271.69,10.1,85.64,0,none,0.0
2063-07-05,M13,Compressor,1.08,46.23,6.54,43.3,777.5,idle,272.14,12.7,85.19,0,none,0.0
2063-07-06,M13,Compressor,2.1,54.19,14.69,116.3,1818.9,normal,272.54,15.8,84.79,0,none,0.0
2063-07-07,M13,Compressor,2.19,55.53,15.23,95.8,1774.7,normal,272.78,16.9,84.55,0,none,0.0
2063-07-08,M13,Compressor,2.31,62.4,14.31,110.7,1763.3,normal,273.11,10.3,84.22,0,none,0.0
2063-07-09,M13,Compressor,1.03,49.32,6.35,47.7,766.6,idle,273.38,10.0,83.95,0,none,0.0
2063-07-10,M13,Compressor,3.47,72.07,19.27,159.9,2589.3,peak,273.71,14.7,83.62,0,none,0.0
2063-07-11,M13,Compressor,0.97,50.22,5.94,43.4,746.8,idle,273.83,14.0,83.5,0,none,0.0
2063-07-12,M13,Compressor,3.48,61.14,19.18,150.6,2443.6,peak,274.06,11.7,83.27,0,none,0.0
2063-07-13,M13,Compressor,2.41,54.38,15.34,150.6,1742.2,normal,274.19,8.5,83.14,0,none,0.0
2063-07-14,M13,Compressor,2.3,67.33,15.34,109.1,1779.8,normal,274.26,16.3,83.07,0,none,0.0
2063-07-15,M13,Compressor,2.19,50.59,14.14,108.8,1698.8,normal,274.74,12.8,82.59,0,none,0.0
2063-07-16,M13,Compressor,2.19,50.59,14.14,46.8,1698.8,idle,275.09,14.2,82.24,0,none,0.0
2063-07-17,M13,Compressor,2.11,55.59,13.9,106.9,1783.0,normal,275.19,13.4,82.14,0,none,0.0
2063-07-18,M13,Compressor,2.49,65.22,13.72,103.7,1675.5,normal,275.66,10.2,81.67,0,none,0.0
2063-07-19,M13,Compressor,2.53,61.74,13.19,102.6,1676.0,normal,275.91,10.9,81.42,0,none,0.0
2063-07-20,M13,Compressor,2.58,55.84,14.24,103.0,1730.6,normal,276.04,10.1,81.29,0,none,0.0
2063-07-21,M13,Compressor,2.6,55.17,13.71,104.3,1678.8,normal,276.29,14.9,81.04,0,none,0.0
2063-07-22,M13,Compressor,1.05,47.03,6.37,47.3,722.1,idle,276.36,17.0,80.97,0,none,0.0
2063-07-23,M13,Compressor,1.03,48.26,5.62,43.0,746.5,idle,276.56,14.0,80.77,0,none,0.0
2063-07-24,M13,Compressor,2.27,57.87,14.59,98.9,1762.6,normal,277.01,17.5,80.32,0,none,0.0
2063-07-25,M13,Compressor,1.06,44.02,6.05,44.2,745.9,idle,277.33,11.7,80.0,0,none,0.0
2063-07-26,M13,Compressor,2.41,53.38,13.34,113.2,1766.6,normal,277.76,11.2,79.57,0,none,0.0
2063-07-27,M13,Compressor,3.28,65.03,19.08,151.6,2464.0,peak,277.84,11.8,79.49,0,none,0.0
2063-07-28,M13,Compressor,1.05,48.45,6.59,46.7,752.7,idle,277.99,17.3,79.34,0,none,0.0
2063-07-29,M13,Compressor,2.26,57.12,15.22,109.4,1739.2,normal,278.08,14.2,79.25,0,none,0.0
2063-07-30,M13,Compressor,2.13,62.08,14.72,112.3,1665.5,normal,278.41,12.1,78.92,0,none,0.0
2063-07-31,M13,Compressor,2.25,56.68,15.07,119.5,1720.5,normal,278.56,14.7,78.77,0,none,0.0
2063-08-01,M13,Compressor,2.38,50.13,13.02,96.9,1772.3,normal,278.61,8.1,78.72,0,none,0.0
2063-08-02,M13,Compressor,0.94,50.06,6.15,48.8,772.2,idle,278.71,10.1,78.62,0,none,0.0
2063-08-03,M13,Compressor,2.54,59.78,14.97,111.5,1681.7,normal,279.18,13.2,78.15,0,none,0.0
2063-08-04,M13,Compressor,0.98,51.7,6.66,44.1,736.9,idle,279.54,9.0,77.79,0,none,0.0
2063-08-05,M13,Compressor,0.98,55.92,15.32,105.8,1711.9,normal,279.88,15.7,77.45,0,none,0.0
2063-08-06,M13,Compressor,2.22,66.06,15.39,103.1,1754.8,normal,280.08,15.3,77.25,0,none,0.0
2063-08-07,M13,Compressor,2.58,58.99,14.17,108.2,1655.6,normal,280.46,8.2,76.87,0,none,0.0
2063-08-08,M13,Compressor,2.25,62.58,15.42,109.2,1682.4,normal,280.49,11.1,76.84,0,none,0.0
2063-08-09,M13,Compressor,0.99,47.92,5.73,44.6,746.7,idle,280.93,17.2,76.4,0,none,0.0
2063-08-10,M13,Compressor,2.23,56.37,13.69,110.3,1748.4,normal,281.16,11.0,76.17,0,none,0.0
2063-08-11,M13,Compressor,1.01,44.77,5.78,42.9,723.8,idle,281.21,14.5,76.12,0,none,0.0
2063-08-12,M13,Compressor,2.22,53.5,14.81,112.4,1684.2,normal,281.44,9.6,75.89,0,none,0.0
2063-08-13,M13,Compressor,2.18,52.61,13.8,102.3,1654.8,normal,281.64,13.1,75.69,0,none,0.0
2063-08-14,M13,Compressor,3.34,72.96,20.16,146.3,2519.9,peak,281.89,10.0,75.44,0,none,0.0
2063-08-15,M13,Compressor,2.34,66.32,13.91,113.8,1656.5,normal,282.19,10.1,75.14,0,none,0.0
2063-08-16,M13,Compressor,2.46,50.75,13.86,118.7,1769.5,normal,282.48,8.6,74.85,0,none,0.0
2063-08-17,M13,Compressor,1.09,47.97,6.41,46.1,748.7,idle,282.79,17.8,74.54,0,none,0.0
2063-08-18,M13,Compressor,2.39,50.7,13.46,100.4,1715.1,normal,282.89,16.8,74.44,0,none,0.0
2063-08-19,M13,Compressor,2.32,63.31,13.41,109.2,1696.3,normal,282.94,8.3,74.39,0,none,0.0
2063-08-20,M13,Compressor,1.0,49.01,6.37,43.7,762.6,idle,283.29,13.8,74.04,0,none,0.0
2063-08-21,M13,Compressor,2.43,66.78,14.59,113.0,1787.9,normal,283.41,13.0,73.92,0,none,0.0
2063-08-22,M13,Compressor,0.92,49.57,5.98,48.6,748.8,idle,283.78,11.6,73.55,0,none,0.0
2063-08-23,M13,Compressor,1.02,46.08,6.48,42.3,764.9,idle,284.08,12.0,73.25,0,none,0.0
2063-08-24,M13,Compressor,2.18,54.1,13.0,102.8,1716.0,normal,284.16,13.1,73.17,0,none,0.0
2063-08-25,M13,Compressor,0.95,45.84,6.84,44.6,763.3,idle,284.53,14.6,72.8,0,none,0.0
2063-08-26,M13,Compressor,2.22,64.56,14.69,113.9,763.3,normal,285.03,9.9,72.3,0,none,0.0
2063-08-27,M13,Compressor,1.08,46.99,6.4,47.1,777.1,idle,285.29,17.9,72.04,0,none,0.0
2063-08-28,M13,Compressor,0.93,45.08,6.19,49.3,721.3,idle,285.41,14.5,71.92,0,none,0.0
2063-08-29,M13,Compressor,0.96,46.27,5.96,42.2,769.5,idle,285.91,17.5,71.42,0,none,0.0
2063-08-30,M13,Compressor,0.9,47.82,5.58,48.4,764.8,idle,286.14,11.8,71.19,0,none,0.0
2063-08-31,M13,Compressor,2.46,63.25,15.35,105.4,1796.5,normal,286.64,16.5,70.69,0,none,0.0
2063-09-01,M13,Compressor,0.94,47.61,5.51,44.3,747.5,idle,286.94,13.2,70.39,0,none,0.0
2063-09-02,M13,Compressor,2.55,55.71,14.68,115.8,1705.5,normal,287.44,12.9,69.89,0,none,0.0
2063-09-03,M13,Compressor,0.93,48.73,5.93,47.2,728.1,idle,287.49,16.7,69.84,0,none,0.0
2063-09-04,M13,Compressor,0.93,49.41,6.96,44.0,762.8,idle,287.71,14.7,69.62,0,none,0.0
2063-09-05,M13,Compressor,2.97,50.75,6.08,49.8,724.9,idle,287.94,17.3,69.39,0,none,0.0
2063-09-06,M13,Compressor,1.1,50.77,6.8,48.7,771.7,idle,288.19,8.8,69.14,0,none,0.0
2063-09-07,M13,Compressor,1.06,51.2,6.19,49.5,743.1,idle,288.46,9.6,68.87,0,none,0.0
2063-09-08,M13,Compressor,1.05,49.68,6.73,47.9,722.1,idle,288.64,14.1,68.69,0,none,0.0
2063-09-09,M13,Compressor,1.05,44.19,6.3,48.7,769.8,idle,289.09,14.0,68.24,0,none,0.0
2063-09-10,M13,Compressor,1.07,48.82,5.78,46.1,751.0,idle,289.13,8.4,68.2,0,none,0.0
2063-09-11,M13,Compressor,0.96,47.39,6.81,46.1,762.3,idle,289.18,10.6,68.15,0,none,0.0
2063-09-12,M13,Compressor,1.0,48.94,5.64,49.5,746.2,idle,289.59,13.5,67.74,0,none,0.0
2063-09-13,M13,Compressor,1.05,49.34,5.64,42.3,776.1,idle,290.08,15.3,67.25,0,none,0.0
2063-09-14,M13,Compressor,2.51,65.01,14.17,114.9,1747.8,normal,290.24,17.9,67.09,0,none,0.0
2063-09-15,M13,Compressor,1.0,50.28,6.44,42.6,738.9,idle,290.56,17.4,66.77,0,none,0.0
2063-09-16,M13,Compressor,2.41,66.27,15.33,116.0,1693.2,normal,291.01,17.0,66.32,0,none,0.0
2063-09-17,M13,Compressor,0.99,47.47,6.16,42.4,730.4,idle,291.33,10.5,66.0,0,none,0.0
2063-09-18,M13,Compressor,0.93,48.94,6.12,44.6,746.6,idle,291.83,13.4,65.5,0,none,0.0
2063-09-19,M13,Compressor,0.96,50.06,5.75,42.5,759.0,idle,292.23,15.4,65.1,0,none,0.0
2063-09-20,M13,Compressor,0.95,49.15,5.59,44.0,729.2,idle,292.33,9.8,65.0,0,none,0.0
2063-09-21,M13,Compressor,0.96,46.63,6.24,46.2,757.8,idle,292.46,18.0,64.87,0,none,0.0
2063-09-22,M13,Compressor,0.97,48.26,6.99,43.7,729.2,idle,292.86,15.0,64.47,0,none,0.0
2063-09-23,M13,Compressor,1.07,47.28,6.77,45.4,721.3,idle,293.28,11.0,64.05,0,none,0.0
2063-09-24,M13,Compressor,3.22,67.2,19.79,154.2,2599.7,peak,293.48,14.1,63.85,0,none,0.0
2063-09-25,M13,Compressor,2.37,62.54,14.8,95.0,1743.9,normal,293.81,14.8,63.52,0,none,0.0
2063-09-26,M13,Compressor,2.58,63.51,13.85,104.1,1701.6,normal,293.96,13.3,63.37,0,none,0.0
2063-09-27,M13,Compressor,2.58,51.75,13.73,107.5,1741.0,normal,294.38,16.4,62.95,0,none,0.0
2063-09-28,M13,Compressor,2.4,64.35,13.41,100.6,1798.3,normal,294.51,9.7,62.82,0,none,0.0
2063-09-29,M13,Compressor,1.07,50.57,5.81,42.5,751.4,idle,294.88,15.1,62.45,0,none,0.0
2063-09-30,M13,Compressor,2.54,54.28,15.26,98.5,1700.7,normal,295.34,9.1,61.99,0,none,0.0
2063-10-01,M13,Compressor,0.96,45.21,6.81,45.3,731.4,idle,295.59,16.7,61.74,0,none,0.0
2063-10-02,M13,Compressor,2.17,57.58,13.04,98.0,1650.6,normal,295.89,10.9,61.44,0,none,0.0
2063-10-03,M13,Compressor,2.11,67.95,14.12,98.0,1775.3,normal,296.39,15.9,60.94,0,none,0.0
2063-10-04,M13,Compressor,2.54,51.87,14.31,103.0,1743.2,normal,296.59,17.5,60.74,0,none,0.0
2063-10-05,M13,Compressor,2.27,51.87,14.68,96.0,1802.2,normal,296.68,15.3,60.65,0,none,0.0
2063-10-06,M13,Compressor,2.46,48.92,6.63,42.6,774.2,idle,296.81,10.8,60.52,0,none,0.0
2063-10-07,M13,Compressor,3.21,74.93,18.28,159.3,2432.1,peak,296.93,9.2,60.4,0,none,0.0
2063-10-08,M13,Compressor,0.98,47.55,6.11,44.7,766.0,idle,297.21,11.9,60.12,0,none,0.0
2063-10-09,M13,Compressor,2.51,56.04,14.21,105.5,1750.9,normal,297.31,13.9,60.02,0,none,0.0
2063-10-10,M13,Compressor,2.51,71.11,21.19,156.8,2549.2,peak,297.48,10.5,59.85,0,none,0.0
2063-10-11,M13,Compressor,1.1,51.38,6.42,46.1,752.1,idle,297.61,13.0,59.72,0,none,0.0
2063-10-12,M13,Compressor,2.33,58.64,14.83,119.8,1657.7,normal,297.93,10.3,59.4,0,none,0.0
2063-10-13,M13,Compressor,2.22,53.78,15.08,105.5,1739.3,normal,298.38,14.5,58.95,0,none,0.0
2063-10-14,M13,Compressor,2.33,65.37,14.25,111.7,1653.3,normal,298.73,12.3,58.6,0,none,0.0
2063-10-15,M13,Compressor,2.43,54.34,15.17,113.8,1668.6,normal,298.78,16.2,58.55,0,none,0.0
2063-10-16,M13,Compressor,2.15,55.27,13.31,113.5,1817.8,normal,299.04,15.1,58.29,0,none,0.0
2063-10-17,M13,Compressor,2.43,54.48,14.41,115.1,1813.6,normal,299.28,8.1,58.05,0,none,0.0
2063-10-18,M13,Compressor,2.1,59.43,14.13,105.4,1735.7,normal,299.36,12.5,57.97,0,none,0.0
2063-10-19,M13,Compressor,3.24,61.88,18.46,155.0,2564.2,peak,299.61,9.4,57.72,0,none,0.0
2063-10-20,M13,Compressor,2.15,63.29,13.67,104.5,1818.0,normal,299.96,12.9,57.37,0,none,0.0
2063-10-21,M13,Compressor,2.15,63.29,13.67,103.1,1818.0,normal,300.34,12.3,56.99,0,none,0.0
2063-10-22,M13,Compressor,2.33,64.98,14.43,114.3,1794.2,normal,300.71,17.0,56.62,0,none,0.0
2063-10-23,M13,Compressor,1.06,47.22,6.05,49.0,728.6,idle,301.09,9.5,56.24,0,none,0.0
2063-10-24,M13,Compressor,2.24,52.18,13.11,49.0,1803.1,normal,301.29,12.2,56.04,0,none,0.0
2063-10-25,M13,Compressor,2.16,64.32,13.95,110.5,1779.8,normal,301.56,9.8,55.77,0,none,0.0
2063-10-26,M13,Compressor,2.46,52.46,13.29,118.1,1663.5,normal,301.91,12.6,55.42,0,none,0.0
2063-10-27,M13,Compressor,3.13,63.77,21.28,157.1,2514.2,peak,302.01,12.2,55.32,0,none,0.0
2063-10-28,M13,Compressor,2.45,64.44,13.58,95.5,1671.6,normal,302.36,12.3,54.97,0,none,0.0
2063-10-29,M13,Compressor,2.18,50.72,14.87,117.1,1770.8,normal,302.39,17.9,54.94,0,none,0.0
2063-10-30,M13,Compressor,2.19,60.92,14.3,115.5,1810.2,normal,302.56,13.2,54.77,0,none,0.0
2063-10-31,M13,Compressor,1.05,48.1,6.27,48.5,727.4,idle,302.83,17.3,54.5,0,none,0.0
2063-11-01,M13,Compressor,2.18,56.18,14.87,96.7,1708.5,normal,303.14,13.4,54.19,0,none,0.0
2063-11-02,M13,Compressor,3.19,64.71,19.85,159.3,1708.5,peak,303.28,14.2,54.05,0,none,0.0
2063-11-03,M13,Compressor,2.55,53.25,14.08,105.0,1669.1,normal,303.73,13.4,53.6,0,none,0.0
2063-11-04,M13,Compressor,2.18,56.06,14.84,98.8,1695.1,normal,304.16,11.9,53.17,0,none,0.0
2063-11-05,M13,Compressor,2.44,60.74,13.26,118.6,1675.2,normal,304.26,16.8,53.07,0,none,0.0
2063-11-06,M13,Compressor,2.13,55.48,13.07,95.8,1748.4,normal,304.51,15.4,52.82,0,none,0.0
2063-11-07,M13,Compressor,2.55,57.25,13.76,117.9,1660.5,normal,304.63,16.9,52.7,0,none,0.0
2063-11-08,M13,Compressor,2.34,54.55,13.76,105.3,1742.7,normal,304.69,11.6,52.64,0,none,0.0
2063-11-09,M13,Compressor,2.33,67.78,13.06,113.9,1658.7,normal,304.91,14.4,52.42,0,none,0.0
2063-11-10,M13,Compressor,2.32,53.63,15.36,113.1,1728.7,normal,304.96,11.1,52.37,0,none,0.0
2063-11-11,M13,Compressor,1.09,49.77,6.93,47.6,724.7,idle,305.24,8.8,52.09,0,none,0.0
2063-11-12,M13,Compressor,1.02,51.84,5.82,48.3,731.1,idle,305.43,13.8,51.9,0,none,0.0
2063-11-13,M13,Compressor,2.33,51.52,5.82,114.4,1657.7,normal,305.68,10.3,51.65,0,none,0.0
2063-11-14,M13,Compressor,2.26,61.34,15.37,101.1,1679.4,normal,305.89,12.0,51.44,0,none,0.0
2063-11-15,M13,Compressor,0.94,45.89,6.46,50.0,751.4,idle,305.94,9.5,51.39,0,none,0.0
2063-11-16,M13,Compressor,2.24,63.45,13.4,95.8,1752.9,normal,306.19,10.9,51.14,0,none,0.0
2063-11-17,M13,Compressor,2.21,57.19,13.58,118.0,1707.5,normal,306.43,8.4,50.9,0,none,0.0
2063-11-18,M13,Compressor,2.32,54.23,13.21,107.8,1797.7,normal,306.88,10.8,50.45,0,none,0.0
2063-11-19,M13,Compressor,2.28,64.06,13.08,100.9,1672.3,normal,307.33,17.1,50.0,0,none,0.0
2063-11-20,M13,Compressor,2.3,66.1,13.93,110.1,1802.7,normal,307.39,14.0,49.94,0,none,0.0
2063-11-21,M13,Compressor,2.28,56.58,13.22,103.7,1776.8,normal,307.64,16.3,49.69,0,none,0.0
2063-11-22,M13,Compressor,1.07,49.78,5.51,42.9,763.9,idle,307.98,11.1,49.35,0,none,0.0
2063-11-23,M13,Compressor,3.57,68.91,18.9,147.2,2575.4,peak,308.16,10.5,49.17,0,none,0.0
2063-11-24,M13,Compressor,2.15,52.72,14.49,99.8,1688.7,normal,308.21,16.9,49.12,0,none,0.0
2063-11-25,M13,Compressor,2.17,67.0,13.31,118.3,1705.5,normal,308.69,12.0,48.64,0,none,0.0
2063-11-26,M13,Compressor,1.06,51.6,6.28,48.2,736.0,idle,309.06,12.9,48.27,0,none,0.0
2063-11-27,M13,Compressor,2.29,59.95,15.13,110.5,1653.8,normal,309.24,14.5,48.09,0,none,0.0
2063-11-28,M13,Compressor,0.96,50.92,5.86,44.9,743.4,idle,309.36,8.0,47.97,0,none,0.0
2063-11-29,M13,Compressor,0.93,46.8,6.73,48.8,754.9,idle,309.73,16.2,47.6,0,none,0.0
2063-11-30,M13,Compressor,1.04,48.28,5.57,47.6,779.8,idle,309.83,14.7,47.5,0,none,0.0
2063-12-01,M13,Compressor,0.95,51.86,7.0,43.1,775.6,idle,310.16,16.9,47.17,0,none,0.0
2063-12-02,M13,Compressor,2.44,58.39,13.86,110.8,1793.3,normal,310.54,10.0,46.79,0,none,0.0
2063-12-03,M13,Compressor,0.91,48.28,6.48,42.2,773.3,idle,310.83,10.0,46.5,0,none,0.0
2063-12-04,M13,Compressor,1.09,48.9,5.68,49.5,768.3,idle,310.91,12.0,46.42,0,none,0.0
2063-12-05,M13,Compressor,0.91,48.63,5.67,43.1,731.5,idle,311.38,12.0,45.95,0,none,0.0
2063-12-06,M13,Compressor,0.98,51.01,5.55,47.5,777.9,idle,311.88,15.5,45.45,0,none,0.0
2063-12-07,M13,Compressor,1.03,50.52,6.85,47.7,759.6,idle,311.93,14.8,45.4,0,none,0.0
2063-12-08,M13,Compressor,0.9,48.15,6.2,46.2,746.0,idle,312.16,8.7,45.17,0,none,0.0
2063-12-09,M13,Compressor,1.08,51.11,5.69,46.3,777.6,idle,312.24,8.9,45.09,0,none,0.0
2063-12-10,M13,Compressor,1.08,64.43,13.93,104.4,1705.4,normal,312.63,8.0,44.7,0,none,0.0
2063-12-11,M13,Compressor,0.9,51.4,6.02,44.9,765.6,idle,312.73,17.5,44.6,0,none,0.0
2063-12-12,M13,Compressor,1.01,46.9,6.83,44.9,778.6,idle,312.98,9.5,44.35,0,none,0.0
2063-12-13,M13,Compressor,1.01,62.42,13.81,97.5,1668.0,normal,313.24,17.1,44.09,0,none,0.0
2063-12-14,M13,Compressor,1.03,44.91,6.86,47.6,733.6,idle,313.41,16.3,43.92,0,none,0.0
2063-12-15,M13,Compressor,0.96,49.68,6.74,48.7,756.1,idle,313.78,14.7,43.55,0,none,0.0
2063-12-16,M13,Compressor,0.93,50.55,6.69,48.7,729.5,idle,313.98,12.3,43.35,0,none,0.0
2063-12-17,M13,Compressor,2.44,67.28,13.64,112.9,1694.0,normal,314.36,8.6,42.97,0,none,0.0
2063-12-18,M13,Compressor,2.25,58.73,15.24,96.0,1818.2,normal,314.56,10.8,42.77,0,none,0.0
2063-12-19,M13,Compressor,1.05,46.88,6.03,45.9,772.5,idle,315.06,16.5,42.27,0,none,0.0
2063-12-20,M13,Compressor,0.9,48.39,5.58,42.9,761.4,idle,315.13,12.1,42.2,0,none,0.0
2063-12-21,M13,Compressor,0.95,44.33,5.75,43.7,766.2,idle,315.24,15.0,42.09,0,none,0.0
2063-12-22,M13,Compressor,1.02,49.88,6.05,42.9,768.3,idle,315.74,15.2,41.59,0,none,0.0
2063-12-23,M13,Compressor,2.17,56.89,13.66,102.4,1752.3,normal,316.24,13.4,41.09,0,none,0.0
2063-12-24,M13,Compressor,2.17,47.57,6.46,49.0,742.3,idle,316.53,14.0,40.8,0,none,0.0
2063-12-25,M13,Compressor,0.96,46.94,6.25,44.5,735.0,idle,317.03,17.2,40.3,0,none,0.0
2063-12-26,M13,Compressor,3.23,70.56,19.01,161.9,2457.0,peak,317.36,9.9,39.97,0,none,0.0
2063-12-27,M13,Compressor,1.02,51.77,6.93,45.5,724.0,idle,317.53,14.7,39.8,0,none,0.0
2063-12-28,M13,Compressor,2.55,52.28,15.31,113.3,1808.8,normal,318.03,17.6,39.3,0,none,0.0
2063-12-29,M13,Compressor,1.03,51.96,15.31,44.6,743.6,idle,318.33,16.4,39.0,0,none,0.0
2063-12-30,M13,Compressor,0.97,47.21,6.83,46.7,763.5,idle,318.44,8.5,38.89,0,none,0.0
2063-12-31,M13,Compressor,2.24,67.82,13.7,99.0,1782.3,normal,318.93,17.2,38.4,0,none,0.0
2064-01-01,M13,Compressor,1.07,47.15,6.31,45.3,737.6,idle,319.09,8.2,38.24,0,none,0.0
2064-01-02,M13,Compressor,2.51,63.63,14.21,106.4,1680.6,normal,319.48,17.7,37.85,0,none,0.0
2064-01-03,M13,Compressor,2.42,66.63,14.8,107.7,1656.6,normal,319.58,13.0,37.75,0,none,0.0
2064-01-04,M13,Compressor,2.57,55.54,13.75,106.7,1723.0,normal,319.98,14.4,37.35,0,none,0.0
2064-01-05,M13,Compressor,2.58,52.97,14.72,97.7,1723.0,normal,320.16,15.8,37.17,0,none,0.0
2064-01-06,M13,Compressor,2.46,64.47,14.72,114.7,1809.0,normal,320.26,11.1,37.07,0,none,0.0
2064-01-07,M13,Compressor,2.57,56.16,13.78,113.2,1761.2,normal,320.64,12.3,36.69,0,none,0.0
2064-01-08,M13,Compressor,0.98,45.83,6.43,45.4,727.9,idle,320.93,15.3,36.4,0,none,0.0
2064-01-09,M13,Compressor,1.03,45.83,6.05,48.7,724.4,idle,321.43,10.9,35.9,0,none,0.0
2064-01-10,M13,Compressor,1.0,51.65,5.79,43.4,742.7,idle,321.91,17.4,35.42,0,none,0.0
2064-01-11,M13,Compressor,2.23,53.99,15.37,103.6,1660.2,normal,322.01,14.4,35.32,0,none,0.0
2064-01-12,M13,Compressor,1.08,47.59,6.6,44.9,776.1,idle,322.24,17.1,35.09,0,none,0.0
2064-01-13,M13,Compressor,2.24,61.93,15.06,101.0,1786.3,normal,322.53,16.7,34.8,0,none,0.0
2064-01-14,M13,Compressor,1.06,51.71,6.88,45.1,755.4,idle,322.94,10.1,34.39,0,none,0.0
2064-01-15,M13,Compressor,2.56,50.08,14.57,100.4,1775.6,normal,323.38,13.6,33.95,0,none,0.0
2064-01-16,M13,Compressor,2.5,62.83,15.49,107.0,1745.4,normal,323.41,14.3,33.92,0,none,0.0
2064-01-17,M13,Compressor,0.98,51.79,6.88,49.9,779.1,idle,323.86,8.7,33.47,0,none,0.0
2064-01-18,M13,Compressor,2.55,66.76,13.3,99.3,1800.5,normal,323.91,12.4,33.42,0,none,0.0
2064-01-19,M13,Compressor,2.46,65.75,14.93,98.5,1805.8,normal,324.09,9.7,33.24,0,none,0.0
2064-01-20,M13,Compressor,2.49,60.27,14.33,98.5,1716.4,normal,324.39,13.7,32.94,0,none,0.0
2064-01-21,M13,Compressor,2.5,66.36,13.63,96.0,1684.5,normal,324.46,10.6,32.87,0,none,0.0
2064-01-22,M13,Compressor,2.48,65.63,13.87,98.8,1796.0,normal,324.54,9.3,32.79,0,none,0.0
2064-01-23,M13,Compressor,2.21,54.35,13.23,117.8,1705.5,normal,324.76,17.6,32.57,0,none,0.0
2064-01-24,M13,Compressor,3.1,74.07,19.34,159.9,2446.1,peak,325.04,8.5,32.29,0,none,0.0
2064-01-25,M13,Compressor,1.05,45.86,6.46,45.5,767.9,idle,325.53,10.8,31.8,0,none,0.0
2064-01-26,M13,Compressor,2.47,66.84,13.94,113.9,1814.7,normal,325.86,11.4,31.47,0,none,0.0
2064-01-27,M13,Compressor,2.27,55.22,14.92,106.1,1717.8,normal,326.08,13.7,31.25,0,none,0.0
2064-01-28,M13,Compressor,2.37,66.84,14.92,106.6,1668.7,normal,326.14,16.5,31.19,0,none,0.0
2064-01-29,M13,Compressor,1.08,45.09,5.63,49.7,753.8,idle,326.44,10.3,30.89,0,none,0.0
2064-01-30,M13,Compressor,3.5,64.41,19.74,163.2,2598.0,peak,326.83,16.9,30.5,0,none,0.0
2064-01-31,M13,Compressor,3.37,73.36,21.45,155.9,2588.2,peak,327.04,14.5,30.29,0,none,0.0
2064-02-01,M13,Compressor,2.21,65.93,13.77,95.8,1783.8,normal,327.48,10.0,29.85,0,none,0.0
2064-02-02,M13,Compressor,2.57,53.9,14.34,113.7,1706.4,normal,327.64,15.2,29.69,0,none,0.0
2064-02-03,M13,Compressor,0.93,47.14,6.18,113.7,731.9,idle,327.91,13.1,29.42,0,none,0.0
2064-02-04,M13,Compressor,2.51,59.04,15.26,109.1,1726.0,normal,327.94,14.5,29.39,0,none,0.0
2064-02-05,M13,Compressor,3.17,57.12,19.49,153.3,2513.7,peak,328.01,10.4,29.32,0,none,0.0
2064-02-06,M13,Compressor,2.53,58.35,13.79,116.8,1774.8,normal,328.21,10.9,29.12,0,none,0.0
2064-02-07,M13,Compressor,3.18,58.34,19.16,147.5,2580.7,peak,328.41,13.4,28.92,0,none,0.0
2064-02-08,M13,Compressor,1.02,50.91,6.73,43.2,2580.7,idle,328.86,10.7,28.47,0,none,0.0
2064-02-09,M13,Compressor,2.59,54.21,6.73,103.7,1736.9,normal,329.06,15.4,28.27,0,none,0.0
2064-02-10,M13,Compressor,3.03,63.53,19.01,149.2,2452.8,peak,329.19,15.3,28.14,0,none,0.0
2064-02-11,M13,Compressor,2.15,51.38,14.49,118.7,1786.8,normal,329.28,9.6,28.05,0,none,0.0
2064-02-12,M13,Compressor,2.52,63.23,15.39,118.8,1782.3,normal,329.64,8.7,27.69,0,none,0.0
2064-02-13,M13,Compressor,2.46,55.5,13.23,97.3,1775.2,normal,329.88,9.5,27.45,0,none,0.0
2064-02-14,M13,Compressor,2.11,64.7,13.92,99.8,1719.3,normal,330.26,11.2,27.07,0,none,0.0
2064-02-15,M13,Compressor,1.04,46.2,5.76,47.9,772.8,idle,330.43,17.7,26.9,0,none,0.0
2064-02-16,M13,Compressor,2.39,59.43,14.89,113.3,1651.1,normal,330.73,15.7,26.6,0,none,0.0
2064-02-17,M13,Compressor,3.17,73.64,21.84,155.2,2512.0,peak,331.09,8.5,26.24,0,none,0.0
2064-02-18,M13,Compressor,2.1,62.1,13.53,98.2,1701.8,normal,331.14,8.3,26.19,0,none,0.0
2064-02-19,M13,Compressor,2.43,57.85,13.87,113.2,1788.3,normal,331.18,17.5,26.15,0,none,0.0
2064-02-20,M13,Compressor,2.53,58.01,14.79,117.1,1804.5,normal,331.59,12.0,25.74,0,none,0.0
2064-02-21,M13,Compressor,2.35,56.4,15.25,101.5,1785.5,normal,331.69,10.2,25.64,0,none,0.0
2064-02-22,M13,Compressor,2.55,63.31,14.7,96.3,1684.6,normal,331.96,17.3,25.37,0,none,0.0
2064-02-23,M13,Compressor,1.03,50.28,5.6,42.1,738.7,idle,332.36,15.6,24.97,0,none,0.0
2064-02-24,M13,Compressor,2.42,59.22,13.02,98.8,1777.9,normal,332.49,11.3,24.84,0,none,0.0
2064-02-25,M13,Compressor,2.25,52.11,13.13,116.3,1730.2,normal,332.59,15.7,24.74,0,none,0.0
2064-02-26,M13,Compressor,2.35,51.1,14.22,111.1,1670.9,normal,332.94,10.6,24.39,0,none,0.0
2064-02-27,M13,Compressor,1.08,50.27,6.7,46.3,740.0,idle,333.23,13.1,24.1,0,none,0.0
2064-02-28,M13,Compressor,1.03,45.8,5.71,46.3,748.7,idle,333.68,14.4,23.65,0,none,0.0
2064-02-29,M13,Compressor,0.93,48.24,6.32,49.0,765.5,idle,333.94,13.2,23.39,0,none,0.0
2064-03-01,M13,Compressor,0.94,50.54,6.95,47.7,767.2,idle,334.23,9.6,23.1,0,none,0.0
2064-03-02,M13,Compressor,0.95,51.94,5.76,48.0,743.7,idle,334.59,13.9,22.74,0,none,0.0
2064-03-03,M13,Compressor,0.97,46.28,6.16,48.3,776.5,idle,334.84,10.0,22.49,0,none,0.0
2064-03-04,M13,Compressor,0.98,49.21,6.68,48.3,777.6,idle,335.18,16.1,22.15,0,none,0.0
2064-03-05,M13,Compressor,0.94,51.32,6.98,42.8,773.6,idle,335.36,10.7,21.97,0,none,0.0
2064-03-06,M13,Compressor,1.03,50.54,5.66,48.7,757.6,idle,335.84,13.9,21.49,0,none,0.0
2064-03-07,M13,Compressor,1.0,48.51,6.64,44.4,776.3,idle,336.23,13.1,47.84,0,none,0.0
2064-03-08,M13,Compressor,0.96,48.51,5.55,49.3,770.4,idle,336.44,15.2,47.63,0,none,0.0
2064-03-09,M13,Compressor,0.92,50.02,6.13,45.8,722.8,idle,336.78,9.7,47.29,0,none,0.0
2064-03-10,M13,Compressor,0.94,51.82,6.25,42.2,748.7,idle,337.23,14.0,46.84,0,none,0.0
2064-03-11,M13,Compressor,1.1,46.87,5.83,47.1,772.8,idle,337.31,17.2,46.76,0,none,0.0
2064-03-12,M13,Compressor,1.07,49.48,5.91,48.3,766.8,idle,337.39,15.2,46.68,0,none,0.0
2064-03-13,M13,Compressor,1.07,47.48,6.27,43.2,763.4,idle,337.59,17.3,46.48,0,none,0.0
2064-03-14,M13,Compressor,2.48,52.1,13.44,118.8,1645.5,normal,337.86,13.4,46.21,0,none,0.0
2064-03-15,M13,Compressor,2.42,58.54,15.49,97.2,1756.3,normal,338.28,17.6,45.79,0,none,0.0
2064-03-16,M13,Compressor,1.03,51.23,6.53,47.8,741.7,idle,338.49,15.3,45.58,0,none,0.0
2064-03-17,M13,Compressor,2.6,60.5,15.51,97.3,1717.6,normal,338.63,8.7,45.44,0,none,0.0
2064-03-18,M13,Compressor,0.92,45.46,6.57,44.8,742.1,idle,338.99,17.4,45.08,0,none,0.0
2064-03-19,M13,Compressor,1.01,45.79,6.36,48.9,765.5,idle,339.14,14.7,44.93,0,none,0.0
2064-03-20,M13,Compressor,1.01,50.56,7.01,42.4,750.1,idle,339.51,13.0,44.56,0,none,0.0
2064-03-21,M13,Compressor,1.07,49.41,6.72,46.2,743.1,idle,340.01,8.6,44.06,0,none,0.0
2064-03-22,M13,Compressor,1.07,49.87,6.25,45.5,743.4,idle,340.48,8.9,43.59,0,none,0.0
2064-03-23,M13,Compressor,0.99,46.68,6.13,42.9,729.2,idle,340.74,14.3,43.33,0,none,0.0
2064-03-24,M13,Compressor,0.99,50.26,7.54,49.2,759.6,idle,340.84,8.2,43.23,0,none,0.0
2064-03-25,M13,Compressor,1.07,49.57,6.35,45.8,719.8,idle,340.88,9.7,43.19,0,none,0.0
2064-03-26,M13,Compressor,1.02,45.03,6.27,47.7,727.2,idle,341.18,14.6,42.89,0,none,0.0
2064-03-27,M13,Compressor,2.34,65.9,14.32,95.6,1665.5,normal,341.61,16.9,42.46,0,none,0.0
2064-03-28,M13,Compressor,2.47,65.9,16.68,103.8,1672.7,normal,342.08,17.2,41.99,0,none,0.0
2064-03-29,M13,Compressor,0.96,49.67,7.51,45.2,723.2,idle,342.56,8.6,41.51,0,none,0.0
2064-03-30,M13,Compressor,2.34,67.38,15.34,111.4,1678.2,normal,342.59,14.4,41.48,0,none,0.0
2064-03-31,M13,Compressor,2.47,66.98,16.12,118.7,1722.8,normal,342.79,17.0,41.28,0,none,0.0
2064-04-01,M13,Compressor,1.11,50.92,7.21,48.6,708.5,idle,342.84,15.9,41.23,0,none,0.0
2064-04-02,M13,Compressor,2.26,55.04,14.81,118.4,1643.4,normal,342.98,15.0,41.09,0,none,0.0
2064-04-03,M13,Compressor,3.21,62.88,22.93,160.3,2476.1,peak,343.18,16.9,40.89,0,none,0.0
2064-04-04,M13,Compressor,1.07,48.48,7.87,43.4,729.9,idle,343.64,17.9,40.43,0,none,0.0
2064-04-05,M13,Compressor,2.56,55.72,16.79,104.1,1647.8,normal,343.78,13.6,40.29,0,none,0.0
2064-04-06,M13,Compressor,2.34,65.48,16.79,107.9,1740.2,normal,344.14,16.3,39.93,0,none,0.0
2064-04-07,M13,Compressor,1.07,48.49,7.05,48.9,717.5,idle,344.26,17.3,39.81,0,none,0.0
2064-04-08,M13,Compressor,2.65,58.96,15.62,95.1,1635.8,normal,344.54,16.4,39.53,0,none,0.0
2064-04-09,M13,Compressor,1.07,50.64,6.72,49.4,753.4,idle,344.78,9.8,39.29,0,none,0.0
2064-04-10,M13,Compressor,0.97,48.14,6.65,47.1,744.9,idle,345.08,12.8,38.99,0,none,0.0
2064-04-11,M13,Compressor,2.34,64.79,17.84,110.3,1720.2,normal,345.21,15.5,38.86,0,none,0.0
2064-04-12,M13,Compressor,2.33,51.75,17.78,114.3,1726.9,normal,345.43,10.6,38.64,0,none,0.0
2064-04-13,M13,Compressor,2.15,65.29,17.08,109.2,1713.0,normal,345.88,12.9,38.19,0,none,0.0
2064-04-14,M13,Compressor,1.1,45.77,6.72,49.2,702.0,idle,346.36,12.4,37.71,0,none,0.0
2064-04-15,M13,Compressor,2.61,52.29,17.58,117.3,1707.8,normal,346.63,15.3,37.44,0,none,0.0
2064-04-16,M13,Compressor,1.05,46.19,6.86,49.2,748.8,idle,346.81,11.0,37.26,0,none,0.0
2064-04-17,M13,Compressor,1.05,66.48,16.66,109.0,1622.1,normal,347.18,16.1,36.89,0,none,0.0
2064-04-18,M13,Compressor,2.36,66.48,16.66,109.0,1622.1,normal,347.63,15.1,36.44,0,none,0.0
2064-04-19,M13,Compressor,0.93,47.26,6.87,49.1,751.3,idle,347.86,11.2,36.21,0,none,0.0
2064-04-20,M13,Compressor,2.56,55.18,18.16,99.7,1691.2,normal,348.24,17.7,35.83,0,none,0.0
2064-04-21,M13,Compressor,1.08,46.51,7.74,44.0,726.2,idle,348.68,9.8,35.39,0,none,0.0
2064-04-22,M13,Compressor,2.34,51.62,7.56,44.4,749.9,idle,348.84,13.5,35.23,0,none,0.0
2064-04-23,M13,Compressor,3.68,73.17,24.66,162.7,2439.6,peak,348.88,17.5,35.19,0,none,0.0
2064-04-24,M13,Compressor,0.96,46.34,8.04,48.0,749.9,idle,349.28,15.7,34.79,0,none,0.0
2064-04-25,M13,Compressor,3.59,70.04,22.97,156.9,2403.2,peak,349.54,8.7,34.53,0,none,0.0
2064-04-26,M13,Compressor,2.28,66.66,16.42,110.8,1693.8,normal,349.76,17.2,34.31,0,none,0.0
2064-04-27,M13,Compressor,2.32,60.08,16.41,95.6,1594.1,normal,350.14,13.3,33.93,0,none,0.0
2064-04-28,M13,Compressor,2.25,67.96,17.67,97.9,1740.3,normal,350.18,8.6,33.89,0,none,0.0
2064-04-29,M13,Compressor,2.45,52.92,18.51,106.8,1677.5,normal,350.56,13.4,33.51,0,none,0.0
2064-04-30,M13,Compressor,2.48,54.15,19.14,101.4,1691.2,normal,350.78,17.1,33.29,0,none,0.0
2064-05-01,M13,Compressor,2.61,58.5,19.14,119.7,1726.8,normal,351.23,9.9,32.84,0,none,0.0
2064-05-02,M13,Compressor,2.57,60.5,17.79,107.1,1698.8,normal,351.59,12.5,32.48,0,none,0.0
2064-05-03,M13,Compressor,2.24,68.09,16.43,99.2,1664.6,normal,351.63,13.8,32.44,0,none,0.0
2064-05-04,M13,Compressor,2.3,59.2,17.45,101.7,1647.2,normal,351.79,15.4,32.28,0,none,0.0
2064-05-05,M13,Compressor,2.43,61.23,19.03,102.7,1630.1,normal,352.04,17.1,32.03,0,none,0.0
2064-05-06,M13,Compressor,2.43,53.58,16.89,115.1,1663.2,normal,352.39,12.0,31.68,0,none,0.0
2064-05-07,M13,Compressor,0.94,50.29,7.79,44.0,711.5,idle,352.66,16.0,31.41,0,none,0.0
2064-05-08,M13,Compressor,0.97,50.37,7.81,46.9,744.2,idle,352.73,8.5,31.34,0,none,0.0
2064-05-09,M13,Compressor,2.27,60.31,18.45,108.7,1688.3,normal,352.89,17.9,31.18,0,none,0.0
2064-05-10,M13,Compressor,2.31,64.3,17.38,98.1,1714.1,normal,353.33,17.9,30.74,0,none,0.0
2064-05-11,M13,Compressor,1.03,50.1,8.9,47.7,727.4,idle,353.56,11.4,30.51,0,none,0.0
2064-05-12,M13,Compressor,0.97,50.1,8.06,47.2,710.8,idle,353.79,12.6,30.28,0,none,0.0
2064-05-13,M13,Compressor,0.94,52.46,8.66,49.5,711.1,idle,354.04,16.5,30.03,0,none,0.0
2064-05-14,M13,Compressor,3.27,76.59,27.27,146.3,2400.0,peak,354.51,11.6,29.56,0,none,0.0
2064-05-15,M13,Compressor,0.95,48.93,7.36,43.6,714.4,idle,354.78,15.3,29.29,0,none,0.0
2064-05-16,M13,Compressor,2.34,54.75,7.36,112.7,1580.1,normal,355.11,12.8,28.96,0,none,0.0
2064-05-17,M13,Compressor,2.64,54.75,18.88,104.9,1634.3,normal,355.29,8.6,28.78,0,none,0.0
2064-05-18,M13,Compressor,2.36,55.29,17.44,102.7,1678.5,normal,355.33,11.2,28.74,0,none,0.0
2064-05-19,M13,Compressor,1.0,53.72,8.02,47.0,709.9,idle,355.36,16.0,28.71,0,none,0.0
2064-05-20,M13,Compressor,2.44,57.73,18.89,97.8,1632.6,normal,355.46,8.5,28.61,0,none,0.0
2064-05-21,M13,Compressor,2.42,65.98,18.63,111.6,1596.4,normal,355.91,16.7,28.16,0,none,0.0
2064-05-22,M13,Compressor,0.95,51.43,8.31,47.4,701.4,idle,356.34,9.2,27.73,0,none,0.0
2064-05-23,M13,Compressor,2.2,66.47,20.65,104.9,1663.2,normal,356.74,8.2,27.33,0,none,0.0
2064-05-24,M13,Compressor,1.05,52.02,9.17,47.9,726.1,idle,356.99,16.4,27.08,0,none,0.0
2064-05-25,M13,Compressor,0.96,48.74,8.8,46.3,725.5,idle,357.46,16.5,26.61,0,none,0.0
2064-05-26,M13,Compressor,0.96,52.18,8.5,48.8,691.2,idle,357.96,16.4,26.11,0,none,0.0
2064-05-27,M13,Compressor,1.02,48.92,8.48,49.0,717.8,idle,358.41,10.0,25.66,0,none,0.0
2064-05-28,M13,Compressor,2.59,55.49,19.51,116.0,1690.0,normal,358.91,9.6,25.16,0,none,0.0
2064-05-29,M13,Compressor,1.15,52.08,7.63,49.2,732.3,idle,359.26,12.9,24.81,0,none,0.0
2064-05-30,M13,Compressor,1.14,54.1,8.1,43.1,717.3,idle,359.56,16.9,24.51,0,none,0.0
2064-05-31,M13,Compressor,0.98,55.59,8.61,42.2,685.8,idle,359.81,10.0,24.26,0,none,0.0
2064-06-01,M13,Compressor,1.01,53.64,9.26,43.7,713.2,idle,360.14,11.8,23.93,1,electrical,3440.0
2064-06-02,M13,Compressor,0.96,48.91,8.88,47.6,727.3,idle,360.63,9.1,23.44,1,electrical,5449.0
2064-06-03,M13,Compressor,1.04,49.06,9.72,45.5,703.7,idle,360.68,9.2,23.39,1,electrical,4473.0
2064-06-04,M13,Compressor,1.12,52.8,8.4,45.5,710.8,idle,360.73,16.5,23.34,1,electrical,3882.0
2064-06-05,M13,Compressor,1.14,50.0,8.95,49.4,678.1,idle,360.78,8.6,23.29,1,electrical,2485.0
2064-06-06,M13,Compressor,0.99,50.9,9.21,48.7,686.6,idle,360.86,16.4,23.21,1,electrical,4620.0
2064-06-07,M13,Compressor,1.0,54.8,8.13,44.1,715.7,idle,361.34,12.4,22.73,1,electrical,3764.0
2064-06-08,M13,Compressor,0.98,54.9,8.91,45.6,681.4,idle,361.73,13.9,22.34,1,electrical,3167.0
2064-06-09,M13,Compressor,1.1,55.39,9.36,44.5,712.6,idle,361.98,13.7,22.09,1,electrical,4547.0
2064-06-10,M13,Compressor,1.05,55.19,8.89,43.9,678.6,idle,362.21,13.5,21.86,1,electrical,3110.0
2064-06-11,M13,Compressor,1.01,52.93,8.3,42.3,697.5,idle,362.56,8.7,21.51,1,electrical,2609.0
2064-06-12,M13,Compressor,1.02,51.79,8.92,48.1,726.0,idle,362.66,17.3,21.41,1,electrical,2896.0
2064-06-13,M13,Compressor,1.0,55.98,8.43,48.0,710.2,idle,362.69,15.5,21.38,1,electrical,4216.0
2064-06-14,M13,Compressor,0.96,54.29,9.92,49.4,709.9,idle,362.99,12.7,21.08,1,electrical,5479.0
2064-06-15,M13,Compressor,1.12,49.11,8.35,44.1,700.6,idle,363.33,17.1,20.74,1,electrical,2627.0
2064-06-16,M13,Compressor,2.38,53.83,8.99,48.2,710.5,idle,363.49,12.6,20.58,1,electrical,4546.0
2064-06-17,M13,Compressor,2.61,69.53,22.05,114.5,710.5,normal,363.73,15.4,20.34,1,electrical,4203.0
2064-06-18,M13,Compressor,1.08,48.83,22.05,42.5,724.4,idle,364.11,9.8,19.96,1,electrical,3038.0
2064-06-19,M13,Compressor,1.08,50.18,9.13,48.6,679.0,idle,364.41,15.0,19.66,1,electrical,2050.0
2064-06-20,M13,Compressor,1.07,48.83,9.89,43.6,689.7,idle,364.89,8.4,19.18,1,electrical,4920.0
2064-06-21,M13,Compressor,1.07,50.01,10.23,45.8,680.5,idle,365.16,11.2,18.91,1,electrical,3999.0
2064-06-22,M13,Compressor,2.62,71.03,22.81,105.8,1584.7,normal,365.63,17.9,18.44,1,electrical,2065.0
2064-06-23,M13,Compressor,1.16,49.36,9.91,43.4,692.5,idle,365.71,9.9,18.36,1,electrical,5117.0
2064-06-24,M13,Compressor,3.79,71.64,30.17,146.2,2270.8,peak,366.16,11.8,17.91,1,electrical,5513.0
2064-06-25,M13,Compressor,0.96,56.03,30.17,42.9,685.8,idle,366.26,8.9,17.81,1,electrical,5421.0
2064-06-26,M13,Compressor,2.67,57.6,20.46,108.5,1547.4,normal,366.46,15.6,17.61,1,electrical,4137.0
2064-06-27,M13,Compressor,2.44,72.76,21.65,112.5,1628.5,normal,366.53,13.4,17.54,1,electrical,5712.0
2064-06-28,M13,Compressor,2.35,70.36,20.14,118.0,1557.0,normal,366.84,10.9,17.23,1,electrical,5408.0
2064-06-29,M13,Compressor,2.75,69.53,20.37,99.0,1535.4,normal,367.08,14.1,16.99,1,electrical,5399.0
2064-06-30,M13,Compressor,1.01,54.52,9.57,46.9,665.1,idle,367.54,16.1,16.53,1,electrical,4624.0
2064-07-01,M13,Compressor,2.28,67.73,23.09,104.0,1545.6,normal,367.69,12.2,16.38,1,electrical,3335.0
2064-07-02,M13,Compressor,2.4,62.7,22.28,105.2,1659.8,normal,367.74,14.7,16.33,1,electrical,2686.0
2064-07-03,M13,Compressor,1.05,50.79,9.01,45.7,705.5,idle,368.13,10.2,15.94,1,electrical,2433.0
2064-07-04,M13,Compressor,3.76,64.09,27.7,162.4,2248.3,peak,368.34,12.1,15.73,1,electrical,2965.0
2064-07-05,M13,Compressor,3.73,71.44,30.27,147.9,2328.1,peak,368.63,8.9,15.44,1,electrical,2912.0
2064-07-06,M13,Compressor,1.13,53.13,9.53,48.0,688.8,idle,368.71,16.3,15.36,1,electrical,2256.0
2064-07-07,M13,Compressor,2.66,56.45,23.43,101.5,1540.9,normal,368.93,15.3,15.14,1,electrical,4904.0
2064-07-08,M13,Compressor,2.27,70.51,20.38,118.9,1601.9,normal,369.08,13.8,14.99,1,electrical,2095.0
2064-07-09,M13,Compressor,2.62,68.57,21.29,115.2,1661.3,normal,369.11,12.4,14.96,1,electrical,2197.0
2064-07-10,M13,Compressor,2.44,70.58,21.29,109.7,1570.3,normal,369.29,11.1,14.78,1,electrical,4451.0
2064-07-11,M13,Compressor,2.47,61.11,21.9,119.7,1568.9,normal,369.46,11.5,14.61,1,electrical,5298.0
2064-07-12,M13,Compressor,2.6,61.37,22.13,97.1,1629.8,normal,369.78,9.0,14.29,1,electrical,5115.0
2064-07-13,M13,Compressor,2.6,61.89,22.38,116.8,1517.2,normal,369.93,17.1,14.14,1,electrical,4025.0
2064-07-14,M13,Compressor,2.75,64.17,23.78,116.5,1518.2,normal,370.24,8.9,13.83,1,electrical,5544.0
2064-07-15,M13,Compressor,2.67,68.95,20.66,118.5,1605.9,normal,370.64,8.7,13.43,1,electrical,4808.0
2064-07-16,M13,Compressor,2.34,58.0,22.73,96.5,1532.4,normal,370.76,16.4,13.31,1,electrical,4443.0
2064-07-17,M13,Compressor,2.76,58.0,22.94,100.2,1540.6,normal,370.81,13.0,13.26,1,electrical,3744.0
2064-07-18,M13,Compressor,2.49,69.42,20.63,96.1,1640.0,normal,371.19,12.2,12.88,1,electrical,5777.0
2064-07-19,M13,Compressor,2.7,68.4,22.66,98.6,1519.7,normal,371.49,17.6,12.58,1,electrical,3193.0
2064-07-20,M13,Compressor,1.16,52.99,10.42,45.6,695.9,idle,371.68,12.3,12.39,1,electrical,4616.0
2064-07-21,M13,Compressor,1.01,53.86,9.7,44.0,695.9,idle,371.93,11.9,12.14,1,electrical,2421.0
2064-07-22,M13,Compressor,1.09,53.99,10.24,43.1,675.2,idle,372.21,14.8,11.86,1,electrical,5421.0
2064-07-23,M13,Compressor,2.43,69.93,21.05,102.0,1641.3,normal,372.56,17.7,11.51,1,electrical,3676.0
2064-07-24,M13,Compressor,1.03,51.39,10.73,42.4,676.6,idle,373.06,8.5,11.01,1,electrical,5969.0
2064-07-25,M13,Compressor,2.73,73.34,22.02,102.4,1584.8,normal,373.09,13.2,10.98,1,electrical,3411.0
2064-07-26,M13,Compressor,2.38,73.34,22.81,96.8,1633.8,normal,373.41,18.0,10.66,1,electrical,2047.0
2064-07-27,M13,Compressor,2.45,62.3,24.34,103.5,1612.5,normal,373.58,12.8,10.49,1,electrical,4915.0
2064-07-28,M13,Compressor,2.36,65.84,24.34,106.2,1504.8,normal,373.96,15.0,10.11,1,electrical,4874.0
2064-07-29,M13,Compressor,2.67,65.25,22.56,106.2,1627.2,normal,374.24,18.0,9.83,1,electrical,2137.0
2064-07-30,M13,Compressor,2.29,67.08,22.76,106.2,1493.7,normal,374.39,8.8,9.68,1,electrical,2264.0
2064-07-31,M13,Compressor,1.1,53.02,22.76,45.6,1493.7,idle,374.81,16.6,9.26,1,electrical,2378.0
2064-08-01,M13,Compressor,2.71,68.33,23.17,119.7,1536.2,normal,375.08,13.6,8.99,1,electrical,3782.0
2064-08-02,M13,Compressor,1.08,54.68,10.14,43.0,668.7,idle,375.19,14.9,8.88,1,electrical,4501.0
2064-08-03,M13,Compressor,2.39,72.75,24.23,102.2,1574.6,normal,375.38,12.7,8.69,1,electrical,3081.0
2064-08-04,M13,Compressor,3.8,80.3,30.4,160.7,2336.0,peak,375.74,14.1,8.33,1,electrical,4415.0
2064-08-05,M13,Compressor,2.52,74.61,25.69,111.4,1614.1,normal,376.21,13.1,7.86,1,electrical,2867.0
2064-08-06,M13,Compressor,3.45,80.06,34.04,155.2,2308.8,peak,376.33,8.8,7.74,1,electrical,4345.0
2064-08-07,M13,Compressor,2.75,69.34,21.83,109.9,1609.3,normal,376.38,9.4,7.69,1,electrical,5527.0
2064-08-08,M13,Compressor,2.57,73.62,25.59,108.2,1543.5,normal,376.83,10.1,7.24,1,electrical,5818.0
2064-08-09,M13,Compressor,0.99,55.91,9.94,47.4,689.0,idle,377.18,17.8,6.89,1,electrical,3814.0
2064-08-10,M13,Compressor,2.5,57.2,25.66,108.7,1526.6,normal,377.61,15.6,6.46,1,electrical,2224.0
2064-08-11,M13,Compressor,2.63,69.12,22.7,111.2,1521.0,normal,377.93,11.1,6.14,1,electrical,4781.0
2064-08-12,M13,Compressor,2.72,73.95,22.54,117.9,1614.3,normal,378.04,9.7,6.03,1,electrical,4527.0
2064-08-13,M13,Compressor,1.06,51.29,11.07,44.8,654.0,idle,378.43,15.4,5.64,1,electrical,3081.0
2064-08-14,M13,Compressor,1.0,52.65,10.01,48.4,685.6,idle,378.56,10.6,5.51,1,electrical,5226.0
2064-08-15,M13,Compressor,2.56,67.06,26.15,117.7,1600.1,normal,378.68,13.2,5.39,1,electrical,2017.0
2064-08-16,M13,Compressor,2.49,63.72,26.05,118.2,1595.2,normal,378.76,14.5,5.31,1,electrical,3388.0
2064-08-17,M13,Compressor,2.7,67.21,23.77,101.0,1494.0,normal,379.04,10.8,5.03,1,electrical,2408.0
2064-08-18,M13,Compressor,3.75,77.77,33.47,145.1,2307.2,peak,379.43,16.7,4.64,1,electrical,2420.0
2064-08-19,M13,Compressor,2.53,77.77,25.34,98.1,1520.1,normal,379.56,15.6,4.51,1,electrical,3484.0
2064-08-20,M13,Compressor,1.12,56.47,10.11,43.4,656.1,idle,379.78,10.5,4.29,1,electrical,5709.0
2064-08-21,M13,Compressor,2.72,61.66,25.53,116.8,1528.4,normal,379.91,8.1,4.16,1,electrical,5105.0
2064-08-22,M13,Compressor,2.29,59.89,23.88,99.8,1512.4,normal,380.04,10.4,4.03,1,electrical,3895.0
2064-08-23,M13,Compressor,1.1,51.53,9.72,48.9,668.4,idle,380.24,16.2,3.83,1,electrical,2612.0
2064-08-24,M13,Compressor,3.89,62.5,9.72,159.8,2217.3,peak,380.63,10.2,3.44,1,electrical,3141.0
2064-08-25,M13,Compressor,2.8,71.61,24.89,107.0,1588.1,normal,380.78,9.4,3.29,1,electrical,5025.0
2064-08-26,M13,Compressor,2.73,62.46,25.67,111.1,1594.2,normal,380.91,16.0,3.16,1,electrical,3976.0
2064-08-27,M13,Compressor,1.17,53.7,11.97,111.1,644.3,idle,381.36,12.3,2.71,1,electrical,5863.0
2064-08-28,M13,Compressor,1.11,55.08,10.73,47.6,644.9,idle,381.61,8.1,2.46,1,electrical,2808.0
2064-08-29,M13,Compressor,1.16,51.88,11.26,43.8,672.6,idle,382.11,8.2,1.96,1,electrical,3721.0
2064-08-30,M13,Compressor,1.11,59.74,12.05,44.7,664.4,idle,382.51,14.9,1.56,1,electrical,5159.0
2064-08-31,M13,Compressor,1.05,57.6,10.9,42.9,671.1,idle,382.71,8.4,1.36,1,electrical,5658.0
2064-09-01,M13,Compressor,0.99,54.18,12.21,42.8,662.4,idle,382.89,9.7,1.18,1,electrical,5654.0
2064-09-02,M13,Compressor,1.16,59.07,11.31,43.2,685.2,idle,383.08,16.6,0.99,1,electrical,4216.0
2064-09-03,M13,Compressor,1.15,55.02,10.57,42.4,645.3,idle,383.19,9.9,0.88,1,electrical,5009.0
2064-09-04,M13,Compressor,1.16,52.76,10.18,43.6,655.7,idle,383.41,15.5,0.66,1,electrical,4361.0
2064-09-05,M13,Compressor,2.41,74.19,24.43,118.0,655.7,normal,383.54,15.5,0.53,1,electrical,2095.0
2064-09-06,M13,Compressor,1.15,52.04,10.54,44.1,655.7,idle,383.98,15.5,0.5,1,electrical,4580.0
2064-09-07,M13,Compressor,2.18,51.39,13.44,103.2,1658.4,normal,0.0,8.2,85.2,0,none,0.0
2064-09-08,M13,Compressor,2.2,53.02,14.93,99.2,1784.6,normal,0.05,13.4,85.15,0,none,0.0
2064-09-09,M13,Compressor,1.0,50.06,6.18,49.2,736.6,idle,0.52,12.2,84.68,0,none,0.0
2064-09-10,M13,Compressor,2.48,52.94,15.21,95.7,1727.8,normal,0.95,15.1,84.25,0,none,0.0
2064-09-11,M13,Compressor,3.25,67.48,19.76,156.8,2572.3,peak,1.02,17.9,84.18,0,none,0.0
2064-09-12,M13,Compressor,0.93,45.95,6.7,43.8,774.3,idle,1.23,8.6,83.97,0,none,0.0
2064-09-13,M13,Compressor,2.37,51.47,13.05,114.1,1795.6,normal,1.45,9.4,83.75,0,none,0.0
2064-09-14,M13,Compressor,0.95,45.93,6.93,47.2,1795.6,idle,1.72,17.9,83.48,0,none,0.0
2064-09-15,M13,Compressor,0.99,51.28,6.43,45.3,729.1,idle,1.85,15.7,83.35,0,none,0.0
2064-09-16,M13,Compressor,3.45,60.55,20.27,157.0,2510.9,peak,2.32,10.9,47.94,0,none,0.0
2064-09-17,M13,Compressor,2.24,62.85,14.44,105.1,1658.3,normal,2.58,11.4,47.67,0,none,0.0
2064-09-18,M13,Compressor,0.99,47.0,6.71,46.1,775.5,idle,2.82,13.4,47.44,0,none,0.0
2064-09-19,M13,Compressor,1.08,47.0,5.77,43.8,728.9,idle,3.22,10.1,47.04,0,none,0.0
2064-09-20,M13,Compressor,2.41,63.4,14.98,97.4,1732.1,normal,3.5,17.9,46.75,0,none,0.0
2064-09-21,M13,Compressor,2.46,58.39,14.98,106.9,1735.0,normal,3.83,12.7,46.42,0,none,0.0
2064-09-22,M13,Compressor,2.54,57.38,15.48,103.5,1798.6,normal,4.13,16.1,46.12,0,none,0.0
2064-09-23,M13,Compressor,2.68,59.11,14.38,116.8,1729.5,normal,4.62,13.1,45.64,0,none,0.0
2064-09-24,M13,Compressor,3.7,72.03,21.87,149.4,2587.8,peak,4.93,13.5,45.32,0,none,0.0
2064-09-25,M13,Compressor,1.18,47.24,6.49,42.4,728.0,idle,5.0,15.0,45.25,0,none,0.0
2064-09-26,M13,Compressor,1.12,50.17,6.38,47.6,765.1,idle,5.37,10.2,44.89,0,none,0.0
2064-09-27,M13,Compressor,1.03,50.37,6.43,42.9,731.0,idle,5.75,11.9,44.5,0,none,0.0
2064-09-28,M13,Compressor,2.6,66.79,13.76,99.6,1765.2,normal,6.22,14.9,44.04,0,none,0.0
2064-09-29,M13,Compressor,1.24,48.89,6.13,44.0,719.8,idle,6.43,15.6,43.82,0,none,0.0
2064-09-30,M13,Compressor,1.24,46.14,6.36,49.8,763.7,idle,6.72,11.9,43.54,0,none,0.0
2064-10-01,M13,Compressor,2.77,60.29,14.84,104.4,1671.7,normal,7.17,9.1,43.09,0,none,0.0
2064-10-02,M13,Compressor,2.78,61.16,15.7,111.2,1771.7,normal,7.53,11.8,42.72,0,none,0.0
2064-10-03,M13,Compressor,2.51,65.39,15.81,111.4,1766.2,normal,7.65,13.4,42.6,0,none,0.0
2064-10-04,M13,Compressor,1.3,48.97,6.91,45.2,741.0,idle,8.15,15.8,42.1,0,none,0.0
2064-10-05,M13,Compressor,2.91,56.6,15.89,103.2,1659.9,normal,8.58,10.6,41.67,0,none,0.0
2064-10-06,M13,Compressor,1.15,52.88,6.13,46.9,770.9,idle,8.75,9.3,41.5,0,none,0.0
2064-10-07,M13,Compressor,1.15,47.18,5.81,45.5,721.1,idle,9.08,11.9,41.17,0,none,0.0
2064-10-08,M13,Compressor,2.84,67.71,15.37,109.5,1781.6,normal,9.22,12.5,41.04,0,none,0.0
2064-10-09,M13,Compressor,1.13,51.15,5.84,45.9,742.1,idle,9.53,17.4,40.72,0,none,0.0
2064-10-10,M13,Compressor,3.88,73.89,19.49,156.0,2477.4,peak,9.58,12.3,40.67,0,none,0.0
2064-10-11,M13,Compressor,1.23,46.66,6.76,156.0,763.1,idle,9.92,10.0,40.34,0,none,0.0
2064-10-12,M13,Compressor,2.79,54.66,14.51,109.0,1688.5,normal,10.27,8.7,39.99,0,none,0.0
2064-10-13,M13,Compressor,1.16,46.73,6.79,49.1,719.8,idle,10.5,13.3,39.75,0,none,0.0
2064-10-14,M13,Compressor,1.2,46.83,7.07,45.6,768.6,idle,10.8,14.2,39.45,0,none,0.0
2064-10-15,M13,Compressor,2.96,68.21,15.93,103.4,1743.1,normal,10.87,17.7,39.39,0,none,0.0
2064-10-16,M13,Compressor,4.35,58.21,20.48,162.1,2565.2,peak,11.17,11.8,39.09,0,none,0.0
2064-10-17,M13,Compressor,1.39,54.62,6.73,43.9,747.4,idle,11.35,12.8,38.9,0,none,0.0
2064-10-18,M13,Compressor,1.27,48.98,6.92,47.0,760.0,idle,11.57,15.9,38.69,0,none,0.0
2064-10-19,M13,Compressor,1.23,54.17,6.09,46.8,716.3,idle,11.65,10.5,38.6,0,none,0.0
2064-10-20,M13,Compressor,3.09,54.83,14.39,116.5,1783.6,normal,12.02,8.1,38.24,0,none,0.0
2064-10-21,M13,Compressor,3.25,59.74,15.05,100.6,1746.9,normal,12.25,14.5,38.0,0,none,0.0
2064-10-22,M13,Compressor,3.25,49.01,6.66,42.9,753.0,idle,12.62,17.1,37.64,0,none,0.0
2064-10-23,M13,Compressor,2.91,63.26,14.6,109.2,1673.2,normal,12.82,14.9,37.44,0,none,0.0
2064-10-24,M13,Compressor,3.02,55.9,15.61,96.8,1694.7,normal,13.05,8.7,37.2,0,none,0.0
2064-10-25,M13,Compressor,1.33,48.98,6.36,45.3,725.1,idle,13.18,13.5,37.07,0,none,0.0
2064-10-26,M13,Compressor,1.39,47.76,6.07,47.0,748.8,idle,13.5,14.8,36.75,0,none,0.0
2064-10-27,M13,Compressor,1.3,53.12,6.5,46.2,730.9,idle,13.97,17.7,36.29,0,none,0.0
2064-10-28,M13,Compressor,1.3,67.03,14.3,100.9,730.9,normal,14.28,15.6,35.97,0,none,0.0
2064-10-29,M13,Compressor,3.17,55.5,13.76,105.3,1698.4,normal,14.58,15.6,35.67,0,none,0.0
2064-10-30,M13,Compressor,3.17,52.55,7.01,44.5,747.5,idle,14.88,16.8,35.37,0,none,0.0
2064-10-31,M13,Compressor,1.51,48.51,6.91,47.7,757.5,idle,14.92,10.8,35.34,0,none,0.0
2064-11-01,M13,Compressor,1.34,51.42,6.18,44.5,767.5,idle,15.33,17.6,34.92,0,none,0.0
2064-11-02,M13,Compressor,1.41,55.0,7.07,45.6,768.6,idle,15.73,10.4,34.52,0,none,0.0
2064-11-03,M13,Compressor,1.53,52.15,6.3,42.6,737.2,idle,15.98,13.1,34.27,0,none,0.0
2064-11-04,M13,Compressor,3.27,67.15,6.3,115.8,1695.9,normal,16.18,14.6,34.07,0,none,0.0
2064-11-05,M13,Compressor,1.43,49.87,7.32,115.8,759.2,idle,16.37,15.7,33.89,0,none,0.0
2064-11-06,M13,Compressor,1.37,49.22,6.83,49.9,747.6,idle,16.5,12.9,33.75,0,none,0.0
2064-11-07,M13,Compressor,1.49,52.13,6.29,45.5,717.8,idle,16.93,10.0,33.32,0,none,0.0
2064-11-08,M13,Compressor,3.27,63.44,14.19,114.8,1626.3,normal,17.18,15.1,33.07,0,none,0.0
2064-11-09,M13,Compressor,3.33,64.05,16.29,109.3,1673.2,normal,17.47,16.5,32.79,0,none,0.0
2064-11-10,M13,Compressor,3.37,60.9,14.31,109.3,1704.0,normal,17.6,15.8,32.65,0,none,0.0
2064-11-11,M13,Compressor,1.41,49.57,6.2,46.2,723.5,idle,17.75,8.7,32.5,0,none,0.0
2064-11-12,M13,Compressor,1.42,53.92,6.96,43.9,736.0,idle,18.08,17.2,32.17,0,none,0.0
2064-11-13,M13,Compressor,1.57,54.48,5.97,44.9,750.8,idle,18.13,10.3,32.12,0,none,0.0
2064-11-14,M13,Compressor,1.42,50.69,6.89,44.3,726.8,idle,18.63,10.4,31.62,0,none,0.0
2064-11-15,M13,Compressor,1.53,55.25,6.69,49.1,713.7,idle,19.07,12.7,31.19,0,none,0.0
2064-11-16,M13,Compressor,1.61,53.69,7.21,44.5,735.6,idle,19.35,15.7,30.9,0,none,0.0
2064-11-17,M13,Compressor,1.64,56.09,6.5,48.6,747.2,idle,19.65,10.6,30.6,0,none,0.0
2064-11-18,M13,Compressor,1.52,56.09,5.95,45.1,725.0,idle,19.73,13.6,30.52,0,none,0.0
2064-11-19,M13,Compressor,1.69,50.28,6.91,47.7,717.7,idle,19.78,13.3,30.47,0,none,0.0
2064-11-20,M13,Compressor,1.45,49.99,6.17,48.5,762.1,idle,20.2,12.6,30.05,0,none,0.0
2064-11-21,M13,Compressor,1.7,52.64,7.09,48.6,754.1,idle,20.55,17.5,29.7,0,none,0.0
2064-11-22,M13,Compressor,1.44,52.64,7.45,47.9,755.0,idle,21.05,9.2,29.2,0,none,0.0
2064-11-23,M13,Compressor,3.76,63.03,15.79,106.8,1679.6,normal,21.28,14.9,28.97,0,none,0.0
2064-11-24,M13,Compressor,3.63,58.84,15.47,108.0,1715.4,normal,21.47,10.2,28.79,0,none,0.0
2064-11-25,M13,Compressor,1.48,57.35,7.14,43.0,710.2,idle,21.57,9.1,28.69,0,none,0.0
2064-11-26,M13,Compressor,3.89,62.21,14.91,116.0,1674.2,normal,21.63,9.1,28.62,0,none,0.0
2064-11-27,M13,Compressor,1.67,54.5,6.38,44.6,760.5,idle,22.08,11.1,28.17,0,none,0.0
2064-11-28,M13,Compressor,3.7,70.43,16.43,96.8,1725.6,normal,22.48,9.4,27.77,0,none,0.0
2064-11-29,M13,Compressor,4.07,64.28,15.66,99.0,1667.4,normal,22.97,13.4,27.29,0,none,0.0
2064-11-30,M13,Compressor,1.72,55.31,6.19,49.9,759.5,idle,23.03,13.3,27.22,0,none,0.0
2064-12-01,M13,Compressor,1.56,57.6,6.42,46.5,750.0,idle,23.38,8.2,26.87,0,none,0.0
2064-12-02,M13,Compressor,3.78,66.63,15.38,114.0,1693.0,normal,23.52,10.6,26.74,0,none,0.0
2064-12-03,M13,Compressor,3.98,71.94,16.07,108.2,1689.7,normal,23.75,16.7,26.5,0,none,0.0
2064-12-04,M13,Compressor,1.56,51.2,7.55,43.5,720.0,idle,23.87,8.9,26.39,0,none,0.0
2064-12-05,M13,Compressor,4.08,71.81,16.47,115.7,1774.4,normal,24.37,8.1,25.89,0,none,0.0
2064-12-06,M13,Compressor,3.62,64.18,16.7,106.7,1756.3,normal,24.58,17.3,25.67,0,none,0.0
2064-12-07,M13,Compressor,5.11,72.08,23.71,150.2,2525.7,peak,24.62,16.3,25.64,0,none,0.0
2064-12-08,M13,Compressor,3.58,58.49,15.53,97.7,1648.6,normal,24.88,16.4,25.37,0,none,0.0
2064-12-09,M13,Compressor,3.87,58.49,15.32,118.0,1757.4,normal,25.32,10.3,24.94,0,none,0.0
2064-12-10,M13,Compressor,4.29,69.23,14.84,110.0,1633.9,normal,25.8,9.6,24.45,0,none,0.0
2064-12-11,M13,Compressor,1.73,55.15,7.18,110.0,1633.9,idle,26.12,8.8,24.14,0,none,0.0
2064-12-12,M13,Compressor,3.73,58.43,16.72,107.2,1649.4,normal,26.5,8.3,23.75,1,bearing,2622.0
2064-12-13,M13,Compressor,3.76,67.25,14.71,105.4,1693.0,normal,26.98,16.9,23.27,1,bearing,2872.0
2064-12-14,M13,Compressor,3.95,61.45,14.42,105.4,1639.9,normal,27.45,8.0,22.8,1,bearing,3635.0
2064-12-15,M13,Compressor,4.56,68.82,14.42,107.6,1641.9,normal,27.68,8.8,22.57,1,bearing,3467.0
2064-12-16,M13,Compressor,4.67,75.5,15.29,114.4,1625.2,normal,28.15,17.4,22.1,1,bearing,4528.0
2064-12-17,M13,Compressor,1.92,54.41,6.57,46.1,723.4,idle,28.25,9.6,22.0,1,bearing,3656.0
2064-12-18,M13,Compressor,3.93,68.87,15.01,106.1,1643.1,normal,28.47,15.1,21.79,1,bearing,4758.0
2064-12-19,M13,Compressor,4.61,64.28,16.88,103.2,1634.6,normal,28.5,16.4,21.75,1,bearing,3338.0
2064-12-20,M13,Compressor,1.87,56.77,7.14,44.4,718.7,idle,28.9,16.9,21.35,1,bearing,3436.0
2064-12-21,M13,Compressor,5.77,56.77,23.04,160.1,2370.8,peak,29.05,11.6,21.2,1,bearing,2958.0
2064-12-22,M13,Compressor,1.9,58.55,6.69,43.3,740.4,idle,29.28,12.2,20.97,1,bearing,3833.0
2064-12-23,M13,Compressor,4.45,68.83,14.98,101.6,1706.7,normal,29.35,16.4,20.9,1,bearing,4860.0
2064-12-24,M13,Compressor,4.46,68.51,16.61,115.4,1648.8,normal,29.52,9.2,20.74,1,bearing,3500.0
2064-12-25,M13,Compressor,1.72,54.14,6.59,49.6,707.5,idle,29.57,11.6,20.69,1,bearing,2805.0
2064-12-26,M13,Compressor,2.02,54.31,6.72,43.0,705.2,idle,30.02,11.4,20.24,1,bearing,3347.0
2064-12-27,M13,Compressor,1.72,55.46,7.02,43.6,753.4,idle,30.17,8.3,20.09,1,bearing,4121.0
2064-12-28,M13,Compressor,4.49,55.46,14.94,98.6,1741.3,normal,30.43,16.6,19.82,1,bearing,4902.0
2064-12-29,M13,Compressor,6.33,82.72,20.81,145.5,2506.2,peak,30.9,15.9,19.35,1,bearing,3701.0
2064-12-30,M13,Compressor,4.65,73.49,15.38,95.1,1680.3,normal,30.93,8.9,19.32,1,bearing,3325.0
2064-12-31,M13,Compressor,4.95,75.36,14.77,99.7,1651.7,normal,31.13,14.8,19.12,1,bearing,4199.0
2065-01-01,M13,Compressor,4.81,73.93,15.09,108.3,1682.7,normal,31.33,13.6,18.92,1,bearing,3410.0
2065-01-02,M13,Compressor,4.44,68.88,15.42,108.3,1712.2,normal,31.78,14.6,18.47,1,bearing,4619.0
2065-01-03,M13,Compressor,4.11,76.71,15.07,104.0,1676.4,normal,32.0,10.0,18.25,1,bearing,4978.0
2065-01-04,M13,Compressor,4.11,69.19,17.06,104.0,1652.5,normal,32.08,16.7,18.17,1,bearing,2579.0
2065-01-05,M13,Compressor,4.63,73.43,15.35,108.2,1658.4,normal,32.48,16.0,17.77,1,bearing,3722.0
2065-01-06,M13,Compressor,4.46,61.16,15.79,99.0,1647.5,normal,32.57,14.8,17.69,1,bearing,4499.0
2065-01-07,M13,Compressor,4.44,67.29,17.23,110.8,1757.9,normal,32.78,15.1,17.47,1,bearing,4263.0
2065-01-08,M13,Compressor,4.71,74.13,17.23,113.5,1707.2,normal,33.08,9.2,17.17,1,bearing,4102.0
2065-01-09,M13,Compressor,4.71,74.13,17.23,110.5,1707.2,normal,33.3,16.3,16.95,1,bearing,2572.0
2065-01-10,M13,Compressor,4.94,76.0,17.23,112.3,1752.6,normal,33.45,15.7,16.8,1,bearing,4016.0
2065-01-11,M13,Compressor,2.15,60.58,6.31,44.0,704.8,idle,33.93,13.1,16.32,1,bearing,3689.0
2065-01-12,M13,Compressor,2.18,59.96,7.14,49.8,707.4,idle,34.17,10.9,16.09,1,bearing,3160.0
2065-01-13,M13,Compressor,4.84,70.96,15.69,107.1,1633.8,normal,34.22,9.1,16.04,1,bearing,4948.0
2065-01-14,M13,Compressor,4.88,67.53,14.8,118.8,1677.4,normal,34.25,9.7,16.0,1,bearing,2888.0
2065-01-15,M13,Compressor,6.86,69.01,21.0,163.1,2433.7,peak,34.48,9.1,15.77,1,bearing,4639.0
2065-01-16,M13,Compressor,6.66,75.59,21.51,163.2,2360.0,peak,34.8,8.1,15.45,1,bearing,2564.0
2065-01-17,M13,Compressor,4.43,77.06,15.52,116.6,1720.1,normal,35.27,16.5,14.99,1,bearing,3929.0
2065-01-18,M13,Compressor,4.66,64.9,16.95,109.9,1634.9,normal,35.32,11.4,14.94,1,bearing,4869.0
2065-01-19,M13,Compressor,5.19,73.35,16.95,105.9,1614.0,normal,35.43,17.0,14.82,1,bearing,4438.0
2065-01-20,M13,Compressor,5.24,71.31,16.55,109.6,1669.8,normal,35.8,8.2,14.45,1,bearing,4143.0
2065-01-21,M13,Compressor,1.95,59.41,7.5,49.3,699.0,idle,35.88,14.5,14.37,1,bearing,3095.0
2065-01-22,M13,Compressor,4.6,74.61,17.06,100.3,1621.8,normal,36.27,13.2,13.99,1,bearing,3662.0
2065-01-23,M13,Compressor,2.01,55.17,7.54,47.4,744.1,idle,36.4,14.7,13.85,1,bearing,3916.0
2065-01-24,M13,Compressor,4.81,72.21,17.58,119.0,1602.5,normal,36.65,15.4,13.6,1,bearing,4785.0
2065-01-25,M13,Compressor,1.88,62.57,7.22,47.6,746.6,idle,37.12,13.0,13.14,1,bearing,3174.0
2065-01-26,M13,Compressor,4.85,68.83,15.37,117.7,1696.1,normal,37.15,8.0,13.1,1,bearing,4776.0
2065-01-27,M13,Compressor,5.39,59.47,6.87,43.2,704.1,idle,37.43,8.3,12.82,1,bearing,3431.0
2065-01-28,M13,Compressor,2.13,59.59,6.87,44.0,746.4,idle,37.67,11.4,12.59,1,bearing,3664.0
2065-01-29,M13,Compressor,2.12,56.78,7.03,44.0,720.9,idle,37.95,11.0,12.3,1,bearing,3534.0
2065-01-30,M13,Compressor,2.27,56.49,7.9,45.4,747.2,idle,38.13,15.2,12.12,1,bearing,4421.0
2065-01-31,M13,Compressor,2.27,60.52,7.49,43.7,727.8,idle,38.22,13.8,12.04,1,bearing,4293.0
2065-02-01,M13,Compressor,2.15,57.97,7.2,49.4,693.2,idle,38.4,8.6,11.85,1,bearing,3714.0
2065-02-02,M13,Compressor,2.09,58.03,7.99,49.8,726.5,idle,38.62,11.6,11.64,1,bearing,4793.0
2065-02-03,M13,Compressor,2.16,62.61,6.35,46.5,694.1,idle,38.67,14.3,11.59,1,bearing,2575.0
2065-02-04,M13,Compressor,2.34,58.02,7.24,45.3,744.1,idle,38.92,11.5,11.34,1,bearing,4427.0
2065-02-05,M13,Compressor,5.59,62.73,17.1,104.2,1609.5,normal,39.05,12.2,11.2,1,bearing,3541.0
2065-02-06,M13,Compressor,2.11,63.52,6.97,44.2,741.1,idle,39.15,14.9,11.1,1,bearing,4930.0
2065-02-07,M13,Compressor,2.31,58.29,6.87,47.2,704.0,idle,39.32,14.3,10.94,1,bearing,2655.0
2065-02-08,M13,Compressor,2.17,56.85,6.89,44.4,731.9,idle,39.77,13.7,10.49,1,bearing,3153.0
2065-02-09,M13,Compressor,2.09,62.96,8.06,42.6,714.7,idle,39.93,14.4,10.32,1,bearing,2976.0
2065-02-10,M13,Compressor,2.1,58.65,6.83,45.1,699.8,idle,40.1,14.7,10.15,1,bearing,4310.0
2065-02-11,M13,Compressor,2.1,61.82,6.97,43.7,697.8,idle,40.15,10.0,10.1,1,bearing,2524.0
2065-02-12,M13,Compressor,2.13,61.08,6.81,45.4,746.2,idle,40.42,12.9,9.84,1,bearing,4252.0
2065-02-13,M13,Compressor,2.22,60.2,7.08,46.5,748.1,idle,40.45,11.6,9.8,1,bearing,3874.0
2065-02-14,M13,Compressor,4.91,78.95,15.51,97.8,1690.8,normal,40.65,10.0,9.6,1,bearing,2828.0
2065-02-15,M13,Compressor,2.09,59.6,7.65,46.3,691.9,idle,40.78,8.9,9.47,1,bearing,4225.0
2065-02-16,M13,Compressor,4.97,63.24,17.79,114.9,1744.1,normal,40.9,13.5,9.35,1,bearing,4859.0
2065-02-17,M13,Compressor,2.39,59.94,7.92,47.4,721.1,idle,41.12,8.7,9.14,1,bearing,4015.0
2065-02-18,M13,Compressor,2.15,61.65,7.43,46.9,713.7,idle,41.28,9.0,8.97,1,bearing,3513.0
2065-02-19,M13,Compressor,2.34,61.65,7.67,47.9,720.2,idle,41.55,11.5,8.7,1,bearing,4750.0
2065-02-20,M13,Compressor,2.12,60.48,6.61,44.3,714.6,idle,41.72,13.5,8.54,1,bearing,4325.0
2065-02-21,M13,Compressor,2.3,57.87,6.69,46.9,729.4,idle,41.85,10.1,8.4,1,bearing,4163.0
2065-02-22,M13,Compressor,2.07,56.75,6.67,49.2,728.7,idle,42.2,9.0,8.05,1,bearing,4724.0
2065-02-23,M13,Compressor,2.43,61.84,8.11,45.5,724.4,idle,42.32,12.2,7.94,1,bearing,3949.0
2065-02-24,M13,Compressor,5.42,62.66,15.27,98.6,1664.0,normal,42.57,9.4,7.69,1,bearing,2749.0
2065-02-25,M13,Compressor,2.25,61.06,7.84,48.6,745.6,idle,43.02,11.8,7.24,1,bearing,4082.0
2065-02-26,M13,Compressor,2.3,59.57,6.98,44.7,707.9,idle,43.18,16.4,7.07,1,bearing,4464.0
2065-02-27,M13,Compressor,2.24,57.46,7.56,46.5,715.7,idle,43.42,13.6,6.84,1,bearing,3956.0
2065-02-28,M13,Compressor,2.24,57.69,7.41,42.3,730.6,idle,43.65,17.0,6.6,1,bearing,4773.0
2065-03-01,M13,Compressor,5.98,73.74,17.37,106.0,1687.1,normal,43.82,8.6,6.44,1,bearing,2818.0
2065-03-02,M13,Compressor,5.61,77.93,17.36,106.0,1668.4,normal,44.18,16.9,6.07,1,bearing,3752.0
2065-03-03,M13,Compressor,2.31,60.82,7.16,44.1,690.4,idle,44.33,16.3,5.92,1,bearing,4849.0
2065-03-04,M13,Compressor,2.4,64.46,8.12,46.6,693.6,idle,44.67,11.6,5.59,1,bearing,2563.0
2065-03-05,M13,Compressor,2.53,63.39,6.93,48.4,714.9,idle,45.17,16.8,5.09,1,bearing,4607.0
2065-03-06,M13,Compressor,5.97,67.95,17.7,112.8,1578.2,normal,45.42,9.4,4.84,1,bearing,3910.0
2065-03-07,M13,Compressor,5.62,67.95,15.82,108.3,1624.5,normal,45.78,16.3,4.47,1,bearing,3527.0
2065-03-08,M13,Compressor,5.79,73.37,17.2,96.8,1597.3,normal,45.93,16.6,4.32,1,bearing,3820.0
2065-03-09,M13,Compressor,5.66,67.03,16.87,112.2,1705.6,normal,46.32,8.1,3.94,1,bearing,3260.0
2065-03-10,M13,Compressor,2.22,63.83,7.16,47.4,695.0,idle,46.7,13.4,3.55,1,bearing,4176.0
2065-03-11,M13,Compressor,2.4,64.65,6.71,48.6,712.4,idle,46.9,9.2,3.35,1,bearing,3000.0
2065-03-12,M13,Compressor,2.55,65.77,6.71,47.4,699.6,idle,47.38,15.9,2.87,1,bearing,4667.0
2065-03-13,M13,Compressor,2.24,63.14,6.71,45.7,722.5,idle,47.43,9.9,2.82,1,bearing,3340.0
2065-03-14,M13,Compressor,5.7,76.81,17.85,116.8,1662.2,normal,47.88,18.0,2.37,1,bearing,2674.0
2065-03-15,M13,Compressor,2.34,62.49,7.25,43.8,715.6,idle,48.37,9.9,1.89,1,bearing,4273.0
2065-03-16,M13,Compressor,5.17,75.4,17.96,120.0,1719.4,normal,48.65,8.1,1.6,1,bearing,4717.0
2065-03-17,M13,Compressor,2.26,59.85,6.82,46.5,687.7,idle,48.8,10.3,1.45,1,bearing,4659.0
2065-03-18,M13,Compressor,2.26,65.71,16.7,117.3,1723.1,normal,48.98,15.4,1.27,1,bearing,4444.0
2065-03-19,M13,Compressor,2.44,62.6,7.71,45.3,703.3,idle,49.25,13.9,1.0,1,bearing,2766.0
2065-03-20,M13,Compressor,2.6,63.55,7.45,42.8,688.4,idle,49.58,9.2,0.67,1,bearing,2571.0
2065-03-21,M13,Compressor,5.87,76.0,17.54,117.4,1700.2,normal,49.78,12.9,0.5,1,bearing,2915.0
2065-03-22,M13,Compressor,10.0,79.26,17.62,115.7,1704.0,normal,50.12,14.0,0.5,1,bearing,4486.0
2065-03-23,M13,Compressor,1.0,50.14,6.62,44.4,728.2,idle,0.0,8.2,42.47,0,none,0.0
2065-03-24,M13,Compressor,1.0,72.06,14.43,114.5,1786.0,normal,0.25,17.9,42.22,0,none,0.0
2065-03-25,M13,Compressor,1.13,53.35,6.62,44.5,757.5,idle,0.33,10.5,42.13,0,none,0.0
2065-03-26,M13,Compressor,1.01,49.32,6.24,44.5,748.5,idle,0.6,12.7,41.87,0,none,0.0
2065-03-27,M13,Compressor,2.27,60.4,13.9,116.2,1737.5,normal,0.92,10.5,41.55,0,none,0.0
2065-03-28,M13,Compressor,1.03,52.46,6.08,45.1,757.8,idle,1.35,14.3,41.12,0,none,0.0
2065-03-29,M13,Compressor,0.97,55.44,5.91,44.5,753.2,idle,1.77,12.1,40.7,0,none,0.0
2065-03-30,M13,Compressor,2.43,68.15,14.09,112.1,1747.0,normal,2.02,14.0,40.45,0,none,0.0
2065-03-31,M13,Compressor,2.62,63.6,16.25,109.4,1745.3,normal,2.28,13.6,40.18,0,none,0.0
2065-04-01,M13,Compressor,0.99,51.46,7.07,47.2,741.7,idle,2.4,10.3,40.07,0,none,0.0
2065-04-02,M13,Compressor,2.34,63.27,14.6,96.7,1640.8,normal,2.8,9.7,39.67,0,none,0.0
2065-04-03,M13,Compressor,3.79,65.88,19.96,158.9,2453.5,peak,2.97,12.9,39.5,0,none,0.0
2065-04-04,M13,Compressor,2.6,68.0,14.53,107.5,1635.1,normal,3.02,16.6,39.45,0,none,0.0
2065-04-05,M13,Compressor,2.6,68.0,14.53,107.5,1609.1,normal,3.37,14.7,39.1,0,none,0.0
2065-04-06,M13,Compressor,2.42,66.52,14.37,116.2,1626.9,normal,3.42,12.1,39.05,0,none,0.0
2065-04-07,M13,Compressor,1.09,55.1,7.29,44.5,716.0,idle,3.62,17.8,38.85,0,none,0.0
2065-04-08,M13,Compressor,2.67,60.78,16.02,99.8,1746.5,normal,3.78,10.3,38.68,0,none,0.0
2065-04-09,M13,Compressor,2.67,71.06,15.35,95.8,1623.1,normal,3.92,12.5,38.55,0,none,0.0
2065-04-10,M13,Compressor,1.05,51.46,6.05,43.0,713.2,idle,4.22,10.3,38.25,0,none,0.0
2065-04-11,M13,Compressor,1.12,51.73,7.57,44.2,715.9,idle,4.55,12.4,37.92,0,none,0.0
2065-04-12,M13,Compressor,1.01,51.73,6.02,42.8,702.0,idle,5.0,8.9,37.47,0,none,0.0
2065-04-13,M13,Compressor,1.1,54.59,6.72,49.6,707.1,idle,5.37,8.3,37.1,0,none,0.0
2065-04-14,M13,Compressor,0.97,55.63,6.28,43.2,718.7,idle,5.58,14.3,36.88,0,none,0.0
2065-04-15,M13,Compressor,1.1,54.29,7.46,44.9,748.3,idle,5.92,15.9,36.55,0,none,0.0
2065-04-16,M13,Compressor,1.07,58.24,7.42,46.2,743.2,idle,6.03,9.9,36.43,0,none,0.0
2065-04-17,M13,Compressor,1.07,55.45,7.34,43.9,735.1,idle,6.18,10.4,36.28,0,none,0.0
2065-04-18,M13,Compressor,0.99,57.75,7.59,45.6,717.3,idle,6.35,10.2,36.12,0,none,0.0
2065-04-19,M13,Compressor,1.09,58.53,7.59,42.0,721.9,idle,6.5,8.7,35.97,0,none,0.0
2065-04-20,M13,Compressor,1.05,57.08,7.23,44.3,722.0,idle,6.57,10.6,35.9,0,none,0.0
2065-04-21,M13,Compressor,1.02,56.63,7.23,45.0,725.8,idle,6.75,11.4,35.72,0,none,0.0
2065-04-22,M13,Compressor,1.12,53.34,7.53,44.9,728.6,idle,7.13,9.2,35.33,0,none,0.0
2065-04-23,M13,Compressor,0.99,57.99,7.22,43.3,743.5,idle,7.38,9.4,35.08,0,none,0.0
2065-04-24,M13,Compressor,1.14,57.75,6.37,48.9,694.7,idle,7.47,15.4,35.0,0,none,0.0
2065-04-25,M13,Compressor,1.0,59.2,6.53,45.7,721.3,idle,7.65,17.3,34.82,0,none,0.0
2065-04-26,M13,Compressor,1.07,54.37,7.34,43.9,732.5,idle,7.77,10.0,34.7,0,none,0.0
2065-04-27,M13,Compressor,1.16,54.37,7.3,42.3,691.6,idle,8.03,16.9,34.43,0,none,0.0
2065-04-28,M13,Compressor,1.02,57.08,6.44,47.1,704.4,idle,8.47,11.4,34.0,0,none,0.0
2065-04-29,M13,Compressor,1.16,58.75,6.78,49.1,735.8,idle,8.55,17.6,33.92,0,none,0.0
2065-04-30,M13,Compressor,1.15,60.26,7.18,44.9,712.1,idle,8.77,12.2,33.7,0,none,0.0
2065-05-01,M13,Compressor,1.12,55.94,7.55,49.5,693.0,idle,8.95,17.4,33.52,0,none,0.0
2065-05-02,M13,Compressor,0.98,55.8,7.45,42.9,708.4,idle,9.08,9.0,33.38,0,none,0.0
2065-05-03,M13,Compressor,0.99,58.29,7.2,47.0,716.3,idle,9.32,11.3,33.15,0,none,0.0
2065-05-04,M13,Compressor,1.19,59.16,7.64,49.9,699.5,idle,9.43,10.3,33.03,0,none,0.0
2065-05-05,M13,Compressor,1.04,59.35,6.51,46.5,699.5,idle,9.8,8.1,32.67,0,none,0.0
2065-05-06,M13,Compressor,1.0,60.98,6.5,44.4,726.6,idle,10.28,16.9,32.18,0,none,0.0
2065-05-07,M13,Compressor,1.02,59.9,7.23,43.3,699.7,idle,10.45,9.9,32.02,0,none,0.0
2065-05-08,M13,Compressor,1.12,59.4,7.36,48.8,691.5,idle,10.53,14.7,31.93,0,none,0.0
2065-05-09,M13,Compressor,1.0,61.25,7.57,45.6,705.6,idle,10.82,18.0,31.65,0,none,0.0
2065-05-10,M13,Compressor,1.12,60.39,7.09,48.5,692.9,idle,10.9,17.0,31.57,0,none,0.0
2065-05-11,M13,Compressor,1.15,60.39,7.79,49.6,711.9,idle,10.93,17.7,31.53,0,none,0.0
2065-05-12,M13,Compressor,1.09,60.4,7.53,42.1,691.7,idle,11.43,17.4,31.03,0,none,0.0
2065-05-13,M13,Compressor,1.2,58.3,6.69,49.5,697.4,idle,11.93,14.8,30.53,0,none,0.0
2065-05-14,M13,Compressor,1.07,64.16,6.94,46.0,712.4,idle,11.98,14.7,30.48,0,none,0.0
2065-05-15,M13,Compressor,2.81,64.31,15.66,109.7,1628.5,normal,12.17,12.0,30.3,0,none,0.0
2065-05-16,M13,Compressor,2.49,70.57,17.75,95.5,1580.3,normal,12.57,13.3,29.9,0,none,0.0
2065-05-17,M13,Compressor,2.35,73.96,15.01,106.3,1693.8,normal,12.68,12.7,29.78,0,none,0.0
2065-05-18,M13,Compressor,1.03,60.32,7.0,44.9,719.8,idle,12.85,8.3,29.62,0,none,0.0
2065-05-19,M13,Compressor,2.35,77.77,7.0,105.8,1694.8,normal,13.3,10.2,29.17,0,none,0.0
2065-05-20,M13,Compressor,2.57,76.57,16.21,105.8,1563.9,normal,13.75,10.0,28.72,0,none,0.0
2065-05-21,M13,Compressor,2.6,82.0,15.62,117.4,1696.5,normal,13.92,14.9,28.55,0,none,0.0
2065-05-22,M13,Compressor,2.58,72.71,16.61,114.3,1567.9,normal,14.22,12.5,28.25,0,none,0.0
2065-05-23,M13,Compressor,1.09,59.84,7.95,42.6,717.4,idle,14.32,13.9,28.15,0,none,0.0
2065-05-24,M13,Compressor,2.61,77.43,17.75,103.5,1583.1,normal,14.45,18.0,28.02,0,none,0.0
2065-05-25,M13,Compressor,2.74,77.43,17.31,114.9,1646.4,normal,14.63,14.5,27.83,0,none,0.0
2065-05-26,M13,Compressor,1.09,63.97,6.65,45.9,706.8,idle,14.67,14.4,27.8,0,none,0.0
2065-05-27,M13,Compressor,1.22,66.42,6.55,47.1,718.2,idle,15.12,10.8,27.35,0,none,0.0
2065-05-28,M13,Compressor,1.14,59.89,6.86,47.1,710.5,idle,15.2,12.0,27.27,0,none,0.0
2065-05-29,M13,Compressor,2.41,75.21,6.86,104.9,1609.2,normal,15.48,13.8,26.98,0,none,0.0
2065-05-30,M13,Compressor,2.64,78.43,15.56,101.7,1641.2,normal,15.9,13.6,26.57,0,none,0.0
2065-05-31,M13,Compressor,2.92,76.98,17.96,119.2,1678.3,normal,16.15,9.0,26.32,0,none,0.0
2065-06-01,M13,Compressor,2.95,80.16,18.03,107.3,1590.3,normal,16.65,15.3,25.82,0,none,0.0
2065-06-02,M13,Compressor,2.97,68.2,18.29,105.8,1537.3,normal,17.02,15.0,25.45,0,none,0.0
2065-06-03,M13,Compressor,2.86,74.71,17.86,96.1,1685.6,normal,17.38,15.0,25.08,0,none,0.0
2065-06-04,M13,Compressor,2.79,67.8,17.86,109.8,1685.6,normal,17.7,8.8,24.77,0,none,0.0
2065-06-05,M13,Compressor,1.15,63.93,8.26,49.9,1685.6,idle,17.92,14.6,24.55,0,none,0.0
2065-06-06,M13,Compressor,2.82,67.22,16.49,118.1,1586.5,normal,18.03,13.0,24.43,0,none,0.0
2065-06-07,M13,Compressor,2.61,76.96,16.91,116.5,1540.6,normal,18.18,9.7,24.28,0,none,0.0
2065-06-08,M13,Compressor,2.79,79.94,18.22,105.4,1573.4,normal,18.32,8.6,24.15,0,none,0.0
2065-06-09,M13,Compressor,1.18,67.23,6.91,43.3,680.9,idle,18.37,10.4,24.1,0,none,0.0
2065-06-10,M13,Compressor,2.55,81.07,17.21,108.7,1528.1,normal,18.55,15.3,23.92,1,motor_overheat,7268.0
2065-06-11,M13,Compressor,3.0,82.69,16.97,96.7,1528.1,normal,18.82,9.5,23.65,1,motor_overheat,7039.0
2065-06-12,M13,Compressor,2.73,80.09,17.69,98.9,1575.1,normal,19.0,8.1,23.47,1,motor_overheat,4309.0
2065-06-13,M13,Compressor,3.48,92.72,25.61,163.6,2222.3,peak,19.25,14.9,23.22,1,motor_overheat,7347.0
2065-06-14,M13,Compressor,2.72,81.74,16.03,114.4,1622.1,normal,19.55,11.4,22.92,1,motor_overheat,3248.0
2065-06-15,M13,Compressor,3.0,70.94,17.63,118.7,1636.3,normal,19.7,12.2,22.77,1,motor_overheat,7399.0
2065-06-16,M13,Compressor,2.63,70.6,18.66,96.8,1672.2,normal,19.77,13.1,22.7,1,motor_overheat,4993.0
2065-06-17,M13,Compressor,2.61,84.13,17.46,117.8,1584.9,normal,20.03,10.2,22.43,1,motor_overheat,7424.0
2065-06-18,M13,Compressor,4.08,78.56,24.14,161.9,2228.5,peak,20.23,13.7,22.23,1,motor_overheat,3474.0
2065-06-19,M13,Compressor,2.86,76.96,17.4,109.5,1557.9,normal,20.67,9.6,21.8,1,motor_overheat,4505.0
2065-06-20,M13,Compressor,2.51,69.77,17.21,101.7,1611.2,normal,21.12,17.5,21.35,1,motor_overheat,3789.0
2065-06-21,M13,Compressor,2.87,78.62,17.8,109.0,1512.4,normal,21.28,11.5,21.18,1,motor_overheat,7862.0
2065-06-22,M13,Compressor,2.95,70.77,17.19,97.8,1613.8,normal,21.48,15.7,20.98,1,motor_overheat,7833.0
2065-06-23,M13,Compressor,1.14,64.49,6.84,43.9,695.2,idle,21.78,10.4,20.68,1,motor_overheat,4428.0
2065-06-24,M13,Compressor,2.88,72.26,16.39,109.8,1657.7,normal,21.83,14.3,20.63,1,motor_overheat,7191.0
2065-06-25,M13,Compressor,2.79,82.95,16.39,109.8,1657.7,normal,22.08,14.8,20.38,1,motor_overheat,5790.0
2065-06-26,M13,Compressor,1.07,70.4,8.59,44.5,666.7,idle,22.33,14.7,20.13,1,motor_overheat,4304.0
2065-06-27,M13,Compressor,3.92,91.33,26.89,158.9,2251.2,peak,22.48,16.2,19.98,1,motor_overheat,6185.0
2065-06-28,M13,Compressor,3.92,84.33,18.5,96.9,1599.2,normal,22.77,8.6,19.7,1,motor_overheat,7718.0
2065-06-29,M13,Compressor,3.04,84.89,16.11,100.6,1572.1,normal,22.93,8.4,19.53,1,motor_overheat,3693.0
2065-06-30,M13,Compressor,1.23,69.32,6.96,47.9,701.4,idle,23.1,8.8,19.37,1,motor_overheat,4232.0
2065-07-01,M13,Compressor,1.11,65.65,8.3,47.9,701.4,idle,23.42,8.0,19.05,1,motor_overheat,5415.0
2065-07-02,M13,Compressor,2.81,79.01,19.16,114.5,1563.0,normal,23.68,17.8,18.78,1,motor_overheat,4298.0
2065-07-03,M13,Compressor,4.19,95.0,23.92,162.8,2188.8,peak,23.73,10.0,18.73,1,motor_overheat,6439.0
2065-07-04,M13,Compressor,2.62,74.31,17.29,109.1,1609.8,normal,23.83,12.5,18.63,1,motor_overheat,7127.0
2065-07-05,M13,Compressor,3.02,74.41,18.01,108.9,1568.3,normal,24.03,10.1,18.43,1,motor_overheat,6675.0
2065-07-06,M13,Compressor,2.91,81.03,17.96,117.6,1628.5,normal,24.35,13.6,18.12,1,motor_overheat,3575.0
2065-07-07,M13,Compressor,3.98,80.12,17.96,157.4,2320.0,peak,24.63,16.0,17.83,1,motor_overheat,4064.0
2065-07-08,M13,Compressor,2.54,88.46,18.49,112.1,1509.1,normal,25.08,17.7,17.38,1,motor_overheat,3207.0
2065-07-09,M13,Compressor,2.94,74.0,16.54,103.1,1493.6,normal,25.48,15.6,16.98,1,motor_overheat,5718.0
2065-07-10,M13,Compressor,2.61,85.95,19.04,99.5,1614.4,normal,25.85,10.4,16.62,1,motor_overheat,7565.0
2065-07-11,M13,Compressor,1.2,74.79,7.22,42.4,694.3,idle,26.18,8.5,16.28,1,motor_overheat,5946.0
2065-07-12,M13,Compressor,2.74,81.67,18.11,115.6,1495.9,normal,26.62,8.7,15.85,1,motor_overheat,6382.0
2065-07-13,M13,Compressor,2.86,81.43,17.6,103.7,1624.6,normal,26.95,14.4,15.52,1,motor_overheat,6401.0
2065-07-14,M13,Compressor,3.81,87.94,25.41,159.4,2247.8,peak,27.18,10.4,15.28,1,motor_overheat,5020.0
2065-07-15,M13,Compressor,1.23,71.25,8.39,45.7,657.7,idle,27.47,16.3,15.0,1,motor_overheat,6411.0
2065-07-16,M13,Compressor,3.03,88.16,8.39,108.0,1509.4,normal,27.9,16.6,14.57,1,motor_overheat,5231.0
2065-07-17,M13,Compressor,1.3,69.32,7.77,48.8,676.3,idle,28.12,12.8,14.35,1,motor_overheat,6945.0
2065-07-18,M13,Compressor,1.2,75.16,8.96,43.5,676.3,idle,28.52,13.2,13.95,1,motor_overheat,7610.0
2065-07-19,M13,Compressor,1.2,71.2,8.35,46.0,669.9,idle,28.62,10.8,13.85,1,motor_overheat,5778.0
2065-07-20,M13,Compressor,1.18,70.81,7.49,45.1,679.0,idle,28.92,8.7,13.55,1,motor_overheat,7202.0
2065-07-21,M13,Compressor,1.18,72.02,7.92,49.9,646.5,idle,29.32,10.9,13.15,1,motor_overheat,7434.0
2065-07-22,M13,Compressor,1.17,72.12,9.01,45.3,670.7,idle,29.82,9.7,12.65,1,motor_overheat,6091.0
2065-07-23,M13,Compressor,1.15,69.91,7.78,47.1,677.3,idle,29.87,10.7,12.6,1,motor_overheat,5657.0
2065-07-24,M13,Compressor,1.28,76.73,7.34,42.7,682.3,idle,29.9,16.3,12.57,1,motor_overheat,6194.0
2065-07-25,M13,Compressor,1.21,77.62,8.98,43.1,676.5,idle,30.18,9.6,12.28,1,motor_overheat,6927.0
2065-07-26,M13,Compressor,1.12,73.6,8.8,45.7,640.4,idle,30.63,14.2,11.83,1,motor_overheat,7814.0
2065-07-27,M13,Compressor,1.17,71.29,7.97,47.6,673.0,idle,30.95,8.7,11.52,1,motor_overheat,6260.0
2065-07-28,M13,Compressor,1.28,73.99,7.72,42.5,686.9,idle,31.38,8.0,11.08,1,motor_overheat,4918.0
2065-07-29,M13,Compressor,1.13,72.54,7.26,44.5,679.8,idle,31.65,10.1,10.82,1,motor_overheat,4325.0
2065-07-30,M13,Compressor,1.2,76.68,9.12,49.1,645.1,idle,31.98,10.2,10.48,1,motor_overheat,7160.0
2065-07-31,M13,Compressor,1.2,77.71,9.18,47.7,647.9,idle,32.45,8.3,10.02,1,motor_overheat,4752.0
2065-08-01,M13,Compressor,1.15,75.86,7.64,43.8,667.4,idle,32.73,14.3,9.73,1,motor_overheat,6580.0
2065-08-02,M13,Compressor,2.93,80.33,17.69,95.5,1483.7,normal,33.08,13.5,9.38,1,motor_overheat,3078.0
2065-08-03,M13,Compressor,1.34,78.72,8.1,47.9,653.9,idle,33.38,11.2,9.08,1,motor_overheat,3984.0
2065-08-04,M13,Compressor,1.32,73.86,7.59,42.6,645.1,idle,33.42,15.8,9.05,1,motor_overheat,3832.0
2065-08-05,M13,Compressor,1.16,79.05,7.78,46.1,671.4,idle,33.77,12.6,8.7,1,motor_overheat,3025.0
2065-08-06,M13,Compressor,1.3,74.65,7.48,49.3,663.2,idle,34.25,15.3,8.22,1,motor_overheat,7115.0
2065-08-07,M13,Compressor,1.3,76.19,7.81,46.2,634.3,idle,34.38,10.1,8.08,1,motor_overheat,3655.0
2065-08-08,M13,Compressor,1.33,78.45,8.86,46.2,660.2,idle,34.53,11.0,7.93,1,motor_overheat,4363.0
2065-08-09,M13,Compressor,1.28,79.76,7.81,47.5,658.0,idle,34.92,11.7,7.55,1,motor_overheat,5383.0
2065-08-10,M13,Compressor,1.25,77.91,7.91,42.3,668.5,idle,35.03,8.4,7.43,1,motor_overheat,6305.0
2065-08-11,M13,Compressor,1.36,77.59,9.06,46.4,676.9,idle,35.25,11.6,7.22,1,motor_overheat,6889.0
2065-08-12,M13,Compressor,1.26,75.51,9.13,48.4,648.7,idle,35.43,10.1,7.03,1,motor_overheat,4216.0
2065-08-13,M13,Compressor,1.35,74.17,9.13,47.5,647.0,idle,35.75,8.1,6.72,1,motor_overheat,7058.0
2065-08-14,M13,Compressor,1.34,75.39,7.81,46.3,672.2,idle,36.13,8.0,6.33,1,motor_overheat,5792.0
2065-08-15,M13,Compressor,2.74,90.71,20.08,113.6,1526.7,normal,36.37,16.9,6.1,1,motor_overheat,5576.0
2065-08-16,M13,Compressor,3.25,90.71,20.54,110.5,1541.3,normal,36.65,15.2,5.82,1,motor_overheat,5325.0
2065-08-17,M13,Compressor,2.95,83.84,17.94,112.1,1487.6,normal,36.73,12.0,5.73,1,motor_overheat,3234.0
2065-08-18,M13,Compressor,3.01,94.55,20.29,107.7,1476.3,normal,37.15,11.8,5.32,1,motor_overheat,3953.0
2065-08-19,M13,Compressor,1.34,78.62,20.29,48.6,662.2,idle,37.4,16.0,5.07,1,motor_overheat,3547.0
2065-08-20,M13,Compressor,2.82,88.11,20.58,95.6,1541.5,normal,37.78,17.8,4.68,1,motor_overheat,6608.0
2065-08-21,M13,Compressor,2.93,95.0,19.6,108.2,1528.5,normal,38.02,16.0,4.45,1,motor_overheat,4347.0
2065-08-22,M13,Compressor,3.18,94.37,19.28,103.0,1548.6,normal,38.2,11.7,4.27,1,motor_overheat,7921.0
2065-08-23,M13,Compressor,1.27,82.35,9.55,47.1,635.4,idle,38.47,8.9,4.0,1,motor_overheat,3693.0
2065-08-24,M13,Compressor,3.23,87.15,18.68,96.8,1433.7,normal,38.65,15.6,3.82,1,motor_overheat,6170.0
2065-08-25,M13,Compressor,3.24,86.72,18.21,103.8,1524.1,normal,39.13,12.5,3.33,1,motor_overheat,6753.0
2065-08-26,M13,Compressor,1.24,79.18,8.56,42.2,644.4,idle,39.33,11.6,3.13,1,motor_overheat,6221.0
2065-08-27,M13,Compressor,7.52,95.0,18.16,111.4,1483.6,normal,39.78,13.6,2.68,1,motor_overheat,5198.0
2065-08-28,M13,Compressor,4.5,90.33,26.15,160.8,2202.4,peak,40.22,12.2,2.25,1,motor_overheat,6053.0
2065-08-29,M13,Compressor,4.5,83.81,21.05,104.6,1419.2,normal,40.35,13.2,2.12,1,motor_overheat,4289.0
2065-08-30,M13,Compressor,3.24,91.33,18.67,115.0,1477.6,normal,40.82,14.1,1.65,1,motor_overheat,7823.0
2065-08-31,M13,Compressor,3.1,95.0,19.87,97.8,1549.7,normal,41.07,11.8,1.4,1,motor_overheat,3411.0
2065-09-01,M13,Compressor,1.24,86.16,7.66,45.9,650.5,idle,41.38,16.5,1.08,1,motor_overheat,3944.0
2065-09-02,M13,Compressor,3.3,95.0,19.01,101.1,1458.2,normal,41.68,11.2,0.78,1,motor_overheat,7554.0
2065-09-03,M13,Compressor,2.8,95.0,21.4,111.0,1483.6,normal,41.73,10.9,0.73,1,motor_overheat,3160.0
2065-09-04,M13,Compressor,3.05,95.0,20.62,114.9,1506.7,normal,41.87,10.2,0.6,1,motor_overheat,5505.0
2065-09-05,M13,Compressor,3.18,95.0,21.31,114.9,1506.7,normal,42.17,11.3,0.5,1,motor_overheat,4131.0
2065-09-06,M13,Compressor,2.43,58.19,14.54,112.2,1771.5,normal,0.0,12.5,73.63,0,none,0.0
2065-09-07,M13,Compressor,2.43,58.19,6.41,49.1,1771.5,idle,0.05,9.6,73.58,0,none,0.0
2065-09-08,M13,Compressor,0.94,44.28,5.51,46.7,751.3,idle,0.47,10.1,73.16,0,none,0.0
2065-09-09,M13,Compressor,2.45,65.17,13.41,116.4,1666.7,normal,0.5,14.9,73.13,0,none,0.0
2065-09-10,M13,Compressor,2.54,65.31,14.74,102.5,1665.9,normal,0.68,17.4,72.94,0,none,0.0
2065-09-11,M13,Compressor,1.06,45.74,6.16,46.2,761.1,idle,1.07,15.9,72.56,0,none,0.0
2065-09-12,M13,Compressor,2.34,62.5,15.04,112.8,1700.9,normal,1.23,15.1,72.39,0,none,0.0
2065-09-13,M13,Compressor,1.08,48.4,6.2,46.6,749.0,idle,1.43,14.1,72.19,0,none,0.0
2065-09-14,M13,Compressor,1.05,47.37,6.67,48.1,736.6,idle,1.78,8.4,71.84,0,none,0.0
2065-09-15,M13,Compressor,0.92,50.81,5.75,42.2,744.1,idle,1.9,11.9,71.73,0,none,0.0
2065-09-16,M13,Compressor,2.23,53.97,13.43,113.7,1783.2,normal,2.38,13.6,71.24,0,none,0.0
2065-09-17,M13,Compressor,2.12,59.84,13.34,107.5,1709.2,normal,2.48,8.6,71.14,0,none,0.0
2065-09-18,M13,Compressor,0.94,51.58,6.94,46.5,731.3,idle,2.85,12.2,70.78,0,none,0.0
2065-09-19,M13,Compressor,2.39,66.71,13.94,98.4,1767.9,normal,3.12,17.8,70.51,0,none,0.0
2065-09-20,M13,Compressor,1.03,44.01,6.78,47.3,731.7,idle,3.38,14.5,70.24,0,none,0.0
2065-09-21,M13,Compressor,0.9,51.78,6.63,44.9,746.0,idle,3.6,15.9,70.03,0,none,0.0
2065-09-22,M13,Compressor,1.01,49.75,5.76,43.6,722.9,idle,3.78,12.0,69.84,0,none,0.0
2065-09-23,M13,Compressor,1.1,51.0,6.33,45.4,734.2,idle,4.05,11.8,69.58,0,none,0.0
2065-09-24,M13,Compressor,1.02,49.52,6.53,42.0,762.1,idle,4.33,16.0,69.29,0,none,0.0
2065-09-25,M13,Compressor,1.07,44.92,6.63,48.6,736.6,idle,4.72,10.0,68.91,0,none,0.0
2065-09-26,M13,Compressor,1.04,44.77,6.47,46.1,771.0,idle,4.82,9.3,68.81,0,none,0.0
2065-09-27,M13,Compressor,0.99,47.42,6.9,49.5,722.1,idle,5.3,12.8,68.33,0,none,0.0
2065-09-28,M13,Compressor,1.0,45.29,5.91,47.3,727.8,idle,5.57,12.2,68.06,0,none,0.0
2065-09-29,M13,Compressor,0.9,45.29,6.46,49.2,752.5,idle,5.77,12.5,67.86,0,none,0.0
2065-09-30,M13,Compressor,1.09,48.87,6.08,46.9,765.0,idle,5.85,8.3,67.78,0,none,0.0
2065-10-01,M13,Compressor,0.97,46.98,6.44,45.6,751.6,idle,6.2,10.6,67.43,0,none,0.0
2065-10-02,M13,Compressor,2.59,50.79,14.62,118.1,1690.2,normal,6.23,13.4,67.39,0,none,0.0
2065-10-03,M13,Compressor,2.21,50.79,14.62,118.1,1759.7,normal,6.58,10.8,67.04,0,none,0.0
2065-10-04,M13,Compressor,1.06,44.53,6.15,48.3,766.1,idle,6.77,17.3,66.86,0,none,0.0
2065-10-05,M13,Compressor,0.91,44.09,6.15,43.1,754.7,idle,7.07,16.4,66.56,0,none,0.0
2065-10-06,M13,Compressor,0.92,46.36,5.74,43.1,760.4,idle,7.33,10.8,66.29,0,none,0.0
2065-10-07,M13,Compressor,0.93,44.47,6.2,43.6,720.5,idle,7.42,11.9,66.21,0,none,0.0
2065-10-08,M13,Compressor,0.95,45.72,6.53,48.9,734.3,idle,7.7,13.5,65.93,0,none,0.0
2065-10-09,M13,Compressor,0.94,47.1,5.76,49.6,734.6,idle,7.95,14.0,65.68,0,none,0.0
2065-10-10,M13,Compressor,0.92,48.46,6.31,47.1,778.0,idle,8.28,16.7,65.34,0,none,0.0
2065-10-11,M13,Compressor,0.96,46.88,6.01,47.0,756.2,idle,8.58,13.2,65.04,0,none,0.0
2065-10-12,M13,Compressor,1.01,46.91,6.14,48.3,756.5,idle,8.73,8.8,64.89,0,none,0.0
2065-10-13,M13,Compressor,1.04,46.21,6.87,42.3,755.7,idle,8.92,14.9,64.71,0,none,0.0
2065-10-14,M13,Compressor,1.04,65.59,13.8,106.5,1655.9,normal,9.12,15.5,64.51,0,none,0.0
2065-10-15,M13,Compressor,2.49,52.24,14.07,119.8,1806.0,normal,9.62,14.1,64.01,0,none,0.0
2065-10-16,M13,Compressor,2.27,54.03,13.63,112.1,1773.4,normal,10.0,10.9,63.63,0,none,0.0
2065-10-17,M13,Compressor,2.21,54.32,13.81,105.8,1806.0,normal,10.27,12.6,63.36,0,none,0.0
2065-10-18,M13,Compressor,2.11,61.49,15.15,113.1,1686.8,normal,10.53,11.0,63.09,0,none,0.0
2065-10-19,M13,Compressor,1.0,51.28,5.67,49.9,728.6,idle,10.73,12.8,62.89,0,none,0.0
2065-10-20,M13,Compressor,2.17,64.63,15.07,96.0,1678.6,normal,10.98,14.0,62.64,0,none,0.0
2065-10-21,M13,Compressor,2.57,55.03,13.03,101.3,1775.0,normal,11.15,14.5,62.48,0,none,0.0
2065-10-22,M13,Compressor,2.57,52.79,13.56,106.0,1777.2,normal,11.47,17.0,62.16,0,none,0.0
2065-10-23,M13,Compressor,2.43,55.9,13.17,101.3,1687.3,normal,11.73,8.9,61.89,0,none,0.0
2065-10-24,M13,Compressor,2.11,67.55,13.64,115.9,1732.4,normal,12.08,9.2,61.54,0,none,0.0
2065-10-25,M13,Compressor,2.59,52.69,13.28,95.1,1772.1,normal,12.25,8.1,61.38,0,none,0.0
2065-10-26,M13,Compressor,2.25,65.67,14.58,109.4,1732.8,normal,12.52,17.8,61.11,0,none,0.0
2065-10-27,M13,Compressor,2.23,51.16,14.11,97.5,1804.0,normal,13.02,11.1,60.61,0,none,0.0
2065-10-28,M13,Compressor,3.5,67.4,19.81,97.5,2492.9,peak,13.32,14.1,60.31,0,none,0.0
2065-10-29,M13,Compressor,1.05,45.01,6.3,48.5,750.6,idle,13.4,8.2,60.23,0,none,0.0
2065-10-30,M13,Compressor,2.11,54.4,14.67,118.3,1801.9,normal,13.77,13.3,59.86,0,none,0.0
2065-10-31,M13,Compressor,2.51,54.4,13.7,95.3,1710.2,normal,14.05,16.9,59.58,0,none,0.0
2065-11-01,M13,Compressor,2.39,55.7,13.11,107.7,1684.0,normal,14.33,9.1,59.29,0,none,0.0
2065-11-02,M13,Compressor,1.05,44.71,6.94,49.0,772.4,idle,14.67,14.2,58.96,0,none,0.0
2065-11-03,M13,Compressor,1.05,49.07,5.58,47.3,764.8,idle,15.13,14.3,58.49,0,none,0.0
2065-11-04,M13,Compressor,2.17,61.08,14.2,106.8,1683.9,normal,15.33,17.5,58.29,0,none,0.0
2065-11-05,M13,Compressor,2.47,66.65,14.97,104.2,1817.3,normal,15.8,18.0,57.83,0,none,0.0
2065-11-06,M13,Compressor,0.97,45.88,14.97,48.3,765.7,idle,16.08,11.0,57.54,0,none,0.0
2065-11-07,M13,Compressor,0.92,45.54,5.53,48.2,736.7,idle,16.47,16.1,57.16,0,none,0.0
2065-11-08,M13,Compressor,0.93,45.46,6.46,45.5,776.5,idle,16.53,12.8,57.09,0,none,0.0
2065-11-09,M13,Compressor,2.28,65.01,14.37,112.6,1678.7,normal,16.82,12.0,56.81,0,none,0.0
2065-11-10,M13,Compressor,2.47,51.54,14.73,106.6,1688.8,normal,17.07,12.4,56.56,0,none,0.0
2065-11-11,M13,Compressor,2.47,50.85,5.73,43.4,752.0,idle,17.5,12.1,56.13,0,none,0.0
2065-11-12,M13,Compressor,3.38,63.4,19.07,146.3,2410.0,peak,17.73,16.0,55.89,0,none,0.0
2065-11-13,M13,Compressor,2.12,66.22,13.33,102.4,1817.6,normal,18.17,10.1,55.46,0,none,0.0
2065-11-14,M13,Compressor,2.56,66.22,14.38,110.8,1659.2,normal,18.48,8.1,55.14,0,none,0.0
2065-11-15,M13,Compressor,2.56,67.78,14.38,110.8,1659.2,normal,18.62,16.0,55.01,0,none,0.0
2065-11-16,M13,Compressor,2.47,64.22,13.19,115.0,1796.9,normal,18.72,16.2,54.91,0,none,0.0
2065-11-17,M13,Compressor,2.12,50.7,14.38,107.4,1816.6,normal,19.02,8.3,54.61,0,none,0.0
2065-11-18,M13,Compressor,2.25,60.62,14.27,108.4,1762.1,normal,19.18,11.7,54.44,0,none,0.0
2065-11-19,M13,Compressor,2.37,50.13,15.11,100.0,1689.3,normal,19.65,12.9,53.98,0,none,0.0
2065-11-20,M13,Compressor,1.03,47.82,6.36,46.0,745.1,idle,19.68,10.2,53.94,0,none,0.0
2065-11-21,M13,Compressor,2.34,52.54,15.42,109.4,1698.8,normal,19.87,17.6,53.76,0,none,0.0
2065-11-22,M13,Compressor,1.04,51.04,5.94,44.6,746.3,idle,20.02,17.7,53.61,0,none,0.0
2065-11-23,M13,Compressor,2.21,64.58,14.46,96.4,1819.4,normal,20.38,9.0,53.24,0,none,0.0
2065-11-24,M13,Compressor,1.01,51.12,6.25,46.7,747.3,idle,20.47,11.8,53.16,0,none,0.0
2065-11-25,M13,Compressor,3.25,59.37,21.85,148.6,2505.3,peak,20.52,14.5,53.11,0,none,0.0
2065-11-26,M13,Compressor,2.14,67.88,14.39,115.4,1745.7,normal,21.0,9.8,52.63,0,none,0.0
2065-11-27,M13,Compressor,2.5,59.62,14.11,106.4,1650.4,normal,21.3,17.0,52.33,0,none,0.0
2065-11-28,M13,Compressor,2.29,67.13,14.69,118.0,1684.0,normal,21.6,8.1,52.03,0,none,0.0
2065-11-29,M13,Compressor,1.0,44.28,6.52,48.3,764.9,idle,21.63,13.9,51.99,0,none,0.0
2065-11-30,M13,Compressor,2.14,54.46,14.64,114.0,1696.6,normal,22.1,10.5,51.53,0,none,0.0
2065-12-01,M13,Compressor,2.3,56.32,13.01,109.4,1763.8,normal,22.33,10.9,51.29,0,none,0.0
2065-12-02,M13,Compressor,2.24,62.38,13.61,112.9,1727.7,normal,22.55,12.3,51.08,0,none,0.0
2065-12-03,M13,Compressor,2.54,59.81,13.46,115.5,1782.2,normal,22.8,8.4,50.83,0,none,0.0
2065-12-04,M13,Compressor,2.14,50.86,13.34,116.1,1704.5,normal,22.87,16.8,50.76,0,none,0.0
2065-12-05,M13,Compressor,2.35,60.85,14.86,115.8,1737.7,normal,23.0,17.1,50.63,0,none,0.0
2065-12-06,M13,Compressor,0.98,45.57,6.41,46.4,737.5,idle,23.1,8.1,50.53,0,none,0.0
2065-12-07,M13,Compressor,0.99,49.92,6.44,45.9,736.3,idle,23.27,9.2,50.36,0,none,0.0
2065-12-08,M13,Compressor,2.43,61.3,14.15,101.0,1679.7,normal,23.47,11.3,50.16,0,none,0.0
2065-12-09,M13,Compressor,2.27,66.36,14.88,117.3,1793.2,normal,23.87,16.0,49.76,0,none,0.0
2065-12-10,M13,Compressor,2.33,59.55,13.42,113.0,1721.7,normal,24.13,12.2,49.49,0,none,0.0
2065-12-11,M13,Compressor,2.18,51.72,14.74,107.1,1651.5,normal,24.62,16.1,49.01,0,none,0.0
2065-12-12,M13,Compressor,2.51,61.15,13.1,102.6,1772.8,normal,24.9,17.2,48.73,0,none,0.0
2065-12-13,M13,Compressor,0.91,49.89,6.26,48.3,771.3,idle,25.37,16.5,48.26,0,none,0.0
2065-12-14,M13,Compressor,1.05,44.62,6.19,44.5,750.5,idle,25.82,10.4,47.81,0,none,0.0
2065-12-15,M13,Compressor,1.09,45.0,6.8,49.9,779.4,idle,26.02,16.4,47.61,0,none,0.0
2065-12-16,M13,Compressor,2.5,58.38,6.8,110.2,1753.8,normal,26.2,8.2,47.43,0,none,0.0
2065-12-17,M13,Compressor,0.96,58.38,5.67,47.1,773.8,idle,26.52,16.0,47.11,0,none,0.0
2065-12-18,M13,Compressor,0.99,50.12,6.45,42.0,727.3,idle,26.78,11.8,46.84,0,none,0.0
2065-12-19,M13,Compressor,2.49,50.73,15.39,117.3,1711.6,normal,27.03,15.2,46.59,0,none,0.0
2065-12-20,M13,Compressor,2.26,61.03,14.53,97.2,1686.6,normal,27.15,16.4,46.48,0,none,0.0
2065-12-21,M13,Compressor,1.03,61.03,5.79,47.6,772.2,idle,27.55,8.5,46.08,0,none,0.0
2065-12-22,M13,Compressor,0.92,47.51,6.78,45.0,736.2,idle,27.8,8.1,45.83,0,none,0.0
2065-12-23,M13,Compressor,1.05,47.21,6.56,43.0,753.2,idle,27.87,8.6,45.76,0,none,0.0
2065-12-24,M13,Compressor,2.29,67.95,14.48,112.0,1672.3,normal,28.23,17.9,45.39,0,none,0.0
2065-12-25,M13,Compressor,1.1,44.41,5.61,42.6,772.2,idle,28.73,9.8,44.89,0,none,0.0
2065-12-26,M13,Compressor,1.05,51.78,5.6,47.5,752.0,idle,28.98,9.4,44.64,0,none,0.0
2065-12-27,M13,Compressor,1.03,48.1,6.51,49.3,755.2,idle,29.15,12.3,44.48,0,none,0.0
2065-12-28,M13,Compressor,2.55,64.08,15.16,111.5,1738.2,normal,29.55,11.6,44.08,0,none,0.0
2065-12-29,M13,Compressor,0.91,50.68,5.86,42.3,751.1,idle,29.8,9.3,43.83,0,none,0.0
2065-12-30,M13,Compressor,1.03,49.29,6.5,47.2,768.5,idle,30.18,10.2,43.44,0,none,0.0
2065-12-31,M13,Compressor,1.05,50.5,6.19,47.2,758.4,idle,30.62,15.4,43.01,0,none,0.0
2066-01-01,M13,Compressor,1.05,50.88,6.58,48.1,737.2,idle,30.87,9.7,42.76,0,none,0.0
2066-01-02,M13,Compressor,1.03,48.22,5.9,48.5,753.0,idle,31.03,8.5,42.59,0,none,0.0
2066-01-03,M13,Compressor,0.94,46.44,5.84,44.5,731.3,idle,31.52,16.2,42.11,0,none,0.0
2066-01-04,M13,Compressor,0.97,49.55,6.94,43.7,738.0,idle,31.82,15.1,41.81,0,none,0.0
2066-01-05,M13,Compressor,2.1,54.06,14.05,106.5,1695.3,normal,32.12,9.1,41.51,0,none,0.0
2066-01-06,M13,Compressor,0.93,48.5,6.11,45.4,773.7,idle,32.3,16.3,41.33,0,none,0.0
2066-01-07,M13,Compressor,1.01,47.11,5.88,45.4,771.7,idle,32.43,16.2,41.19,0,none,0.0
2066-01-08,M13,Compressor,1.09,47.02,5.81,49.3,728.7,idle,32.6,11.4,41.03,0,none,0.0
2066-01-09,M13,Compressor,3.18,59.08,20.26,153.2,2457.4,peak,33.0,12.3,40.63,0,none,0.0
2066-01-10,M13,Compressor,3.46,68.28,21.98,151.2,2569.1,peak,33.47,14.7,40.16,0,none,0.0
2066-01-11,M13,Compressor,0.96,44.07,5.73,46.1,768.6,idle,33.72,14.5,39.91,0,none,0.0
2066-01-12,M13,Compressor,0.91,50.66,6.57,42.3,726.4,idle,34.0,13.1,39.63,0,none,0.0
2066-01-13,M13,Compressor,0.92,49.43,6.34,44.9,725.3,idle,34.47,15.8,39.16,0,none,0.0
2066-01-14,M13,Compressor,2.3,62.28,13.23,116.4,1660.7,normal,34.77,15.1,38.86,0,none,0.0
2066-01-15,M13,Compressor,2.4,53.4,13.23,103.9,1763.4,normal,35.22,8.7,38.41,0,none,0.0
2066-01-16,M13,Compressor,0.92,47.81,6.11,45.4,776.6,idle,35.63,15.7,37.99,0,none,0.0
2066-01-17,M13,Compressor,0.97,51.93,6.31,48.7,740.9,idle,35.9,14.2,37.73,0,none,0.0
2066-01-18,M13,Compressor,0.92,44.68,6.36,49.4,724.3,idle,36.2,11.2,37.43,0,none,0.0
2066-01-19,M13,Compressor,1.04,48.51,6.48,43.7,724.2,idle,36.42,13.4,37.21,0,none,0.0
2066-01-20,M13,Compressor,0.91,45.97,5.82,43.0,735.9,idle,36.52,8.5,37.11,0,none,0.0
2066-01-21,M13,Compressor,1.01,51.6,6.88,44.2,724.0,idle,36.73,11.2,36.89,0,none,0.0
2066-01-22,M13,Compressor,2.6,58.58,15.45,108.4,1800.7,normal,36.9,11.5,36.73,0,none,0.0
2066-01-23,M13,Compressor,2.32,61.2,15.45,100.5,1779.8,normal,37.0,14.2,36.63,0,none,0.0
2066-01-24,M13,Compressor,2.13,56.52,15.17,107.6,1663.2,normal,37.38,12.3,36.24,0,none,0.0
2066-01-25,M13,Compressor,2.2,51.97,13.69,99.1,1771.0,normal,37.47,15.8,36.16,0,none,0.0
2066-01-26,M13,Compressor,2.2,45.08,6.17,44.4,740.2,idle,37.68,12.5,35.94,0,none,0.0
2066-01-27,M13,Compressor,2.39,66.18,15.24,44.4,1716.8,normal,38.05,11.3,35.58,0,none,0.0
2066-01-28,M13,Compressor,2.36,66.18,13.15,109.5,1749.4,normal,38.5,9.2,35.13,0,none,0.0
2066-01-29,M13,Compressor,2.33,57.45,15.35,110.0,1788.8,normal,38.82,11.1,34.81,0,none,0.0
2066-01-30,M13,Compressor,2.58,64.58,15.36,114.0,1678.9,normal,39.25,10.5,34.38,0,none,0.0
2066-01-31,M13,Compressor,0.95,45.55,5.98,44.8,768.7,idle,39.75,9.3,33.88,0,none,0.0
2066-02-01,M13,Compressor,0.97,49.82,6.86,42.9,720.0,idle,39.78,10.5,33.84,0,none,0.0
2066-02-02,M13,Compressor,2.54,54.29,13.38,102.4,1681.6,normal,39.82,17.9,33.81,0,none,0.0
2066-02-03,M13,Compressor,3.48,67.69,18.67,156.7,2441.6,peak,40.25,15.5,33.38,0,none,0.0
2066-02-04,M13,Compressor,2.2,60.72,14.66,103.7,1779.8,normal,40.33,17.3,33.29,0,none,0.0
2066-02-05,M13,Compressor,3.5,73.33,14.66,149.4,2549.7,peak,40.38,13.6,33.24,0,none,0.0
2066-02-06,M13,Compressor,2.15,53.26,15.08,117.8,1661.3,normal,40.53,16.5,33.09,0,none,0.0
2066-02-07,M13,Compressor,2.26,61.33,15.35,109.3,1789.6,normal,40.92,8.3,32.71,0,none,0.0
2066-02-08,M13,Compressor,2.56,59.34,14.85,111.6,1764.1,normal,40.97,10.7,32.66,0,none,0.0
2066-02-09,M13,Compressor,1.0,48.99,6.33,47.1,750.3,idle,41.38,10.1,32.24,0,none,0.0
2066-02-10,M13,Compressor,0.94,49.55,6.08,43.0,771.1,idle,41.5,9.6,32.13,0,none,0.0
2066-02-11,M13,Compressor,2.19,59.73,14.8,111.2,1677.3,normal,41.73,16.9,31.89,0,none,0.0
2066-02-12,M13,Compressor,2.2,52.68,13.18,102.1,1739.1,normal,42.12,15.1,31.51,0,none,0.0
2066-02-13,M13,Compressor,2.19,67.48,14.75,109.6,1765.8,normal,42.52,17.3,31.11,0,none,0.0
2066-02-14,M13,Compressor,0.99,47.76,6.83,47.8,755.3,idle,42.75,16.9,30.88,0,none,0.0
2066-02-15,M13,Compressor,2.58,61.93,14.0,96.2,1716.4,normal,42.93,11.7,30.69,0,none,0.0
2066-02-16,M13,Compressor,2.56,50.8,13.46,115.2,1712.0,normal,43.38,17.2,30.24,0,none,0.0
2066-02-17,M13,Compressor,2.56,50.53,6.34,46.4,737.6,idle,43.7,16.3,29.93,0,none,0.0
2066-02-18,M13,Compressor,2.44,65.51,14.88,110.3,1709.6,normal,44.15,10.4,29.48,0,none,0.0
2066-02-19,M13,Compressor,1.07,48.53,6.83,44.0,759.3,idle,44.48,10.1,29.14,0,none,0.0
2066-02-20,M13,Compressor,2.57,56.73,15.38,104.8,1724.4,normal,44.52,11.5,29.11,0,none,0.0
2066-02-21,M13,Compressor,2.5,54.69,14.76,102.5,1750.9,normal,44.83,11.5,28.79,0,none,0.0
2066-02-22,M13,Compressor,2.49,50.47,13.22,118.4,1788.7,normal,45.1,13.3,28.53,0,none,0.0
2066-02-23,M13,Compressor,2.49,47.51,6.57,50.0,746.0,idle,45.22,13.3,28.41,0,none,0.0
2066-02-24,M13,Compressor,2.52,51.43,14.36,103.3,1738.9,normal,45.7,16.5,27.93,0,none,0.0
2066-02-25,M13,Compressor,2.16,56.62,13.19,106.3,1725.1,normal,45.9,15.3,27.73,0,none,0.0
2066-02-26,M13,Compressor,2.26,67.07,13.21,115.6,1710.3,normal,46.37,14.0,27.26,0,none,0.0
2066-02-27,M13,Compressor,2.2,54.91,15.25,115.6,1652.7,normal,46.67,14.8,26.96,0,none,0.0
2066-02-28,M13,Compressor,2.2,62.15,13.79,115.6,1783.7,normal,46.73,13.6,26.89,0,none,0.0
2066-03-01,M13,Compressor,2.54,53.47,13.38,118.3,1718.7,normal,47.2,14.4,26.43,0,none,0.0
2066-03-02,M13,Compressor,0.98,49.48,6.1,49.0,777.5,idle,47.68,13.2,25.94,0,none,0.0
2066-03-03,M13,Compressor,0.97,45.66,5.61,43.7,728.4,idle,47.92,14.4,25.71,0,none,0.0
2066-03-04,M13,Compressor,2.11,50.84,14.27,112.7,1817.2,normal,48.33,12.5,25.29,0,none,0.0
2066-03-05,M13,Compressor,2.18,62.57,14.38,107.0,1772.7,normal,48.52,12.2,25.11,0,none,0.0
2066-03-06,M13,Compressor,2.22,55.6,13.96,99.6,1731.4,normal,48.9,15.5,24.73,0,none,0.0
2066-03-07,M13,Compressor,0.93,46.55,5.67,42.3,741.3,idle,49.27,17.0,24.36,0,none,0.0
2066-03-08,M13,Compressor,1.02,45.22,6.99,44.2,721.4,idle,49.38,17.4,24.24,0,none,0.0
2066-03-09,M13,Compressor,0.91,49.33,6.5,49.2,725.5,idle,49.83,12.5,23.79,0,none,0.0
2066-03-10,M13,Compressor,0.98,51.11,6.7,43.9,773.4,idle,50.13,11.3,23.49,0,none,0.0
2066-03-11,M13,Compressor,1.04,46.11,5.57,46.0,762.8,idle,50.58,16.7,23.04,0,none,0.0
2066-03-12,M13,Compressor,0.95,45.35,5.61,48.7,723.3,idle,50.97,12.9,22.66,0,none,0.0
2066-03-13,M13,Compressor,2.4,63.74,14.95,111.3,1761.0,normal,51.47,17.1,22.16,0,none,0.0
2066-03-14,M13,Compressor,0.99,47.33,5.71,46.3,724.3,idle,51.52,15.9,22.11,0,none,0.0
2066-03-15,M13,Compressor,2.33,63.16,14.11,107.7,1793.2,normal,51.85,16.9,21.78,0,none,0.0
2066-03-16,M13,Compressor,1.03,45.02,6.31,44.9,732.4,idle,52.03,8.2,21.59,0,none,0.0
2066-03-17,M13,Compressor,1.03,47.09,6.65,46.7,726.3,idle,52.27,17.2,21.36,0,none,0.0
2066-03-18,M13,Compressor,0.97,46.16,5.72,48.4,742.7,idle,52.43,12.9,21.19,0,none,0.0
2066-03-19,M13,Compressor,1.02,51.06,6.31,44.1,767.4,idle,52.78,9.5,20.84,0,none,0.0
2066-03-20,M13,Compressor,0.99,48.51,6.85,45.9,740.1,idle,53.15,16.2,20.48,0,none,0.0
2066-03-21,M13,Compressor,1.05,45.07,6.87,49.3,754.8,idle,53.58,14.8,20.04,0,none,0.0
2066-03-22,M13,Compressor,0.93,47.62,6.13,44.4,730.5,idle,53.73,13.7,19.89,0,none,0.0
2066-03-23,M13,Compressor,2.23,47.62,14.71,119.5,1686.7,normal,53.8,14.5,19.83,0,none,0.0
2066-03-24,M13,Compressor,0.94,44.94,6.91,45.0,775.4,idle,54.22,9.2,19.41,0,none,0.0
2066-03-25,M13,Compressor,1.08,44.35,5.92,44.4,736.6,idle,54.33,10.0,19.29,0,none,0.0
2066-03-26,M13,Compressor,0.99,47.99,6.64,44.1,737.9,idle,54.57,9.8,19.06,0,none,0.0
2066-03-27,M13,Compressor,0.99,53.23,14.18,101.3,1683.7,normal,54.95,8.7,18.68,0,none,0.0
2066-03-28,M13,Compressor,0.99,53.23,5.87,45.3,729.2,idle,55.18,14.3,18.44,0,none,0.0
2066-03-29,M13,Compressor,2.13,60.53,5.87,45.3,1669.5,normal,55.28,8.8,18.34,0,none,0.0
2066-03-30,M13,Compressor,1.04,46.17,6.86,43.5,734.6,idle,55.65,11.9,17.98,0,none,0.0
2066-03-31,M13,Compressor,1.07,48.58,5.66,43.5,738.5,idle,56.03,12.8,17.59,0,none,0.0
2066-04-01,M13,Compressor,1.05,48.58,6.88,45.8,764.1,idle,56.07,13.7,17.56,0,none,0.0
2066-04-02,M13,Compressor,1.04,45.43,6.88,43.9,731.4,idle,56.28,11.4,17.34,0,none,0.0
2066-04-03,M13,Compressor,1.0,65.54,5.97,49.7,746.1,idle,56.5,15.0,17.13,0,none,0.0
2066-04-04,M13,Compressor,1.07,48.24,5.81,49.0,724.3,idle,56.53,9.1,17.09,0,none,0.0
2066-04-05,M13,Compressor,2.44,64.95,15.08,111.4,1692.7,normal,56.92,15.6,16.71,0,none,0.0
2066-04-06,M13,Compressor,2.37,61.33,15.22,99.0,1729.0,normal,57.05,8.1,16.58,0,none,0.0
2066-04-07,M13,Compressor,2.27,57.7,13.46,100.4,1780.9,normal,57.47,14.4,16.16,0,none,0.0
2066-04-08,M13,Compressor,2.34,59.25,15.24,101.0,1706.0,normal,57.77,8.9,15.86,0,none,0.0
2066-04-09,M13,Compressor,3.19,68.18,20.25,154.4,2533.6,peak,57.88,17.3,15.74,0,none,0.0
2066-04-10,M13,Compressor,3.19,50.53,6.12,49.1,727.2,idle,57.93,12.9,15.69,0,none,0.0
2066-04-11,M13,Compressor,0.92,49.25,6.08,45.6,761.8,idle,58.0,11.8,15.63,0,none,0.0
2066-04-12,M13,Compressor,0.92,44.35,6.16,49.2,747.0,idle,58.23,10.7,15.39,0,none,0.0
2066-04-13,M13,Compressor,2.39,53.75,14.16,107.0,1690.0,normal,58.28,8.2,15.34,0,none,0.0
2066-04-14,M13,Compressor,2.18,56.3,13.1,99.2,1774.3,normal,58.47,16.6,15.16,0,none,0.0
2066-04-15,M13,Compressor,2.42,55.63,14.38,115.7,1792.7,normal,58.62,12.9,15.01,0,none,0.0
2066-04-16,M13,Compressor,2.43,52.23,13.41,102.3,1764.0,normal,58.75,17.9,14.88,0,none,0.0
2066-04-17,M13,Compressor,0.95,47.72,6.74,49.1,770.3,idle,58.98,10.5,14.64,0,none,0.0
2066-04-18,M13,Compressor,2.16,66.39,14.71,110.5,1692.1,normal,59.15,8.4,14.48,0,none,0.0
2066-04-19,M13,Compressor,1.09,44.14,5.62,43.2,761.6,idle,59.2,8.6,14.43,0,none,0.0
2066-04-20,M13,Compressor,3.37,73.89,19.4,151.9,2533.9,peak,59.47,10.4,14.16,0,none,0.0
2066-04-21,M13,Compressor,2.19,58.35,13.04,109.8,1783.3,normal,59.73,16.9,13.89,0,none,0.0
2066-04-22,M13,Compressor,2.2,55.53,13.33,110.4,1745.9,normal,59.85,9.2,13.78,0,none,0.0
2066-04-23,M13,Compressor,2.51,67.47,15.46,97.7,1744.0,normal,59.93,12.6,13.69,0,none,0.0
2066-04-24,M13,Compressor,2.49,61.86,15.24,106.0,1722.6,normal,60.38,13.0,13.24,0,none,0.0
2066-04-25,M13,Compressor,2.11,50.28,14.73,106.8,1762.2,normal,60.55,16.1,13.08,0,none,0.0
2066-04-26,M13,Compressor,2.22,65.54,15.26,111.6,1697.2,normal,61.02,8.5,12.61,0,none,0.0
2066-04-27,M13,Compressor,0.94,49.0,6.91,46.6,770.4,idle,61.1,12.6,12.53,0,none,0.0
2066-04-28,M13,Compressor,2.38,62.14,14.42,109.4,1775.7,normal,61.52,11.9,12.11,0,none,0.0
2066-04-29,M13,Compressor,2.3,66.27,15.16,113.1,1776.4,normal,61.78,14.8,11.84,0,none,0.0
2066-04-30,M13,Compressor,2.31,64.99,15.33,114.9,1672.6,normal,62.2,14.3,11.43,0,none,0.0
2066-05-01,M13,Compressor,1.06,47.72,6.41,49.9,741.6,idle,62.47,12.5,11.16,0,none,0.0
2066-05-02,M13,Compressor,0.97,46.11,5.69,43.4,750.9,idle,62.5,16.1,11.13,0,none,0.0
2066-05-03,M13,Compressor,2.55,64.58,13.46,109.0,1794.0,normal,62.65,12.6,10.98,0,none,0.0
2066-05-04,M13,Compressor,2.37,66.41,15.27,103.7,1798.6,normal,63.07,13.9,10.56,0,none,0.0
2066-05-05,M13,Compressor,3.35,64.6,21.1,160.8,2535.1,peak,63.48,15.7,10.14,0,none,0.0
2066-05-06,M13,Compressor,3.49,74.03,21.49,146.5,2570.0,peak,63.83,16.3,9.79,0,none,0.0
2066-05-07,M13,Compressor,1.06,51.41,6.61,49.0,720.6,idle,63.87,15.6,9.76,0,none,0.0
2066-05-08,M13,Compressor,2.59,51.41,6.61,118.2,720.6,normal,64.27,16.4,9.36,0,none,0.0
2066-05-09,M13,Compressor,1.08,50.63,6.88,43.4,766.6,idle,64.4,17.4,9.23,0,none,0.0
2066-05-10,M13,Compressor,2.34,54.64,14.89,106.8,1803.0,normal,64.7,15.2,8.93,0,none,0.0
2066-05-11,M13,Compressor,2.46,52.5,13.63,101.6,1708.5,normal,64.93,10.2,8.69,0,none,0.0
2066-05-12,M13,Compressor,2.43,66.1,14.48,113.8,1703.8,normal,64.98,10.9,8.64,0,none,0.0
2066-05-13,M13,Compressor,2.36,59.07,14.75,108.0,1706.8,normal,65.45,10.6,8.18,0,none,0.0
2066-05-14,M13,Compressor,2.22,54.58,15.45,103.9,1787.1,normal,65.58,14.1,8.04,0,none,0.0
2066-05-15,M13,Compressor,2.14,51.61,14.72,106.4,1799.7,normal,65.9,15.9,7.73,0,none,0.0
2066-05-16,M13,Compressor,2.53,63.6,15.04,116.8,1783.2,normal,66.38,8.2,7.24,0,none,0.0
2066-05-17,M13,Compressor,3.32,60.29,21.15,151.3,2449.0,peak,66.62,12.7,7.01,0,none,0.0
2066-05-18,M13,Compressor,2.19,61.29,13.61,104.4,1770.5,normal,66.82,11.5,6.81,0,none,0.0
2066-05-19,M13,Compressor,1.06,46.52,6.76,42.5,779.1,idle,67.27,14.2,6.36,0,none,0.0
2066-05-20,M13,Compressor,2.31,55.85,15.31,98.3,1710.8,normal,67.72,15.1,5.91,0,none,0.0
2066-05-21,M13,Compressor,2.28,57.64,15.12,116.2,1750.6,normal,67.97,9.4,5.66,0,none,0.0
2066-05-22,M13,Compressor,2.6,65.19,14.7,100.0,1743.5,normal,68.03,16.5,5.59,0,none,0.0
2066-05-23,M13,Compressor,0.94,46.41,6.53,43.5,725.5,idle,68.13,14.3,5.49,0,none,0.0
2066-05-24,M13,Compressor,2.37,50.02,14.52,117.5,1682.3,normal,68.18,16.1,5.44,0,none,0.0
2066-05-25,M13,Compressor,2.29,66.49,14.76,98.4,1714.9,normal,68.48,12.7,5.14,0,none,0.0
2066-05-26,M13,Compressor,3.45,68.3,18.62,146.2,2536.3,peak,68.6,17.6,5.03,0,none,0.0
2066-05-27,M13,Compressor,2.4,51.07,15.44,101.3,1715.6,normal,68.98,8.3,4.64,0,none,0.0
2066-05-28,M13,Compressor,3.11,71.57,21.85,149.3,2456.6,peak,69.42,15.8,4.21,0,none,0.0
2066-05-29,M13,Compressor,3.42,65.56,18.42,163.6,2522.2,peak,69.83,13.5,3.79,0,none,0.0
2066-05-30,M13,Compressor,0.96,47.92,6.25,46.2,749.8,idle,70.3,17.9,3.33,0,none,0.0
2066-05-31,M13,Compressor,2.38,57.08,13.37,111.6,1784.7,normal,70.33,14.9,3.29,0,none,0.0
2066-06-01,M13,Compressor,2.52,50.4,14.01,119.5,1660.6,normal,70.73,14.9,2.89,0,none,0.0
2066-06-02,M13,Compressor,2.49,52.27,15.06,111.8,1773.3,normal,70.82,11.7,2.81,0,none,0.0
2066-06-03,M13,Compressor,2.59,66.91,13.76,104.4,1719.2,normal,70.85,15.0,2.78,0,none,0.0
2066-06-04,M13,Compressor,2.19,56.86,13.76,107.2,1811.9,normal,71.0,17.8,2.63,0,none,0.0
2066-06-05,M13,Compressor,0.91,44.31,6.36,47.9,733.0,idle,71.38,12.6,2.24,0,none,0.0
2066-06-06,M13,Compressor,2.35,65.71,14.9,100.8,1706.9,normal,71.67,9.0,1.96,0,none,0.0
2066-06-07,M13,Compressor,2.25,62.95,15.42,102.0,1750.0,normal,71.93,12.0,1.69,0,none,0.0
2066-06-08,M13,Compressor,2.59,52.84,14.65,103.3,1818.6,normal,72.02,13.3,1.61,0,none,0.0
2066-06-09,M13,Compressor,3.07,64.03,19.02,145.6,2592.7,peak,72.1,16.5,1.53,0,none,0.0
2066-06-10,M13,Compressor,2.38,62.61,14.55,98.7,1679.0,normal,72.58,12.2,1.04,0,none,0.0
2066-06-11,M13,Compressor,3.38,70.6,20.44,156.4,2549.2,peak,72.83,17.1,0.79,0,none,0.0
2066-06-12,M13,Compressor,2.22,63.17,14.03,111.8,1696.7,normal,72.93,9.5,0.69,0,none,0.0
2066-06-13,M13,Compressor,0.93,44.23,6.71,43.6,741.8,idle,73.18,16.3,0.5,0,none,0.0
2066-06-14,M13,Compressor,1.05,47.6,5.83,43.6,744.5,idle,73.45,8.1,0.5,0,none,0.0
2066-06-15,M13,Compressor,1.01,47.14,6.86,42.0,744.1,idle,73.88,11.9,0.5,0,none,0.0
2066-06-16,M13,Compressor,1.05,51.13,6.04,47.4,754.8,idle,74.13,12.3,0.5,0,none,0.0
2066-06-17,M13,Compressor,2.2,62.26,13.62,114.6,1797.2,normal,74.38,16.3,0.5,0,none,0.0
2066-06-18,M13,Compressor,1.0,44.43,6.61,45.7,725.7,idle,74.47,16.9,0.5,0,none,0.0
2066-06-19,M13,Compressor,2.27,55.23,14.82,105.6,1749.8,normal,74.68,16.4,0.5,0,none,0.0
2066-06-20,M13,Compressor,1.0,49.79,6.58,105.6,728.1,idle,74.93,11.4,0.5,0,none,0.0
2066-06-21,M13,Compressor,0.98,45.28,6.94,49.6,747.4,idle,75.3,17.8,0.5,0,none,0.0
2066-06-22,M13,Compressor,0.91,47.0,6.84,44.3,757.3,idle,75.5,12.6,0.5,0,none,0.0
2066-06-23,M13,Compressor,0.94,50.6,6.84,46.9,757.4,idle,75.73,16.3,0.5,0,none,0.0
2066-06-24,M13,Compressor,0.94,49.66,6.22,48.0,778.1,idle,76.1,15.2,0.5,0,none,0.0
2066-06-25,M13,Compressor,1.06,48.14,6.97,46.9,723.9,idle,76.55,14.8,0.5,0,none,0.0
2066-06-26,M13,Compressor,1.05,50.56,5.7,47.4,775.2,idle,76.88,11.9,0.5,0,none,0.0
2066-06-27,M13,Compressor,0.95,48.68,5.91,48.2,754.8,idle,77.38,10.2,0.5,0,none,0.0
2066-06-28,M13,Compressor,2.31,50.52,15.36,107.4,1786.7,normal,77.5,14.5,0.5,0,none,0.0
2066-06-29,M13,Compressor,0.98,50.79,5.74,43.9,740.0,idle,77.88,16.3,0.5,0,none,0.0
2066-06-30,M13,Compressor,0.92,47.55,6.23,42.9,745.6,idle,77.97,15.2,0.5,0,none,0.0
2066-07-01,M13,Compressor,0.94,51.0,6.26,49.6,740.5,idle,78.47,15.1,0.5,0,none,0.0
2066-07-02,M13,Compressor,0.97,46.71,5.9,48.3,737.0,idle,78.52,16.0,0.5,0,none,0.0
2066-07-03,M13,Compressor,0.96,44.38,6.95,49.1,737.5,idle,78.97,14.4,0.5,0,none,0.0
2066-07-04,M13,Compressor,1.0,47.86,5.63,49.1,726.8,idle,79.4,14.1,0.5,0,none,0.0
2066-07-05,M13,Compressor,0.99,44.7,6.38,42.4,757.7,idle,79.63,14.3,0.5,0,none,0.0
2066-07-06,M13,Compressor,1.04,48.57,6.2,42.5,720.7,idle,79.78,8.6,0.5,0,none,0.0
2066-07-07,M13,Compressor,0.97,50.17,6.47,43.0,761.3,idle,79.97,12.9,0.5,0,none,0.0
2066-07-08,M13,Compressor,1.01,45.33,6.63,48.6,734.0,idle,80.17,12.2,0.5,0,none,0.0
2066-07-09,M13,Compressor,1.03,47.03,5.59,48.9,769.2,idle,80.57,14.4,0.5,0,none,0.0
2066-07-10,M13,Compressor,1.03,48.25,6.27,43.4,728.7,idle,80.93,15.1,0.5,0,none,0.0
2066-07-11,M13,Compressor,1.07,50.94,6.59,42.6,774.5,idle,81.32,16.6,0.5,0,none,0.0
2066-07-12,M13,Compressor,1.1,50.2,6.03,45.2,772.2,idle,81.47,13.1,0.5,0,none,0.0
2066-07-13,M13,Compressor,2.24,52.55,15.06,99.8,1804.2,normal,81.65,9.3,0.5,0,none,0.0
2066-07-14,M13,Compressor,3.36,66.11,21.1,145.3,2542.7,peak,82.08,16.2,0.5,0,none,0.0
2066-07-15,M13,Compressor,3.36,65.48,18.87,161.6,2450.1,peak,82.47,17.0,0.5,0,none,0.0
2066-07-16,M13,Compressor,2.34,52.85,15.43,99.9,1786.5,normal,82.5,13.5,0.5,0,none,0.0
2066-07-17,M13,Compressor,2.23,54.61,14.05,116.2,1766.9,normal,82.93,11.2,0.5,0,none,0.0
2066-07-18,M13,Compressor,1.07,44.38,6.93,42.6,763.3,idle,83.33,12.0,0.5,0,none,0.0
2066-07-19,M13,Compressor,0.94,50.73,6.79,46.4,744.2,idle,83.72,17.1,0.5,0,none,0.0
2066-07-20,M13,Compressor,3.48,72.48,20.95,163.1,2525.3,peak,83.75,13.8,0.5,0,none,0.0
2066-07-21,M13,Compressor,3.48,60.29,14.22,111.4,1745.4,normal,83.8,8.8,0.5,0,none,0.0
2066-07-22,M13,Compressor,2.47,66.82,13.93,105.3,1652.6,normal,84.1,17.3,0.5,0,none,0.0
2066-07-23,M13,Compressor,1.01,45.05,6.57,48.2,763.4,idle,84.27,10.0,0.5,0,none,0.0
2066-07-24,M13,Compressor,2.37,59.62,14.62,108.9,1777.5,normal,84.42,13.3,0.5,0,none,0.0
2066-07-25,M13,Compressor,3.54,65.72,18.44,147.6,2475.2,peak,84.82,13.2,0.5,0,none,0.0
2066-07-26,M13,Compressor,2.35,54.05,14.13,98.4,1690.9,normal,85.08,17.2,0.5,0,none,0.0
2066-07-27,M13,Compressor,2.47,67.74,13.47,103.5,1709.6,normal,85.23,9.4,0.5,0,none,0.0
2066-07-28,M13,Compressor,0.94,45.63,5.7,49.3,759.0,idle,85.73,8.9,0.5,0,none,0.0
2066-07-29,M13,Compressor,2.25,54.65,14.47,112.4,1693.0,normal,85.98,9.4,0.5,0,none,0.0
2066-07-30,M13,Compressor,2.27,55.23,13.22,104.7,1740.7,normal,86.43,15.5,0.5,0,none,0.0
2066-07-31,M13,Compressor,2.43,57.5,15.46,110.7,1800.7,normal,86.58,12.1,0.5,0,none,0.0
2066-08-01,M13,Compressor,2.56,64.79,13.67,105.8,1650.1,normal,86.87,14.0,0.5,0,none,0.0
2066-08-02,M13,Compressor,2.33,55.29,13.28,116.0,1764.5,normal,87.0,13.3,0.5,0,none,0.0
2066-08-03,M13,Compressor,2.6,58.97,13.83,101.6,1724.0,normal,87.42,12.8,0.5,0,none,0.0
2066-08-04,M13,Compressor,0.96,51.93,5.77,42.1,727.8,idle,87.77,14.4,0.5,0,none,0.0
2066-08-05,M13,Compressor,1.08,49.55,6.68,44.6,757.4,idle,88.1,9.0,0.5,0,none,0.0
2066-08-06,M13,Compressor,2.45,55.88,14.81,110.7,1700.4,normal,88.48,15.1,0.5,0,none,0.0
2066-08-07,M13,Compressor,2.13,54.28,14.55,110.0,1736.3,normal,88.53,11.5,0.5,0,none,0.0
2066-08-08,M13,Compressor,0.95,47.56,5.72,110.0,772.1,idle,88.83,11.8,0.5,0,none,0.0
2066-08-09,M13,Compressor,2.33,53.83,15.07,102.8,772.1,normal,89.1,10.1,0.5,0,none,0.0
2066-08-10,M13,Compressor,0.92,49.74,6.19,45.4,776.1,idle,89.18,9.9,0.5,0,none,0.0
2066-08-11,M13,Compressor,2.35,50.3,15.4,95.3,1741.1,normal,89.48,14.7,0.5,0,none,0.0
2066-08-12,M13,Compressor,2.42,66.1,14.7,115.3,1780.9,normal,89.95,12.6,0.5,0,none,0.0
2066-08-13,M13,Compressor,2.21,62.61,14.59,101.1,1671.8,normal,90.18,8.1,0.5,0,none,0.0
2066-08-14,M13,Compressor,2.48,67.48,14.85,113.7,1678.3,normal,90.63,12.4,0.5,0,none,0.0
2066-08-15,M13,Compressor,0.95,48.69,5.55,47.3,728.7,idle,91.12,10.6,0.5,0,none,0.0
2066-08-16,M13,Compressor,2.31,55.76,13.27,109.5,1711.4,normal,91.38,15.2,0.5,0,none,0.0
2066-08-17,M13,Compressor,0.91,47.56,6.39,43.0,755.1,idle,91.87,11.0,0.5,0,none,0.0
2066-08-18,M13,Compressor,2.25,54.67,14.99,106.7,1714.2,normal,92.35,13.2,0.5,0,none,0.0
2066-08-19,M13,Compressor,3.49,73.21,19.26,146.0,2508.1,peak,92.55,9.1,0.5,0,none,0.0
2066-08-20,M13,Compressor,3.49,60.58,14.72,111.2,1812.5,normal,92.88,12.8,0.5,0,none,0.0
2066-08-21,M13,Compressor,2.53,52.37,14.13,106.4,1727.6,normal,92.95,10.5,0.5,0,none,0.0
2066-08-22,M13,Compressor,1.09,46.62,6.42,49.2,723.0,idle,93.35,14.3,0.5,0,none,0.0
2066-08-23,M13,Compressor,2.54,63.77,13.52,103.1,1702.8,normal,93.53,14.4,0.5,0,none,0.0
2066-08-24,M13,Compressor,0.94,49.11,6.97,43.3,733.9,idle,93.57,16.3,0.5,0,none,0.0
2066-08-25,M13,Compressor,2.25,66.88,14.56,100.3,1786.7,normal,93.6,11.5,0.5,0,none,0.0
2066-08-26,M13,Compressor,2.56,66.88,13.43,102.8,1686.9,normal,94.1,14.8,0.5,0,none,0.0
2066-08-27,M13,Compressor,2.2,53.07,15.19,97.2,1720.3,normal,94.5,8.4,0.5,0,none,0.0
2066-08-28,M13,Compressor,2.2,53.07,15.19,97.2,1819.8,normal,94.75,13.3,0.5,0,none,0.0
2066-08-29,M13,Compressor,2.12,52.46,14.97,119.4,1812.2,normal,95.05,10.3,0.5,0,none,0.0
2066-08-30,M13,Compressor,2.5,67.51,15.1,96.5,1793.8,normal,95.43,9.8,0.5,0,none,0.0
2066-08-31,M13,Compressor,2.34,58.22,13.01,110.5,1764.2,normal,95.68,13.4,0.5,0,none,0.0
2066-09-01,M13,Compressor,2.5,55.87,13.32,106.0,1711.6,normal,95.83,14.1,0.5,0,none,0.0
2066-09-02,M13,Compressor,2.48,54.13,13.35,106.0,1756.8,normal,96.15,17.2,0.5,0,none,0.0
2066-09-03,M13,Compressor,2.24,52.06,14.1,119.0,1814.4,normal,96.6,10.6,0.5,0,none,0.0
2066-09-04,M13,Compressor,2.45,63.99,13.51,104.4,1752.8,normal,96.7,17.5,0.5,0,none,0.0
2066-09-05,M13,Compressor,1.05,45.33,6.19,43.3,758.0,idle,97.13,9.2,0.5,0,none,0.0
2066-09-06,M13,Compressor,1.05,50.67,6.6,43.3,769.7,idle,97.62,9.9,0.5,0,none,0.0
2066-09-07,M13,Compressor,0.97,50.69,5.88,45.8,754.6,idle,97.83,11.1,0.5,0,none,0.0
2066-09-08,M13,Compressor,0.91,51.23,6.27,43.5,729.6,idle,98.12,16.3,0.5,0,none,0.0
2066-09-09,M13,Compressor,1.04,44.65,6.16,46.3,734.0,idle,98.3,16.1,0.5,0,none,0.0
2066-09-10,M13,Compressor,0.93,47.93,6.01,43.1,732.6,idle,98.38,15.7,0.5,0,none,0.0
2066-09-11,M13,Compressor,0.99,45.06,6.9,48.2,739.5,idle,98.75,14.5,0.5,0,none,0.0
2066-09-12,M13,Compressor,0.95,50.99,6.14,48.9,764.5,idle,98.93,12.6,0.5,0,none,0.0
2066-09-13,M14,Compressor,0.92,50.51,36.0,47.4,733.1,idle,248.86,14.5,86.42,0,none,0.0
2066-09-14,M14,Compressor,0.92,50.51,5.79,45.5,725.5,idle,249.31,10.5,85.97,0,none,0.0
2066-09-15,M14,Compressor,2.55,52.14,14.91,118.5,1675.2,normal,249.63,15.1,85.65,0,none,0.0
2066-09-16,M14,Compressor,0.97,49.85,6.57,42.3,724.2,idle,250.01,12.6,85.27,0,none,0.0
2066-09-17,M14,Compressor,0.92,48.54,5.58,46.7,740.5,idle,250.08,12.4,85.2,0,none,0.0
2066-09-18,M14,Compressor,1.03,50.26,6.69,42.3,776.8,idle,250.36,17.1,84.92,0,none,0.0
2066-09-19,M14,Compressor,1.02,51.17,6.42,45.9,763.8,idle,250.59,18.0,84.68,0,none,0.0
2066-09-20,M14,Compressor,1.02,44.83,5.64,48.8,774.8,idle,250.73,14.0,84.55,0,none,0.0
2066-09-21,M14,Compressor,1.06,51.24,6.98,46.2,729.2,idle,251.19,14.8,84.08,0,none,0.0
2066-09-22,M14,Compressor,1.02,46.83,6.02,47.8,725.4,idle,251.38,13.7,83.9,0,none,0.0
2066-09-23,M14,Compressor,0.91,49.56,5.89,45.1,738.5,idle,251.54,13.3,83.73,0,none,0.0
2066-09-24,M14,Compressor,1.02,45.24,6.58,45.1,770.2,idle,251.93,15.9,83.35,0,none,0.0
2066-09-25,M14,Compressor,1.08,51.5,6.58,48.4,749.7,idle,252.43,14.0,82.85,0,none,0.0
2066-09-26,M14,Compressor,0.95,49.98,5.87,42.9,762.3,idle,252.54,14.4,82.73,0,none,0.0
2066-09-27,M14,Compressor,0.96,46.45,6.82,43.1,765.9,idle,253.03,16.3,82.25,0,none,0.0
2066-09-28,M14,Compressor,0.98,51.14,6.16,45.3,745.8,idle,253.38,11.9,81.9,0,none,0.0
2066-09-29,M14,Compressor,1.07,44.08,6.56,43.6,772.9,idle,253.69,8.3,81.58,0,none,0.0
2066-09-30,M14,Compressor,0.98,46.71,6.57,47.8,758.0,idle,254.09,12.6,81.18,0,none,0.0
2066-10-01,M14,Compressor,0.97,48.88,5.58,49.6,747.2,idle,254.26,16.2,81.02,0,none,0.0
2066-10-02,M14,Compressor,0.96,50.89,5.99,50.0,761.4,idle,254.63,12.5,80.65,0,none,0.0
2066-10-03,M14,Compressor,1.03,45.21,6.41,43.2,767.0,idle,254.73,17.3,80.55,0,none,0.0
2066-10-04,M14,Compressor,2.17,56.46,14.19,115.1,1757.6,normal,254.88,11.8,80.4,0,none,0.0
2066-10-05,M14,Compressor,2.47,54.39,13.59,104.5,1653.2,normal,255.13,12.1,80.15,0,none,0.0
2066-10-06,M14,Compressor,2.47,56.66,13.17,116.8,1814.5,normal,255.16,11.7,80.12,0,none,0.0
2066-10-07,M14,Compressor,2.42,56.42,14.03,101.4,1770.9,normal,255.48,16.7,79.8,0,none,0.0
2066-10-08,M14,Compressor,2.28,50.58,13.12,110.4,1699.4,normal,255.96,13.5,79.32,0,none,0.0
2066-10-09,M14,Compressor,2.18,59.94,13.7,96.8,1682.9,normal,255.99,10.5,79.28,0,none,0.0
2066-10-10,M14,Compressor,2.49,65.34,15.18,108.4,1811.7,normal,256.03,10.0,79.25,0,none,0.0
2066-10-11,M14,Compressor,2.18,62.21,14.76,96.3,1698.0,normal,256.34,17.7,78.93,0,none,0.0
2066-10-12,M14,Compressor,2.57,63.66,13.14,108.5,1760.3,normal,256.83,12.8,78.45,0,none,0.0
2066-10-13,M14,Compressor,1.09,49.73,6.46,49.3,759.7,idle,256.94,14.6,78.33,0,none,0.0
2066-10-14,M14,Compressor,2.57,58.87,14.8,110.8,1743.9,normal,257.31,17.1,77.97,0,none,0.0
2066-10-15,M14,Compressor,2.26,66.27,13.68,99.0,1771.0,normal,257.44,8.7,77.83,0,none,0.0
2066-10-16,M14,Compressor,2.37,54.73,15.18,102.2,1660.8,normal,257.93,17.0,77.35,0,none,0.0
2066-10-17,M14,Compressor,2.11,66.61,14.01,100.3,1746.4,normal,258.18,9.7,77.1,0,none,0.0
2066-10-18,M14,Compressor,2.34,68.0,15.22,101.8,1768.6,normal,258.29,15.1,76.98,0,none,0.0
2066-10-19,M14,Compressor,2.29,56.56,13.92,111.0,1741.5,normal,258.56,14.5,76.72,0,none,0.0
2066-10-20,M14,Compressor,2.29,52.75,14.06,116.5,1650.5,normal,258.68,10.7,76.6,0,none,0.0
2066-10-21,M14,Compressor,1.02,50.29,6.08,49.1,764.1,idle,258.89,15.0,76.38,0,none,0.0
2066-10-22,M14,Compressor,3.36,58.97,20.68,161.7,2546.0,peak,259.23,8.6,76.05,0,none,0.0
2066-10-23,M14,Compressor,1.01,49.72,6.97,42.1,759.8,idle,259.26,14.8,76.02,0,none,0.0
2066-10-24,M14,Compressor,2.5,61.5,13.68,42.1,1805.3,normal,259.36,9.3,75.92,0,none,0.0
2066-10-25,M14,Compressor,2.44,59.2,13.92,103.2,1773.0,normal,259.74,16.2,75.53,0,none,0.0
2066-10-26,M14,Compressor,2.4,52.82,13.35,96.8,1766.2,normal,260.09,16.2,75.18,0,none,0.0
2066-10-27,M14,Compressor,0.96,44.16,6.01,48.7,734.9,idle,260.19,12.1,75.08,0,none,0.0
2066-10-28,M14,Compressor,2.42,57.91,14.37,109.9,1727.3,normal,260.39,16.5,74.88,0,none,0.0
2066-10-29,M14,Compressor,2.13,60.22,14.37,100.0,1802.4,normal,260.58,15.0,74.7,0,none,0.0
2066-10-30,M14,Compressor,2.47,55.11,14.35,119.1,1691.7,normal,260.81,13.8,74.47,0,none,0.0
2066-10-31,M14,Compressor,2.57,62.3,14.35,119.6,1706.7,normal,261.31,13.4,73.97,0,none,0.0
2066-11-01,M14,Compressor,0.96,46.72,6.63,44.7,726.2,idle,261.68,14.2,73.6,0,none,0.0
2066-11-02,M14,Compressor,2.42,54.01,13.01,100.0,1789.2,normal,261.89,8.5,73.38,0,none,0.0
2066-11-03,M14,Compressor,1.09,49.3,5.97,45.5,731.7,idle,261.99,15.5,73.28,0,none,0.0
2066-11-04,M14,Compressor,2.54,61.98,13.21,104.2,1741.5,normal,262.14,16.5,73.13,0,none,0.0
2066-11-05,M14,Compressor,2.5,66.57,13.33,115.9,1661.2,normal,262.44,16.5,72.83,0,none,0.0
2066-11-06,M14,Compressor,0.95,44.17,5.6,42.3,728.8,idle,262.54,14.5,72.73,0,none,0.0
2066-11-07,M14,Compressor,2.54,55.11,14.2,107.2,1819.2,normal,262.71,10.2,72.57,0,none,0.0
2066-11-08,M14,Compressor,0.97,46.12,6.94,46.7,737.4,idle,263.01,9.0,72.27,0,none,0.0
2066-11-09,M14,Compressor,2.24,51.55,14.39,113.1,1730.7,normal,263.26,14.0,72.02,0,none,0.0
2066-11-10,M14,Compressor,2.54,58.71,13.87,101.3,1691.4,normal,263.48,17.1,71.8,0,none,0.0
2066-11-11,M14,Compressor,2.26,67.86,13.9,108.1,1696.7,normal,263.76,8.2,71.52,0,none,0.0
2066-11-12,M14,Compressor,2.17,61.63,14.36,96.7,1800.1,normal,264.13,12.1,71.15,0,none,0.0
2066-11-13,M14,Compressor,1.0,46.68,6.67,42.9,748.4,idle,264.29,14.0,70.98,0,none,0.0
2066-11-14,M14,Compressor,2.37,63.95,13.93,116.4,1768.6,normal,264.73,15.9,70.55,0,none,0.0
2066-11-15,M14,Compressor,1.05,51.75,6.77,44.8,758.8,idle,265.11,17.3,70.17,0,none,0.0
2066-11-16,M14,Compressor,2.53,59.45,14.71,99.3,1788.7,normal,265.29,12.7,69.98,0,none,0.0
2066-11-17,M14,Compressor,2.48,66.0,14.78,116.9,1677.6,normal,265.49,9.6,69.78,0,none,0.0
2066-11-18,M14,Compressor,2.51,67.15,15.04,110.4,1807.5,normal,265.54,14.0,69.73,0,none,0.0
2066-11-19,M14,Compressor,2.15,50.3,15.41,112.1,1669.4,normal,265.84,15.3,69.43,0,none,0.0
2066-11-20,M14,Compressor,2.27,63.48,14.88,99.2,1729.9,normal,265.93,16.5,69.35,0,none,0.0
2066-11-21,M14,Compressor,2.5,67.4,14.56,111.0,1729.8,normal,266.24,8.7,69.03,0,none,0.0
2066-11-22,M14,Compressor,3.32,56.98,19.4,155.2,2455.0,peak,266.59,12.7,68.68,0,none,0.0
2066-11-23,M14,Compressor,2.28,67.48,13.01,102.6,1749.3,normal,266.71,11.4,68.57,0,none,0.0
2066-11-24,M14,Compressor,2.24,62.18,13.75,111.0,1794.5,normal,267.01,15.4,68.27,0,none,0.0
2066-11-25,M14,Compressor,2.43,50.9,14.99,100.3,1757.9,normal,267.18,8.4,68.1,0,none,0.0
2066-11-26,M14,Compressor,2.42,64.47,14.26,104.4,1738.1,normal,267.23,9.7,68.05,0,none,0.0
2066-11-27,M14,Compressor,2.37,64.79,13.51,116.2,1712.2,normal,267.34,15.8,67.93,0,none,0.0
2066-11-28,M14,Compressor,2.47,56.04,14.77,115.0,1744.9,normal,267.58,13.4,67.7,0,none,0.0
2066-11-29,M14,Compressor,3.37,69.16,20.75,159.6,2569.9,peak,267.61,12.9,67.67,0,none,0.0
2066-11-30,M14,Compressor,3.13,59.29,21.88,162.0,2518.3,peak,267.73,16.3,67.55,0,none,0.0
2066-12-01,M14,Compressor,2.1,65.39,14.88,118.9,1652.2,normal,268.04,8.2,67.23,0,none,0.0
2066-12-02,M14,Compressor,0.91,48.14,6.78,49.9,739.2,idle,268.31,8.8,66.97,0,none,0.0
2066-12-03,M14,Compressor,2.12,53.52,15.19,106.7,1795.1,normal,268.81,16.6,66.47,0,none,0.0
2066-12-04,M14,Compressor,0.99,44.43,6.43,45.5,749.5,idle,269.24,17.9,66.03,0,none,0.0
2066-12-05,M14,Compressor,2.57,58.23,14.99,96.5,1731.4,normal,269.51,9.5,65.77,0,none,0.0
2066-12-06,M14,Compressor,2.39,52.04,13.76,113.5,1681.3,normal,269.86,11.4,65.42,0,none,0.0
2066-12-07,M14,Compressor,3.08,60.99,21.44,160.3,2555.4,peak,270.33,15.6,64.95,0,none,0.0
2066-12-08,M14,Compressor,2.26,51.78,13.08,109.7,1769.4,normal,270.81,13.0,64.47,0,none,0.0
2066-12-09,M14,Compressor,0.98,48.23,5.92,44.9,763.8,idle,271.21,10.7,64.07,0,none,0.0
2066-12-10,M14,Compressor,1.04,44.22,6.92,44.1,774.5,idle,271.68,8.1,63.6,0,none,0.0
2066-12-11,M14,Compressor,1.0,47.99,6.18,49.4,732.5,idle,271.76,14.5,63.52,0,none,0.0
2066-12-12,M14,Compressor,1.02,46.54,6.87,43.4,760.6,idle,271.84,10.1,63.43,0,none,0.0
2066-12-13,M14,Compressor,0.98,49.29,5.74,43.4,726.4,idle,272.33,15.0,62.95,0,none,0.0
2066-12-14,M14,Compressor,1.09,45.71,6.99,45.4,724.3,idle,272.51,17.8,62.77,0,none,0.0
2066-12-15,M14,Compressor,0.9,48.79,6.42,46.2,724.0,idle,272.69,14.8,62.58,0,none,0.0
2066-12-16,M14,Compressor,0.97,46.87,6.56,45.4,724.0,idle,272.73,17.1,62.55,0,none,0.0
2066-12-17,M14,Compressor,0.96,49.81,5.57,49.9,758.5,idle,272.81,8.4,62.47,0,none,0.0
2066-12-18,M14,Compressor,0.93,49.74,6.68,48.3,736.2,idle,273.31,17.0,61.97,0,none,0.0
2066-12-19,M14,Compressor,2.63,44.14,6.07,42.8,743.1,idle,273.49,15.8,61.78,0,none,0.0
2066-12-20,M14,Compressor,0.91,49.16,5.59,46.9,734.0,idle,273.54,11.6,61.73,0,none,0.0
2066-12-21,M14,Compressor,0.94,46.78,6.46,46.6,760.8,idle,273.83,17.0,61.45,0,none,0.0
2066-12-22,M14,Compressor,1.08,45.63,6.12,44.1,755.2,idle,274.29,12.8,60.98,0,none,0.0
2066-12-23,M14,Compressor,0.96,48.46,6.73,46.4,770.3,idle,274.48,10.4,60.8,0,none,0.0
2066-12-24,M14,Compressor,2.41,65.67,6.73,107.7,1784.4,normal,274.98,17.4,60.3,0,none,0.0
2066-12-25,M14,Compressor,0.99,49.64,5.56,107.7,773.7,idle,275.29,12.4,59.98,0,none,0.0
2066-12-26,M14,Compressor,1.08,46.25,5.92,45.2,772.8,idle,275.68,8.3,59.6,0,none,0.0
2066-12-27,M14,Compressor,1.07,46.32,6.31,45.8,759.0,idle,276.03,15.8,59.25,0,none,0.0
2066-12-28,M14,Compressor,0.94,44.68,5.54,45.0,776.8,idle,276.08,14.9,59.2,0,none,0.0
2066-12-29,M14,Compressor,1.04,49.99,6.92,45.4,748.5,idle,276.33,14.4,58.95,0,none,0.0
2066-12-30,M14,Compressor,0.97,45.45,6.65,49.2,768.8,idle,276.51,14.7,58.77,0,none,0.0
2066-12-31,M14,Compressor,0.91,46.39,6.39,44.6,729.0,idle,276.81,10.6,58.47,0,none,0.0
2067-01-01,M14,Compressor,1.01,48.17,6.56,50.0,758.9,idle,277.24,14.8,58.03,0,none,0.0
2067-01-02,M14,Compressor,0.96,51.65,6.36,47.2,741.5,idle,277.36,11.2,57.92,0,none,0.0
2067-01-03,M14,Compressor,0.99,47.35,6.9,48.5,725.4,idle,277.84,16.8,57.43,0,none,0.0
2067-01-04,M14,Compressor,0.96,44.45,6.28,44.2,724.4,idle,278.11,17.8,57.17,0,none,0.0
2067-01-05,M14,Compressor,1.05,44.73,5.91,48.2,750.7,idle,278.58,13.6,56.7,0,none,0.0
2067-01-06,M14,Compressor,1.06,47.32,6.72,46.3,725.3,idle,278.94,17.3,56.33,0,none,0.0
2067-01-07,M14,Compressor,2.34,59.96,14.53,118.2,1681.2,normal,279.43,11.4,55.85,0,none,0.0
2067-01-08,M14,Compressor,2.4,63.54,15.22,108.1,1686.4,normal,279.69,11.6,55.58,0,none,0.0
2067-01-09,M14,Compressor,2.51,63.54,13.27,100.7,1798.2,normal,279.79,12.1,55.48,0,none,0.0
2067-01-10,M14,Compressor,3.29,58.38,20.58,154.2,2593.6,peak,279.99,16.8,55.28,0,none,0.0
2067-01-11,M14,Compressor,2.21,56.52,13.42,96.2,1696.6,normal,280.21,17.6,55.07,0,none,0.0
2067-01-12,M14,Compressor,2.51,54.81,14.74,108.2,1738.3,normal,280.64,17.9,54.63,0,none,0.0
2067-01-13,M14,Compressor,2.51,61.12,14.74,100.5,1742.4,normal,280.94,9.7,54.33,0,none,0.0
2067-01-14,M14,Compressor,2.52,52.74,13.27,107.9,1682.1,normal,281.18,17.7,54.1,0,none,0.0
2067-01-15,M14,Compressor,2.6,50.08,14.12,107.9,1765.8,normal,281.46,8.4,53.82,0,none,0.0
2067-01-16,M14,Compressor,2.42,64.53,14.41,99.7,1765.8,normal,281.51,11.5,53.77,0,none,0.0
2067-01-17,M14,Compressor,2.46,57.92,13.56,101.3,1675.3,normal,281.74,11.4,53.53,0,none,0.0
2067-01-18,M14,Compressor,2.24,64.26,14.55,119.7,1739.1,normal,281.89,12.4,53.38,0,none,0.0
2067-01-19,M14,Compressor,2.36,53.44,14.47,110.2,1685.1,normal,282.19,13.8,53.08,0,none,0.0
2067-01-20,M14,Compressor,2.14,56.64,13.43,107.6,1739.4,normal,282.56,13.1,52.72,0,none,0.0
2067-01-21,M14,Compressor,2.4,60.85,13.43,100.8,1774.2,normal,282.74,10.9,52.53,0,none,0.0
2067-01-22,M14,Compressor,1.0,60.85,6.47,46.0,751.5,idle,282.83,11.1,52.45,0,none,0.0
2067-01-23,M14,Compressor,2.11,64.44,14.06,108.0,1716.3,normal,282.88,15.5,52.4,0,none,0.0
2067-01-24,M14,Compressor,1.01,44.43,6.08,47.4,776.3,idle,283.01,12.8,52.27,0,none,0.0
2067-01-25,M14,Compressor,2.52,67.33,14.95,110.8,1722.0,normal,283.26,11.3,52.02,0,none,0.0
2067-01-26,M14,Compressor,0.92,46.01,5.91,45.4,756.6,idle,283.34,13.2,51.93,0,none,0.0
2067-01-27,M14,Compressor,2.41,58.2,13.69,96.4,1818.1,normal,283.68,9.2,51.6,0,none,0.0
2067-01-28,M14,Compressor,2.57,53.29,14.51,102.4,1683.0,normal,283.99,16.6,51.28,0,none,0.0
2067-01-29,M14,Compressor,1.04,50.29,6.11,42.5,744.1,idle,284.21,11.5,51.07,0,none,0.0
2067-01-30,M14,Compressor,2.37,66.08,14.64,112.8,1684.5,normal,284.54,9.8,50.73,0,none,0.0
2067-01-31,M14,Compressor,3.43,65.04,21.28,149.3,1684.5,peak,284.84,14.7,50.43,0,none,0.0
2067-02-01,M14,Compressor,2.56,46.29,6.75,47.5,763.7,idle,284.99,14.5,50.28,0,none,0.0
2067-02-02,M14,Compressor,2.13,63.12,14.23,106.5,1720.2,normal,285.18,14.7,50.1,0,none,0.0
2067-02-03,M14,Compressor,1.07,45.42,6.72,49.4,730.1,idle,285.44,16.9,49.83,0,none,0.0
2067-02-04,M14,Compressor,2.6,67.83,14.55,101.7,1723.0,normal,285.86,13.2,49.42,0,none,0.0
2067-02-05,M14,Compressor,2.19,52.16,14.76,109.5,1723.0,normal,286.34,14.9,48.93,0,none,0.0
2067-02-06,M14,Compressor,0.95,45.88,6.98,47.0,769.2,idle,286.61,12.6,48.67,0,none,0.0
2067-02-07,M14,Compressor,2.29,65.19,14.81,103.8,1772.0,normal,287.08,8.5,48.2,0,none,0.0
2067-02-08,M14,Compressor,2.56,53.85,14.37,119.2,1789.6,normal,287.24,17.7,48.03,0,none,0.0
2067-02-09,M14,Compressor,2.41,51.26,14.37,111.3,1719.6,normal,287.73,11.3,47.55,0,none,0.0
2067-02-10,M14,Compressor,2.6,63.56,13.47,107.3,1715.3,normal,287.83,17.9,47.45,0,none,0.0
2067-02-11,M14,Compressor,1.02,47.57,5.86,47.8,726.4,idle,287.98,13.7,47.3,0,none,0.0
2067-02-12,M14,Compressor,2.37,55.58,15.42,102.6,1708.0,normal,288.14,18.0,47.13,0,none,0.0
2067-02-13,M14,Compressor,3.42,57.57,19.3,158.9,2406.2,peak,288.28,11.1,47.0,0,none,0.0
2067-02-14,M14,Compressor,2.26,50.15,13.38,110.1,1727.6,normal,288.56,17.5,46.72,0,none,0.0
2067-02-15,M14,Compressor,2.18,51.4,13.14,97.1,1666.3,normal,288.88,15.2,46.4,0,none,0.0
2067-02-16,M14,Compressor,2.14,50.99,14.74,118.5,1795.5,normal,289.13,14.3,46.15,0,none,0.0
2067-02-17,M14,Compressor,0.95,45.63,5.57,43.2,754.1,idle,289.19,13.3,46.08,0,none,0.0
2067-02-18,M14,Compressor,1.1,50.87,6.27,45.4,728.9,idle,289.48,11.8,45.8,0,none,0.0
2067-02-19,M14,Compressor,2.31,60.71,14.49,108.9,1790.1,normal,289.89,14.7,45.38,0,none,0.0
2067-02-20,M14,Compressor,2.36,58.51,13.76,99.5,1650.2,normal,290.21,8.8,45.07,0,none,0.0
2067-02-21,M14,Compressor,2.26,61.4,14.4,108.3,1781.3,normal,290.56,11.2,44.72,0,none,0.0
2067-02-22,M14,Compressor,2.22,62.21,14.52,103.5,1687.2,normal,290.98,14.9,44.3,0,none,0.0
2067-02-23,M14,Compressor,2.38,67.01,13.19,118.8,1729.0,normal,291.44,8.4,43.83,0,none,0.0
2067-02-24,M14,Compressor,2.46,64.46,13.38,96.1,1671.8,normal,291.89,11.2,43.38,0,none,0.0
2067-02-25,M14,Compressor,2.27,67.22,13.11,118.0,1745.4,normal,292.28,17.9,43.0,0,none,0.0
2067-02-26,M14,Compressor,2.15,52.75,14.72,110.2,1678.5,normal,292.31,15.0,42.97,0,none,0.0
2067-02-27,M14,Compressor,2.55,52.39,14.28,108.2,1798.0,normal,292.59,9.4,42.68,0,none,0.0
2067-02-28,M14,Compressor,3.01,57.73,18.68,146.3,2526.3,peak,292.96,13.3,42.32,0,none,0.0
2067-03-01,M14,Compressor,3.14,66.53,21.13,153.2,2553.8,peak,293.14,14.2,42.13,0,none,0.0
2067-03-02,M14,Compressor,1.06,46.11,5.52,42.8,769.4,idle,293.46,17.4,41.82,0,none,0.0
2067-03-03,M14,Compressor,2.3,65.1,14.37,99.9,1771.1,normal,293.71,11.7,41.57,0,none,0.0
2067-03-04,M14,Compressor,1.01,46.81,5.63,42.8,731.3,idle,294.19,14.4,41.08,0,none,0.0
2067-03-05,M14,Compressor,2.44,63.1,14.58,103.4,1724.9,normal,294.44,10.3,40.83,0,none,0.0
2067-03-06,M14,Compressor,2.45,61.88,14.93,101.0,1650.8,normal,294.73,12.5,40.55,0,none,0.0
2067-03-07,M14,Compressor,0.95,46.78,6.94,43.7,769.6,idle,294.86,13.2,40.42,0,none,0.0
2067-03-08,M14,Compressor,1.02,45.34,6.11,46.1,740.6,idle,295.26,13.8,40.02,0,none,0.0
2067-03-09,M14,Compressor,0.95,46.02,6.38,47.5,748.1,idle,295.44,15.4,39.83,0,none,0.0
2067-03-10,M14,Compressor,1.09,49.83,6.84,45.8,720.9,idle,295.88,10.6,39.4,0,none,0.0
2067-03-11,M14,Compressor,1.02,50.55,6.3,46.5,720.9,idle,296.21,10.0,39.07,0,none,0.0
2067-03-12,M14,Compressor,0.97,50.41,6.26,45.7,728.7,idle,296.66,13.2,38.62,0,none,0.0
2067-03-13,M14,Compressor,1.05,50.59,6.15,48.1,754.9,idle,297.08,11.5,38.2,0,none,0.0
2067-03-14,M14,Compressor,0.95,51.39,6.55,49.0,736.9,idle,297.54,17.2,37.73,0,none,0.0
2067-03-15,M14,Compressor,1.08,46.92,5.51,49.0,725.4,idle,297.98,9.8,37.3,0,none,0.0
2067-03-16,M14,Compressor,0.94,45.49,5.59,49.2,769.7,idle,298.38,15.7,36.9,0,none,0.0
2067-03-17,M14,Compressor,1.05,47.83,6.14,45.4,735.7,idle,298.58,15.8,36.7,0,none,0.0
2067-03-18,M14,Compressor,1.02,44.47,6.49,46.1,769.0,idle,298.93,16.2,36.35,0,none,0.0
2067-03-19,M14,Compressor,1.02,51.01,6.58,45.5,732.9,idle,299.06,15.0,36.22,0,none,0.0
2067-03-20,M14,Compressor,1.03,45.61,5.53,46.6,743.6,idle,299.16,12.6,36.12,0,none,0.0
2067-03-21,M14,Compressor,2.54,61.62,14.62,114.7,1707.1,normal,299.53,8.3,35.75,0,none,0.0
2067-03-22,M14,Compressor,1.09,45.77,6.81,49.3,722.3,idle,299.83,8.4,35.45,0,none,0.0
2067-03-23,M14,Compressor,1.09,50.0,6.93,44.0,753.7,idle,300.06,14.3,35.22,0,none,0.0
2067-03-24,M14,Compressor,1.05,45.19,6.78,45.2,758.4,idle,300.34,16.3,34.93,0,none,0.0
2067-03-25,M14,Compressor,0.91,45.78,6.22,44.3,777.5,idle,300.51,10.8,34.77,0,none,0.0
2067-03-26,M14,Compressor,1.06,50.92,6.2,45.8,768.3,idle,300.76,14.5,34.52,0,none,0.0
2067-03-27,M14,Compressor,0.98,47.85,6.29,46.9,759.0,idle,301.26,17.7,34.02,0,none,0.0
2067-03-28,M14,Compressor,1.04,47.55,5.94,49.4,769.6,idle,301.39,11.7,33.88,0,none,0.0
2067-03-29,M14,Compressor,0.9,48.1,5.91,47.1,750.2,idle,301.56,12.0,33.72,0,none,0.0
2067-03-30,M14,Compressor,0.9,49.82,5.91,47.1,721.9,idle,301.68,13.5,33.6,0,none,0.0
2067-03-31,M14,Compressor,1.07,48.63,6.23,47.4,740.7,idle,301.96,9.7,33.32,0,none,0.0
2067-04-01,M14,Compressor,1.01,45.99,5.59,46.5,733.3,idle,302.06,15.2,33.22,0,none,0.0
2067-04-02,M14,Compressor,1.05,47.61,5.88,46.9,727.0,idle,302.56,14.8,32.72,0,none,0.0
2067-04-03,M14,Compressor,2.48,58.14,15.03,98.5,1715.0,normal,302.98,11.5,32.3,0,none,0.0
2067-04-04,M14,Compressor,2.19,51.1,15.39,113.2,1705.3,normal,303.46,9.3,31.82,0,none,0.0
2067-04-05,M14,Compressor,0.95,45.63,5.56,42.8,726.2,idle,303.59,17.2,31.68,0,none,0.0
2067-04-06,M14,Compressor,2.43,60.7,14.42,113.4,1692.7,normal,303.81,15.3,31.47,0,none,0.0
2067-04-07,M14,Compressor,0.97,45.01,6.38,49.5,771.8,idle,304.26,13.4,31.02,0,none,0.0
2067-04-08,M14,Compressor,2.38,61.6,15.48,107.9,1798.0,normal,304.38,14.3,30.9,0,none,0.0
2067-04-09,M14,Compressor,2.35,50.86,15.34,97.8,1769.7,normal,304.81,15.2,30.47,0,none,0.0
2067-04-10,M14,Compressor,2.22,66.22,13.5,98.5,1724.6,normal,304.96,14.6,30.32,0,none,0.0
2067-04-11,M14,Compressor,1.0,50.55,6.64,44.6,743.1,idle,305.06,10.6,30.22,0,none,0.0
2067-04-12,M14,Compressor,1.0,59.93,15.16,106.8,1801.9,normal,305.56,15.2,29.72,0,none,0.0
2067-04-13,M14,Compressor,0.94,50.94,5.96,48.3,753.9,idle,305.78,17.0,29.5,0,none,0.0
2067-04-14,M14,Compressor,1.08,45.85,6.55,48.8,766.6,idle,305.83,16.9,29.45,0,none,0.0
2067-04-15,M14,Compressor,3.34,68.51,18.79,149.3,2453.5,peak,305.91,14.1,29.37,0,none,0.0
2067-04-16,M14,Compressor,2.51,53.01,13.75,149.3,1778.4,normal,305.94,14.6,29.33,0,none,0.0
2067-04-17,M14,Compressor,2.47,58.19,14.76,109.1,1662.2,normal,306.29,11.6,28.98,0,none,0.0
2067-04-18,M14,Compressor,2.39,58.14,13.28,103.6,1802.1,normal,306.66,10.7,28.62,0,none,0.0
2067-04-19,M14,Compressor,2.5,66.45,14.79,103.6,1673.7,normal,306.96,15.5,28.32,0,none,0.0
2067-04-20,M14,Compressor,2.15,54.44,13.79,110.2,1799.1,normal,307.21,17.0,28.07,0,none,0.0
2067-04-21,M14,Compressor,2.55,62.28,14.43,101.1,1809.5,normal,307.59,11.3,27.68,0,none,0.0
2067-04-22,M14,Compressor,2.44,59.6,13.26,115.7,1709.3,normal,307.81,13.1,27.47,0,none,0.0
2067-04-23,M14,Compressor,2.55,53.03,13.12,105.9,1663.3,normal,308.14,13.3,27.13,0,none,0.0
2067-04-24,M14,Compressor,2.55,53.03,13.12,105.9,1747.0,normal,308.24,16.8,27.03,0,none,0.0
2067-04-25,M14,Compressor,2.17,56.94,13.17,105.5,1681.0,normal,308.59,12.4,26.68,0,none,0.0
2067-04-26,M14,Compressor,1.97,46.54,5.51,48.1,729.5,idle,308.89,13.8,26.38,0,none,0.0
2067-04-27,M14,Compressor,2.41,64.99,15.29,108.9,1784.0,normal,308.94,11.5,26.33,0,none,0.0
2067-04-28,M14,Compressor,2.33,58.82,14.37,111.8,1763.9,normal,309.16,17.6,26.12,0,none,0.0
2067-04-29,M14,Compressor,1.06,48.94,6.82,47.7,775.7,idle,309.63,10.0,25.65,0,none,0.0
2067-04-30,M14,Compressor,2.48,63.3,15.15,111.4,1680.5,normal,309.93,14.2,25.35,0,none,0.0
2067-05-01,M14,Compressor,3.05,61.32,21.26,145.4,2430.0,peak,310.34,12.1,24.93,0,none,0.0
2067-05-02,M14,Compressor,2.15,50.67,15.03,102.0,1773.9,normal,310.58,14.7,24.7,0,none,0.0
2067-05-03,M14,Compressor,2.15,57.36,13.29,95.1,1754.2,normal,310.61,12.6,24.67,0,none,0.0
2067-05-04,M14,Compressor,2.15,57.5,13.2,109.7,1782.6,normal,310.83,12.5,24.45,0,none,0.0
2067-05-05,M14,Compressor,2.13,57.44,13.78,117.3,1694.7,normal,311.03,12.1,24.25,0,none,0.0
2067-05-06,M14,Compressor,2.57,64.91,13.25,107.0,1760.3,normal,311.49,15.8,23.78,0,none,0.0
2067-05-07,M14,Compressor,2.4,62.23,14.07,117.6,1696.0,normal,311.79,14.1,23.48,0,none,0.0
2067-05-08,M14,Compressor,2.15,67.6,14.63,111.5,1789.0,normal,312.21,12.0,23.07,0,none,0.0
2067-05-09,M14,Compressor,2.15,67.6,21.8,152.7,1789.0,peak,312.53,16.7,22.75,0,none,0.0
2067-05-10,M14,Compressor,0.96,50.99,5.64,47.7,736.0,idle,312.81,15.5,22.47,0,none,0.0
2067-05-11,M14,Compressor,2.47,59.26,14.59,101.1,1678.6,normal,313.21,10.0,22.07,0,none,0.0
2067-05-12,M14,Compressor,2.13,64.86,14.78,102.3,1792.3,normal,313.39,10.5,21.88,0,none,0.0
2067-05-13,M14,Compressor,2.52,52.48,14.78,102.3,1729.4,normal,313.43,10.4,21.85,0,none,0.0
2067-05-14,M14,Compressor,2.52,60.8,13.87,96.8,1764.3,normal,313.49,16.7,21.78,0,none,0.0
2067-05-15,M14,Compressor,2.58,62.02,14.35,99.1,1756.3,normal,313.96,13.6,21.32,0,none,0.0
2067-05-16,M14,Compressor,1.02,48.95,6.84,47.7,767.0,idle,314.43,15.4,20.85,0,none,0.0
2067-05-17,M14,Compressor,2.26,54.87,13.52,114.5,1768.8,normal,314.58,10.4,20.7,0,none,0.0
2067-05-18,M14,Compressor,2.27,52.54,15.12,104.6,1682.3,normal,314.91,14.7,20.37,0,none,0.0
2067-05-19,M14,Compressor,2.17,66.55,13.33,104.0,1757.5,normal,315.36,11.0,19.92,0,none,0.0
2067-05-20,M14,Compressor,2.3,58.59,15.01,120.0,1729.4,normal,315.76,8.5,19.52,0,none,0.0
2067-05-21,M14,Compressor,2.29,57.32,13.92,106.8,1706.6,normal,316.23,12.0,19.05,0,none,0.0
2067-05-22,M14,Compressor,0.99,51.56,5.93,47.2,749.2,idle,316.33,10.2,18.95,0,none,0.0
2067-05-23,M14,Compressor,2.47,58.5,13.4,116.8,1764.9,normal,316.64,16.6,18.63,0,none,0.0
2067-05-24,M14,Compressor,2.36,64.96,15.44,105.2,1710.0,normal,317.08,8.0,18.2,0,none,0.0
2067-05-25,M14,Compressor,2.48,58.18,13.21,103.9,1787.5,normal,317.51,10.9,17.77,0,none,0.0
2067-05-26,M14,Compressor,2.45,65.53,13.37,101.1,1686.5,normal,317.71,9.5,17.57,0,none,0.0
2067-05-27,M14,Compressor,2.59,53.04,14.49,110.8,1755.2,normal,318.13,9.7,17.15,0,none,0.0
2067-05-28,M14,Compressor,2.45,58.71,13.21,112.5,1697.8,normal,318.28,10.3,17.0,0,none,0.0
2067-05-29,M14,Compressor,0.92,45.36,5.93,45.5,771.7,idle,318.38,8.6,16.9,0,none,0.0
2067-05-30,M14,Compressor,2.37,58.5,13.48,119.0,1804.5,normal,318.41,9.3,16.87,0,none,0.0
2067-05-31,M14,Compressor,3.49,61.46,20.25,152.8,2480.6,peak,318.71,9.7,16.57,0,none,0.0
2067-06-01,M14,Compressor,0.91,45.12,6.94,46.9,720.4,idle,319.09,10.6,16.18,0,none,0.0
2067-06-02,M14,Compressor,1.06,44.7,6.56,47.0,723.8,idle,319.24,14.4,16.03,0,none,0.0
2067-06-03,M14,Compressor,1.01,44.38,5.6,42.4,735.3,idle,319.71,9.0,15.57,0,none,0.0
2067-06-04,M14,Compressor,1.06,46.9,6.46,43.0,776.0,idle,319.86,15.6,15.42,0,none,0.0
2067-06-05,M14,Compressor,1.0,44.2,6.31,43.5,731.8,idle,320.21,11.8,15.07,0,none,0.0
2067-06-06,M14,Compressor,2.4,54.07,13.53,108.5,1690.0,normal,320.58,18.0,14.7,0,none,0.0
2067-06-07,M14,Compressor,0.92,47.27,5.58,108.5,747.1,idle,320.69,16.9,14.58,0,none,0.0
2067-06-08,M14,Compressor,0.9,45.8,6.94,46.0,741.5,idle,321.09,12.1,14.18,0,none,0.0
2067-06-09,M14,Compressor,0.96,47.34,5.82,48.0,750.5,idle,321.38,10.9,13.9,0,none,0.0
2067-06-10,M14,Compressor,1.05,46.04,5.5,49.7,750.7,idle,321.88,15.5,13.4,0,none,0.0
2067-06-11,M14,Compressor,2.14,51.87,14.09,112.4,1717.4,normal,322.38,16.7,12.9,0,none,0.0
2067-06-12,M14,Compressor,1.06,46.63,5.57,42.1,771.6,idle,322.64,11.6,12.63,0,none,0.0
2067-06-13,M14,Compressor,1.1,45.06,5.59,49.3,726.0,idle,322.88,10.8,12.4,0,none,0.0
2067-06-14,M14,Compressor,0.95,50.41,7.0,45.9,732.6,idle,323.19,14.4,12.08,0,none,0.0
2067-06-15,M14,Compressor,1.07,47.15,5.91,45.9,771.4,idle,323.24,11.9,12.03,0,none,0.0
2067-06-16,M14,Compressor,2.22,57.63,14.11,45.9,1764.9,normal,323.74,11.8,11.53,0,none,0.0
2067-06-17,M14,Compressor,1.06,49.55,6.39,43.1,770.0,idle,323.84,9.9,11.43,0,none,0.0
2067-06-18,M14,Compressor,1.02,49.61,6.67,44.5,746.2,idle,323.93,11.3,11.35,0,none,0.0
2067-06-19,M14,Compressor,1.01,46.74,5.89,48.2,765.2,idle,324.21,9.6,11.07,0,none,0.0
2067-06-20,M14,Compressor,1.07,49.57,5.97,44.6,751.7,idle,324.28,17.3,11.0,0,none,0.0
2067-06-21,M14,Compressor,1.07,46.77,6.65,44.5,740.3,idle,324.71,9.9,10.57,0,none,0.0
2067-06-22,M14,Compressor,1.05,49.43,5.81,48.6,767.1,idle,324.81,16.1,10.47,0,none,0.0
2067-06-23,M14,Compressor,1.06,47.76,5.99,48.8,755.3,idle,325.19,12.7,10.08,0,none,0.0
2067-06-24,M14,Compressor,2.57,54.57,15.44,104.5,1715.4,normal,325.46,10.0,9.82,0,none,0.0
2067-06-25,M14,Compressor,0.95,51.72,5.56,45.8,741.9,idle,325.88,14.9,9.4,0,none,0.0
2067-06-26,M14,Compressor,2.18,62.84,15.25,101.1,1734.6,normal,326.01,9.6,9.27,0,none,0.0
2067-06-27,M14,Compressor,1.02,47.12,6.88,45.7,779.0,idle,326.18,13.9,9.1,0,none,0.0
2067-06-28,M14,Compressor,0.96,44.59,6.36,48.6,743.3,idle,326.29,9.6,8.98,0,none,0.0
2067-06-29,M14,Compressor,2.19,63.29,13.68,114.2,1694.6,normal,326.59,10.0,8.68,0,none,0.0
2067-06-30,M14,Compressor,1.01,51.1,5.81,48.6,735.9,idle,327.01,10.0,8.27,0,none,0.0
2067-07-01,M14,Compressor,2.43,54.39,13.29,111.6,1751.1,normal,327.21,9.6,8.07,0,none,0.0
2067-07-02,M14,Compressor,2.3,50.66,14.19,98.7,1711.1,normal,327.41,8.3,7.87,0,none,0.0
2067-07-03,M14,Compressor,2.39,66.91,14.28,99.9,1810.9,normal,327.51,8.3,7.77,0,none,0.0
2067-07-04,M14,Compressor,0.91,49.14,5.89,48.1,739.9,idle,327.84,10.9,7.43,0,none,0.0
2067-07-05,M14,Compressor,0.91,50.16,6.85,43.5,737.8,idle,328.31,16.8,6.97,0,none,0.0
2067-07-06,M14,Compressor,2.1,65.42,15.37,102.0,1715.4,normal,328.69,10.8,6.58,0,none,0.0
2067-07-07,M14,Compressor,2.31,57.38,13.98,106.9,1676.1,normal,328.76,11.4,6.52,0,none,0.0
2067-07-08,M14,Compressor,2.13,63.02,15.12,115.2,1756.5,normal,328.88,17.9,6.4,0,none,0.0
2067-07-09,M14,Compressor,1.09,44.01,5.98,44.5,741.0,idle,329.04,11.9,6.23,0,none,0.0
2067-07-10,M14,Compressor,2.5,56.33,14.32,44.5,1793.7,normal,329.43,14.7,5.85,0,none,0.0
2067-07-11,M14,Compressor,2.41,56.86,14.74,107.9,1739.8,normal,329.79,13.8,5.48,0,none,0.0
2067-07-12,M14,Compressor,3.2,55.03,19.42,151.1,2420.1,peak,329.94,15.0,5.33,0,none,0.0
2067-07-13,M14,Compressor,2.2,67.66,13.7,108.0,1743.4,normal,330.16,12.1,5.12,0,none,0.0
2067-07-14,M14,Compressor,1.01,44.38,6.66,47.8,778.6,idle,330.28,14.1,5.0,0,none,0.0
2067-07-15,M14,Compressor,2.19,59.97,15.01,98.1,1784.2,normal,330.41,17.5,4.87,0,none,0.0
2067-07-16,M14,Compressor,2.23,55.06,15.36,102.8,1749.3,normal,330.58,17.2,4.7,0,none,0.0
2067-07-17,M14,Compressor,2.32,51.41,15.38,100.3,1695.5,normal,331.06,16.2,4.22,0,none,0.0
2067-07-18,M14,Compressor,0.98,47.99,5.72,47.0,750.9,idle,331.48,16.6,3.8,0,none,0.0
2067-07-19,M14,Compressor,0.96,49.54,6.27,48.7,771.3,idle,331.61,12.5,3.67,0,none,0.0
2067-07-20,M14,Compressor,3.59,56.35,19.62,155.0,2446.8,peak,331.98,11.7,3.3,0,none,0.0
2067-07-21,M14,Compressor,2.56,51.59,14.07,99.6,1766.0,normal,332.33,17.1,2.95,0,none,0.0
2067-07-22,M14,Compressor,2.45,65.71,14.02,114.4,1743.4,normal,332.68,10.4,2.6,0,none,0.0
2067-07-23,M14,Compressor,2.51,51.54,14.16,98.8,1784.4,normal,332.73,15.4,2.55,0,none,0.0
2067-07-24,M14,Compressor,2.18,50.15,15.32,107.1,1817.5,normal,332.93,11.6,2.35,0,none,0.0
2067-07-25,M14,Compressor,2.33,60.63,14.86,102.0,1672.6,normal,333.14,15.0,2.13,0,none,0.0
2067-07-26,M14,Compressor,2.43,59.19,15.07,96.1,1742.6,normal,333.26,17.1,2.02,0,none,0.0
2067-07-27,M14,Compressor,2.19,61.11,14.9,101.6,1731.9,normal,333.36,15.4,1.92,0,none,0.0
2067-07-28,M14,Compressor,2.31,63.59,14.5,98.0,1816.0,normal,333.74,8.1,1.53,0,none,0.0
2067-07-29,M14,Compressor,2.56,60.42,14.94,95.5,1684.2,normal,333.78,16.7,1.5,0,none,0.0
2067-07-30,M14,Compressor,2.48,51.91,13.11,110.4,1655.8,normal,333.84,14.0,1.43,0,none,0.0
2067-07-31,M14,Compressor,2.19,51.44,14.34,111.9,1681.2,normal,334.03,11.0,1.25,0,none,0.0
2067-08-01,M14,Compressor,2.33,50.36,13.66,99.5,1678.2,normal,334.41,12.7,0.87,0,none,0.0
2067-08-02,M14,Compressor,0.95,50.44,6.92,47.6,724.3,idle,334.78,9.7,0.5,0,none,0.0
2067-08-03,M14,Compressor,2.41,63.21,13.28,102.4,1722.8,normal,335.13,13.5,0.5,0,none,0.0
2067-08-04,M14,Compressor,2.26,59.33,13.33,106.1,1774.7,normal,335.54,14.5,0.5,0,none,0.0
2067-08-05,M14,Compressor,2.33,53.79,15.01,104.9,1774.7,normal,336.03,13.6,0.5,0,none,0.0
2067-08-06,M14,Compressor,2.33,55.22,14.5,99.7,1780.8,normal,336.46,9.4,0.5,0,none,0.0
2067-08-07,M14,Compressor,2.34,65.9,15.35,104.6,1677.0,normal,336.93,16.4,0.5,0,none,0.0
2067-08-08,M14,Compressor,3.3,60.41,19.71,152.6,2490.1,peak,337.41,8.0,0.5,0,none,0.0
2067-08-09,M14,Compressor,2.35,61.29,19.71,101.4,1678.9,normal,337.53,9.3,0.5,0,none,0.0
2067-08-10,M14,Compressor,2.46,64.98,14.81,119.4,1663.1,normal,337.91,16.0,0.5,0,none,0.0
2067-08-11,M14,Compressor,0.99,51.19,5.98,48.4,753.7,idle,338.29,16.9,0.5,0,none,0.0
2067-08-12,M14,Compressor,1.1,46.97,6.13,43.3,729.6,idle,338.38,15.5,0.5,0,none,0.0
2067-08-13,M14,Compressor,1.07,47.26,6.43,48.0,746.3,idle,338.43,16.7,0.5,0,none,0.0
2067-08-14,M14,Compressor,1.09,51.51,6.52,50.0,720.2,idle,338.64,9.8,0.5,0,none,0.0
2067-08-15,M14,Compressor,3.01,56.35,21.77,157.1,2585.5,peak,338.83,9.4,0.5,0,none,0.0
2067-08-16,M14,Compressor,2.16,50.58,14.36,99.4,1796.2,normal,339.21,12.2,0.5,0,none,0.0
2067-08-17,M14,Compressor,2.31,50.58,14.29,99.4,1765.9,normal,339.58,15.9,0.5,0,none,0.0
2067-08-18,M14,Compressor,0.97,51.59,6.1,45.2,762.5,idle,339.91,17.5,0.5,0,none,0.0
2067-08-19,M14,Compressor,2.42,67.92,15.13,102.1,1667.3,normal,340.33,12.0,0.5,0,none,0.0
2067-08-20,M14,Compressor,2.15,56.51,14.19,110.9,1795.8,normal,340.61,10.0,0.5,0,none,0.0
2067-08-21,M14,Compressor,2.59,57.36,14.36,110.0,1745.0,normal,341.08,16.4,0.5,0,none,0.0
2067-08-22,M14,Compressor,2.59,44.92,6.83,47.4,760.7,idle,341.54,15.6,0.5,0,none,0.0
2067-08-23,M14,Compressor,2.51,51.51,14.04,101.2,1762.3,normal,341.94,12.3,0.5,0,none,0.0
2067-08-24,M14,Compressor,0.94,49.54,6.08,45.5,769.1,idle,342.11,15.3,0.5,0,none,0.0
2067-08-25,M14,Compressor,3.21,60.13,21.4,158.7,2480.8,peak,342.21,14.3,0.5,0,none,0.0
2067-08-26,M14,Compressor,3.3,61.96,20.2,147.8,2577.7,peak,342.39,11.0,0.5,0,none,0.0
2067-08-27,M14,Compressor,1.01,47.08,6.36,43.3,724.7,idle,342.44,17.1,0.5,0,none,0.0
2067-08-28,M14,Compressor,1.01,44.56,6.49,48.4,779.3,idle,342.91,16.3,0.5,0,none,0.0
2067-08-29,M14,Compressor,1.05,51.79,5.53,46.5,729.9,idle,343.19,9.5,0.5,0,none,0.0
2067-08-30,M14,Compressor,0.95,49.88,5.88,43.4,742.3,idle,343.66,9.9,0.5,0,none,0.0
2067-08-31,M14,Compressor,0.92,45.17,5.72,43.8,772.2,idle,343.74,8.6,0.5,0,none,0.0
2067-09-01,M14,Compressor,0.96,46.19,5.69,42.1,729.6,idle,344.13,12.1,0.5,0,none,0.0
2067-09-02,M14,Compressor,1.04,46.19,6.62,48.8,729.6,idle,344.28,8.3,0.5,0,none,0.0
2067-09-03,M14,Compressor,0.96,49.85,6.63,44.1,775.2,idle,344.78,10.4,0.5,0,none,0.0
2067-09-04,M14,Compressor,1.1,48.49,5.97,44.9,755.0,idle,344.84,9.9,0.5,0,none,0.0
2067-09-05,M14,Compressor,0.9,46.47,5.57,44.9,756.2,idle,345.06,16.6,0.5,0,none,0.0
2067-09-06,M14,Compressor,1.02,45.21,6.92,46.3,753.4,idle,345.29,12.4,0.5,0,none,0.0
2067-09-07,M14,Compressor,1.01,48.2,6.91,46.8,749.1,idle,345.56,8.6,0.5,0,none,0.0
2067-09-08,M14,Compressor,1.05,46.01,5.79,45.5,720.9,idle,345.83,14.7,0.5,0,none,0.0
2067-09-09,M14,Compressor,0.96,47.36,6.37,46.4,742.0,idle,346.01,13.1,0.5,0,none,0.0
2067-09-10,M14,Compressor,2.27,50.02,15.2,100.8,1710.9,normal,346.38,10.3,0.5,0,none,0.0
2067-09-11,M14,Compressor,2.11,67.22,14.24,95.6,1692.7,normal,346.64,15.4,0.5,0,none,0.0
2067-09-12,M14,Compressor,1.08,47.01,6.53,46.9,748.3,idle,346.91,15.3,0.5,0,none,0.0
2067-09-13,M14,Compressor,1.07,44.32,6.87,46.9,771.8,idle,347.33,8.4,0.5,0,none,0.0
2067-09-14,M14,Compressor,0.9,44.68,5.81,46.8,725.5,idle,347.43,16.4,0.5,0,none,0.0
2067-09-15,M14,Compressor,1.09,49.99,6.71,46.8,757.9,idle,347.61,8.1,0.5,0,none,0.0
2067-09-16,M14,Compressor,0.94,51.28,6.47,45.3,772.9,idle,347.84,11.0,0.5,0,none,0.0
2067-09-17,M14,Compressor,1.07,44.0,6.89,44.9,745.3,idle,347.94,15.4,0.5,0,none,0.0
2067-09-18,M14,Compressor,0.92,51.02,6.31,49.2,766.9,idle,348.23,13.9,0.5,0,none,0.0
2067-09-19,M14,Compressor,1.08,51.59,6.83,43.7,724.2,idle,348.26,10.6,0.5,0,none,0.0
2067-09-20,M14,Compressor,1.02,45.24,6.79,49.6,727.3,idle,348.33,14.6,0.5,0,none,0.0
2067-09-21,M14,Compressor,0.95,49.0,6.59,46.1,742.1,idle,348.76,12.4,0.5,0,none,0.0
2067-09-22,M14,Compressor,0.96,49.33,6.62,44.3,739.6,idle,349.16,8.7,0.5,0,none,0.0
2067-09-23,M14,Compressor,0.99,49.33,6.76,45.5,778.7,idle,349.63,17.2,0.5,0,none,0.0
2067-09-24,M14,Compressor,2.26,62.47,14.9,110.8,1712.4,normal,349.74,10.8,0.5,0,none,0.0
2067-09-25,M14,Compressor,0.95,48.83,6.49,44.1,740.2,idle,350.09,15.1,0.5,0,none,0.0
2067-09-26,M14,Compressor,1.07,50.48,5.78,49.5,757.7,idle,350.34,16.9,0.5,0,none,0.0
2067-09-27,M14,Compressor,1.0,45.61,6.6,49.4,723.9,idle,350.41,8.6,0.5,0,none,0.0
2067-09-28,M14,Compressor,1.0,51.02,6.93,42.6,767.5,idle,350.46,10.7,0.5,0,none,0.0
2067-09-29,M14,Compressor,0.96,48.33,6.68,46.4,726.6,idle,350.59,16.0,0.5,0,none,0.0
2067-09-30,M14,Compressor,1.02,44.94,6.02,46.5,779.5,idle,350.81,10.2,0.5,0,none,0.0
2067-10-01,M14,Compressor,1.05,46.43,6.81,43.8,743.0,idle,351.03,13.1,0.5,0,none,0.0
2067-10-02,M14,Compressor,2.42,57.39,14.82,111.3,1763.4,normal,351.34,11.9,0.5,0,none,0.0
2067-10-03,M14,Compressor,0.98,44.44,6.81,42.6,747.8,idle,351.38,12.4,0.5,0,none,0.0
2067-10-04,M14,Compressor,2.25,44.44,13.57,101.8,1812.4,normal,351.83,9.2,0.5,0,none,0.0
2067-10-05,M14,Compressor,2.59,60.28,14.31,96.2,1786.6,normal,351.91,10.3,0.5,0,none,0.0
2067-10-06,M14,Compressor,2.19,52.57,14.06,103.7,1666.4,normal,351.98,8.2,0.5,0,none,0.0
2067-10-07,M14,Compressor,2.17,52.57,14.84,110.0,1701.6,normal,352.19,15.2,0.5,0,none,0.0
2067-10-08,M14,Compressor,2.31,61.3,14.96,118.7,1670.9,normal,352.46,14.9,0.5,0,none,0.0
2067-10-09,M14,Compressor,2.2,60.22,15.35,106.3,1757.8,normal,352.53,10.3,0.5,0,none,0.0
2067-10-10,M14,Compressor,2.25,64.61,14.51,104.5,1742.2,normal,352.76,17.6,0.5,0,none,0.0
2067-10-11,M14,Compressor,2.45,64.61,13.85,104.5,1813.2,normal,352.84,17.1,0.5,0,none,0.0
2067-10-12,M14,Compressor,2.12,51.02,13.89,108.5,1705.9,normal,353.09,15.2,0.5,0,none,0.0
2067-10-13,M14,Compressor,2.12,51.02,13.89,108.5,1684.4,normal,353.58,10.1,0.5,0,none,0.0
2067-10-14,M14,Compressor,2.25,67.05,14.3,108.5,1695.8,normal,353.79,10.6,0.5,0,none,0.0
2067-10-15,M14,Compressor,2.41,63.74,14.05,110.6,1796.8,normal,353.84,14.5,0.5,0,none,0.0
2067-10-16,M14,Compressor,3.08,62.09,21.3,149.6,2511.2,peak,354.09,8.1,0.5,0,none,0.0
2067-10-17,M14,Compressor,3.26,68.3,20.67,156.6,2589.4,peak,354.26,16.7,0.5,0,none,0.0
2067-10-18,M14,Compressor,3.11,71.7,19.96,158.2,2454.8,peak,354.38,11.5,0.5,0,none,0.0
2067-10-19,M14,Compressor,0.92,50.22,5.88,45.1,722.9,idle,354.46,8.4,0.5,0,none,0.0
2067-10-20,M14,Compressor,2.43,62.37,15.25,117.3,1769.9,normal,354.59,8.7,0.5,0,none,0.0
2067-10-21,M14,Compressor,2.43,62.37,15.25,117.3,1811.0,normal,354.69,9.5,0.5,0,none,0.0
2067-10-22,M14,Compressor,2.51,52.61,15.37,116.1,1806.2,normal,355.11,14.5,0.5,0,none,0.0
2067-10-23,M14,Compressor,2.24,56.04,14.17,100.6,1729.1,normal,355.29,15.2,0.5,0,none,0.0
2067-10-24,M14,Compressor,2.1,65.8,13.41,107.5,1807.9,normal,355.41,8.2,0.5,0,none,0.0
2067-10-25,M14,Compressor,2.51,63.97,14.51,105.9,1725.8,normal,355.71,15.9,0.5,0,none,0.0
2067-10-26,M14,Compressor,2.14,51.17,15.11,105.2,1659.2,normal,356.13,14.7,0.5,0,none,0.0
2067-10-27,M14,Compressor,2.43,62.3,13.57,105.3,1747.5,normal,356.23,17.5,0.5,0,none,0.0
2067-10-28,M14,Compressor,2.4,59.2,13.91,96.7,1653.8,normal,356.69,8.4,0.5,0,none,0.0
2067-10-29,M14,Compressor,2.33,53.65,15.35,111.0,1653.8,normal,357.08,17.3,0.5,0,none,0.0
2067-10-30,M14,Compressor,0.98,46.64,5.77,42.5,758.1,idle,357.49,13.8,0.5,0,none,0.0
2067-10-31,M14,Compressor,2.49,65.44,14.81,117.4,1817.1,normal,357.94,16.7,0.5,0,none,0.0
2067-11-01,M14,Compressor,3.58,66.84,18.9,147.1,2598.8,peak,358.03,15.1,0.5,0,none,0.0
2067-11-02,M14,Compressor,0.96,44.27,6.09,48.0,773.5,idle,358.19,8.3,0.5,0,none,0.0
2067-11-03,M14,Compressor,2.34,55.29,14.95,107.6,1664.6,normal,358.54,13.1,0.5,0,none,0.0
2067-11-04,M14,Compressor,1.08,49.25,5.56,42.1,725.3,idle,358.66,16.6,0.5,0,none,0.0
2067-11-05,M14,Compressor,3.49,64.63,19.34,150.0,2501.4,peak,358.93,9.1,0.5,0,none,0.0
2067-11-06,M14,Compressor,2.14,61.11,13.95,116.5,1778.2,normal,359.38,14.6,0.5,0,none,0.0
2067-11-07,M14,Compressor,0.9,45.33,6.21,116.5,762.9,idle,359.86,9.8,0.5,0,none,0.0
2067-11-08,M14,Compressor,2.51,50.89,13.05,110.0,1773.0,normal,360.16,17.0,0.5,0,none,0.0
2067-11-09,M14,Compressor,2.49,52.8,15.42,100.7,1692.6,normal,360.58,15.1,0.5,0,none,0.0
2067-11-10,M14,Compressor,3.09,55.86,21.24,145.1,2492.8,peak,361.06,14.2,0.5,0,none,0.0
2067-11-11,M14,Compressor,2.15,50.81,15.34,145.1,1717.1,normal,361.51,14.4,0.5,0,none,0.0
2067-11-12,M14,Compressor,0.99,50.94,6.7,47.5,752.2,idle,361.69,16.2,0.5,0,none,0.0
2067-11-13,M14,Compressor,2.4,57.08,14.32,108.5,1797.0,normal,361.79,10.6,0.5,0,none,0.0
2067-11-14,M14,Compressor,2.21,54.44,13.53,109.5,1768.2,normal,361.91,13.3,0.5,0,none,0.0
2067-11-15,M14,Compressor,2.22,62.19,14.57,103.0,1689.1,normal,362.31,14.0,0.5,0,none,0.0
2067-11-16,M14,Compressor,1.08,48.56,6.56,49.4,732.3,idle,362.54,16.9,0.5,0,none,0.0
2067-11-17,M14,Compressor,2.28,57.82,13.58,116.0,1664.2,normal,362.86,8.8,0.5,0,none,0.0
2067-11-18,M14,Compressor,2.22,53.44,15.38,110.7,1771.8,normal,363.06,15.7,0.5,0,none,0.0
2067-11-19,M14,Compressor,2.22,53.49,15.02,109.2,1657.7,normal,363.39,9.4,0.5,0,none,0.0
2067-11-20,M14,Compressor,2.38,58.56,13.38,109.2,1679.5,normal,363.89,16.2,0.5,0,none,0.0
2067-11-21,M14,Compressor,2.51,61.13,15.18,105.6,1737.0,normal,364.03,12.3,0.5,0,none,0.0
2067-11-22,M14,Compressor,2.48,59.83,14.43,108.8,1733.5,normal,364.31,13.2,0.5,0,none,0.0
2067-11-23,M14,Compressor,2.5,58.73,15.25,115.2,1767.7,normal,364.69,12.6,0.5,0,none,0.0
2067-11-24,M14,Compressor,2.55,59.67,15.05,101.0,1662.4,normal,364.76,8.0,0.5,0,none,0.0
2067-11-25,M14,Compressor,1.04,46.41,6.45,42.6,777.3,idle,365.16,10.5,0.5,0,none,0.0
2067-11-26,M14,Compressor,2.36,50.17,14.19,114.7,1797.1,normal,365.21,15.9,0.5,0,none,0.0
2067-11-27,M14,Compressor,2.33,50.17,15.27,119.5,1660.7,normal,365.58,15.2,0.5,0,none,0.0
2067-11-28,M14,Compressor,0.92,48.52,6.3,46.7,739.0,idle,366.06,9.9,0.5,0,none,0.0
2067-11-29,M14,Compressor,2.13,60.45,13.38,103.5,1749.0,normal,366.49,11.6,0.5,0,none,0.0
2067-11-30,M14,Compressor,2.2,59.76,14.79,96.6,1755.3,normal,366.83,13.6,0.5,0,none,0.0
2067-12-01,M14,Compressor,1.0,44.78,6.56,44.5,730.9,idle,367.21,12.3,0.5,0,none,0.0
2067-12-02,M14,Compressor,0.96,48.37,6.37,43.4,776.2,idle,367.28,11.9,0.5,0,none,0.0
2067-12-03,M14,Compressor,0.97,46.15,5.78,43.0,778.9,idle,367.39,12.5,0.5,0,none,0.0
2067-12-04,M14,Compressor,1.03,50.3,6.1,45.3,779.2,idle,367.49,17.7,0.5,0,none,0.0
2067-12-05,M14,Compressor,0.94,46.62,5.79,44.3,759.8,idle,367.91,9.4,0.5,0,none,0.0
2067-12-06,M14,Compressor,0.96,51.0,5.57,44.8,771.6,idle,368.28,12.0,0.5,0,none,0.0
2067-12-07,M14,Compressor,1.02,50.17,5.99,45.0,773.3,idle,368.78,17.2,0.5,0,none,0.0
2067-12-08,M14,Compressor,2.47,56.92,13.54,97.7,1796.5,normal,369.03,12.2,0.5,0,none,0.0
2067-12-09,M14,Compressor,2.45,60.93,14.94,117.9,1779.5,normal,369.11,16.5,0.5,0,none,0.0
2067-12-10,M14,Compressor,0.98,45.41,6.57,44.0,767.0,idle,369.14,8.0,0.5,0,none,0.0
2067-12-11,M14,Compressor,0.97,45.25,5.88,44.1,742.7,idle,369.29,15.4,0.5,0,none,0.0
2067-12-12,M14,Compressor,0.95,45.8,6.09,48.9,742.7,idle,369.41,14.7,0.5,0,none,0.0
2067-12-13,M14,Compressor,0.96,48.5,6.81,44.3,740.9,idle,369.69,12.8,0.5,0,none,0.0
2067-12-14,M14,Compressor,1.06,46.98,6.78,45.6,754.1,idle,370.13,15.7,0.5,0,none,0.0
2067-12-15,M14,Compressor,1.01,44.95,6.03,43.9,761.0,idle,370.38,16.0,0.5,0,none,0.0
2067-12-16,M14,Compressor,1.09,45.7,5.64,46.0,743.5,idle,370.51,14.0,0.5,0,none,0.0
2067-12-17,M14,Compressor,0.91,51.37,6.91,48.8,736.8,idle,370.73,11.9,0.5,0,none,0.0
2067-12-18,M14,Compressor,0.92,48.74,5.92,43.6,758.5,idle,370.96,12.9,0.5,0,none,0.0
2067-12-19,M14,Compressor,1.05,48.22,5.98,46.1,756.0,idle,370.99,11.4,0.5,0,none,0.0
2067-12-20,M14,Compressor,0.91,47.55,6.4,43.0,746.9,idle,371.03,8.3,0.5,0,none,0.0
2067-12-21,M14,Compressor,0.97,50.94,6.23,45.4,734.6,idle,371.08,17.2,0.5,0,none,0.0
2067-12-22,M14,Compressor,1.09,51.69,6.05,49.4,757.1,idle,371.46,13.5,0.5,0,none,0.0
2067-12-23,M14,Compressor,1.06,44.72,5.53,46.1,724.5,idle,371.51,14.2,0.5,0,none,0.0
2067-12-24,M14,Compressor,1.08,50.56,6.57,42.2,747.5,idle,371.73,15.1,0.5,0,none,0.0
2067-12-25,M14,Compressor,0.92,51.43,6.42,43.2,753.6,idle,372.16,8.4,0.5,0,none,0.0
2067-12-26,M14,Compressor,2.16,51.43,13.2,116.8,1742.8,normal,372.38,17.3,0.5,0,none,0.0
2067-12-27,M14,Compressor,0.97,44.01,6.21,46.1,740.2,idle,372.56,13.9,0.5,0,none,0.0
2067-12-28,M14,Compressor,1.0,44.81,6.88,44.1,776.9,idle,372.98,8.7,0.5,0,none,0.0
2067-12-29,M14,Compressor,1.0,50.85,6.37,48.8,720.6,idle,373.08,12.2,0.5,0,none,0.0
2067-12-30,M14,Compressor,0.94,46.83,5.94,49.6,743.7,idle,373.31,8.1,0.5,0,none,0.0
2067-12-31,M14,Compressor,1.09,49.21,6.75,49.6,731.4,idle,373.43,15.5,0.5,0,none,0.0
2068-01-01,M14,Compressor,0.91,49.25,6.96,43.0,766.3,idle,373.76,8.4,0.5,0,none,0.0
2068-01-02,M14,Compressor,0.97,51.95,6.81,43.9,766.0,idle,373.99,9.2,0.5,0,none,0.0
2068-01-03,M14,Compressor,1.05,50.11,5.62,48.5,735.7,idle,374.36,15.4,0.5,0,none,0.0
2068-01-04,M14,Compressor,2.4,52.08,14.4,117.7,1680.1,normal,374.86,16.8,0.5,0,none,0.0
2068-01-05,M14,Compressor,2.53,57.84,13.81,96.4,1739.8,normal,374.99,13.2,0.5,0,none,0.0
2068-01-06,M14,Compressor,2.2,66.92,13.6,109.7,1745.0,normal,375.34,9.3,0.5,0,none,0.0
2068-01-07,M14,Compressor,2.27,65.34,13.46,115.4,1685.3,normal,375.41,10.8,0.5,0,none,0.0
2068-01-08,M14,Compressor,3.02,73.88,20.55,157.6,2453.0,peak,375.88,8.9,0.5,0,none,0.0
2068-01-09,M14,Compressor,0.93,49.65,6.28,44.5,739.0,idle,375.96,12.4,0.5,0,none,0.0
2068-01-10,M14,Compressor,2.54,66.01,13.69,114.8,1688.5,normal,376.16,17.7,0.5,0,none,0.0
2068-01-11,M14,Compressor,1.06,45.01,6.64,46.5,727.1,idle,376.54,10.8,0.5,0,none,0.0
2068-01-12,M14,Compressor,2.41,53.46,13.49,106.2,1813.9,normal,377.01,14.4,0.5,0,none,0.0
2068-01-13,M14,Compressor,1.08,50.61,6.78,46.0,742.5,idle,377.14,9.1,0.5,0,none,0.0
2068-01-14,M14,Compressor,2.54,51.46,15.49,108.8,1741.9,normal,377.61,14.4,0.5,0,none,0.0
2068-01-15,M14,Compressor,0.96,45.36,6.52,44.9,738.1,idle,377.99,16.9,0.5,0,none,0.0
2068-01-16,M14,Compressor,2.18,59.63,14.47,106.1,1652.0,normal,378.34,15.2,0.5,0,none,0.0
2068-01-17,M14,Compressor,1.0,46.18,5.71,46.6,760.3,idle,378.49,11.9,0.5,0,none,0.0
2068-01-18,M14,Compressor,3.31,46.18,20.43,147.5,2443.2,peak,378.63,8.6,0.5,0,none,0.0
2068-01-19,M14,Compressor,2.1,67.67,13.53,115.4,1782.8,normal,378.88,13.6,0.5,0,none,0.0
2068-01-20,M14,Compressor,1.04,47.6,6.38,43.5,726.4,idle,379.14,16.8,0.5,0,none,0.0
2068-01-21,M14,Compressor,3.21,71.51,20.26,160.3,2578.1,peak,379.43,16.5,0.5,0,none,0.0
2068-01-22,M14,Compressor,1.01,46.94,6.78,43.8,721.5,idle,379.86,17.4,0.5,0,none,0.0
2068-01-23,M14,Compressor,2.13,60.48,15.23,109.1,1719.6,normal,380.36,10.6,0.5,0,none,0.0
2068-01-24,M14,Compressor,3.35,68.42,21.03,151.9,2477.4,peak,380.76,12.9,0.5,0,none,0.0
2068-01-25,M14,Compressor,2.11,61.69,14.94,107.8,1714.0,normal,380.89,9.4,0.5,0,none,0.0
2068-01-26,M14,Compressor,2.27,61.61,13.83,110.0,1807.6,normal,380.93,9.7,0.5,0,none,0.0
2068-01-27,M14,Compressor,2.27,51.23,15.19,101.8,1818.1,normal,381.19,15.6,0.5,0,none,0.0
2068-01-28,M14,Compressor,2.52,57.68,14.57,101.9,1664.3,normal,381.59,12.9,0.5,0,none,0.0
2068-01-29,M14,Compressor,1.01,47.4,6.95,46.8,764.8,idle,381.66,9.2,0.5,0,none,0.0
2068-01-30,M14,Compressor,2.17,63.03,13.14,110.3,1792.5,normal,381.81,16.0,0.5,0,none,0.0
2068-01-31,M14,Compressor,2.34,53.87,14.11,116.0,1771.5,normal,381.84,16.5,0.5,0,none,0.0
2068-02-01,M14,Compressor,3.36,83.01,21.34,148.0,2568.4,peak,382.01,16.1,0.5,0,none,0.0
2068-02-02,M14,Compressor,2.5,58.59,14.01,148.0,1789.3,normal,382.24,14.9,0.5,0,none,0.0
2068-02-03,M14,Compressor,2.59,61.55,13.08,98.8,1789.5,normal,382.28,11.5,0.5,0,none,0.0
2068-02-04,M14,Compressor,2.42,53.56,13.03,101.6,1673.4,normal,382.68,16.1,0.5,0,none,0.0
2068-02-05,M14,Compressor,2.54,65.89,15.11,97.4,1673.0,normal,382.89,12.0,0.5,0,none,0.0
2068-02-06,M14,Compressor,2.17,54.65,13.18,119.5,1795.4,normal,382.96,13.0,0.5,0,none,0.0
2068-02-07,M14,Compressor,2.13,52.59,13.66,114.4,1771.4,normal,383.19,10.7,0.5,0,none,0.0
2068-02-08,M14,Compressor,2.42,66.42,13.09,99.0,1682.3,normal,383.54,10.2,0.5,0,none,0.0
2068-02-09,M14,Compressor,2.13,61.13,13.52,107.1,1766.5,normal,383.88,14.7,0.5,0,none,0.0
2068-02-10,M14,Compressor,1.02,46.32,6.12,44.7,771.1,idle,384.38,15.2,0.5,0,none,0.0
2068-02-11,M14,Compressor,3.25,56.23,20.48,148.9,2467.7,peak,384.63,9.4,0.5,0,none,0.0
2068-02-12,M14,Compressor,2.26,51.3,15.38,108.7,1676.6,normal,385.03,12.7,0.5,0,none,0.0
2068-02-13,M14,Compressor,1.01,47.61,6.02,45.8,760.2,idle,385.49,9.3,0.5,0,none,0.0
2068-02-14,M14,Compressor,1.01,47.61,15.03,45.8,1737.6,normal,385.58,10.7,0.5,0,none,0.0
2068-02-15,M14,Compressor,1.09,50.4,6.39,48.0,751.5,idle,385.94,17.5,0.5,0,none,0.0
2068-02-16,M14,Compressor,1.1,45.35,6.58,42.0,727.5,idle,386.06,8.2,0.5,0,none,0.0
2068-02-17,M14,Compressor,2.46,63.67,13.1,103.3,1670.1,normal,386.54,14.5,0.5,0,none,0.0
2068-02-18,M14,Compressor,1.08,47.63,6.16,48.6,761.7,idle,387.03,11.6,0.5,0,none,0.0
2068-02-19,M14,Compressor,2.56,66.9,13.78,111.2,1742.1,normal,387.23,17.0,0.5,0,none,0.0
2068-02-20,M14,Compressor,2.4,61.26,13.15,117.4,1673.8,normal,387.63,11.2,0.5,0,none,0.0
2068-02-21,M14,Compressor,2.31,55.26,14.38,119.0,1720.1,normal,387.94,12.0,0.5,0,none,0.0
2068-02-22,M14,Compressor,1.02,45.13,6.19,49.3,775.9,idle,388.11,14.2,0.5,0,none,0.0
2068-02-23,M14,Compressor,2.37,63.83,13.01,108.3,1774.5,normal,388.61,9.9,0.5,0,none,0.0
2068-02-24,M14,Compressor,2.26,66.22,14.95,114.2,1653.6,normal,388.94,10.7,0.5,0,none,0.0
2068-02-25,M14,Compressor,0.94,49.71,6.34,46.6,720.9,idle,389.08,17.6,0.5,0,none,0.0
2068-02-26,M14,Compressor,2.32,64.16,14.66,109.3,1768.4,normal,389.39,10.3,0.5,0,none,0.0
2068-02-27,M14,Compressor,2.53,65.29,14.14,102.7,1712.3,normal,389.58,12.1,0.5,0,none,0.0
2068-02-28,M14,Compressor,2.53,51.61,14.48,106.3,1779.0,normal,390.03,11.0,0.5,0,none,0.0
2068-02-29,M14,Compressor,0.95,44.53,6.84,42.5,775.6,idle,390.18,16.5,0.5,0,none,0.0
2068-03-01,M14,Compressor,1.0,44.45,5.69,46.3,721.0,idle,390.56,12.4,0.5,0,none,0.0
2068-03-02,M14,Compressor,2.56,64.33,14.26,118.2,1694.2,normal,390.71,14.4,0.5,0,none,0.0
2068-03-03,M14,Compressor,2.53,64.49,14.45,103.0,1744.9,normal,390.76,16.5,0.5,0,none,0.0
2068-03-04,M14,Compressor,1.09,44.68,5.8,47.1,760.7,idle,391.06,11.4,0.5,0,none,0.0
2068-03-05,M14,Compressor,0.93,50.45,6.89,42.6,778.5,idle,391.49,14.0,0.5,0,none,0.0
2068-03-06,M14,Compressor,0.96,46.47,5.57,46.0,777.3,idle,391.76,10.2,0.5,0,none,0.0
2068-03-07,M14,Compressor,0.93,48.61,5.91,42.1,779.2,idle,392.06,14.5,0.5,0,none,0.0
2068-03-08,M14,Compressor,1.04,49.88,6.49,43.1,732.4,idle,392.18,8.2,0.5,0,none,0.0
2068-03-09,M14,Compressor,0.98,51.96,6.51,45.5,749.1,idle,392.29,13.9,0.5,0,none,0.0
2068-03-10,M14,Compressor,1.08,45.57,5.98,45.0,773.9,idle,392.66,17.4,0.5,0,none,0.0
2068-03-11,M14,Compressor,1.06,48.73,5.97,43.6,739.9,idle,392.86,10.0,0.5,0,none,0.0
2068-03-12,M14,Compressor,1.09,51.28,6.13,44.6,773.1,idle,393.09,14.6,0.5,0,none,0.0
2068-03-13,M14,Compressor,0.99,44.31,6.02,44.6,776.7,idle,393.29,17.8,0.5,0,none,0.0
2068-03-14,M14,Compressor,0.98,45.92,6.08,42.5,773.9,idle,393.41,16.1,0.5,0,none,0.0
2068-03-15,M14,Compressor,0.91,44.01,6.42,43.2,737.8,idle,393.69,8.0,0.5,0,none,0.0
2068-03-16,M14,Compressor,2.35,64.26,6.42,118.9,1727.0,normal,393.99,12.1,0.5,0,none,0.0
2068-03-17,M14,Compressor,1.08,47.62,6.27,49.7,760.5,idle,394.06,17.5,0.5,0,none,0.0
2068-03-18,M14,Compressor,2.17,60.77,13.56,102.7,1792.5,normal,394.31,13.1,0.5,0,none,0.0
2068-03-19,M14,Compressor,1.04,46.3,5.51,46.2,735.0,idle,394.66,14.8,0.5,0,none,0.0
2068-03-20,M14,Compressor,0.91,44.51,6.51,45.3,735.8,idle,395.06,15.4,0.5,0,none,0.0
2068-03-21,M14,Compressor,1.08,50.6,6.2,45.3,750.4,idle,395.54,13.5,0.5,0,none,0.0
2068-03-22,M14,Compressor,1.05,44.09,6.42,47.7,769.0,idle,395.98,13.6,0.5,0,none,0.0
2068-03-23,M14,Compressor,0.94,45.63,5.82,49.5,728.5,idle,396.18,14.4,0.5,0,none,0.0
2068-03-24,M14,Compressor,0.94,51.89,5.82,49.5,770.4,idle,396.23,11.0,0.5,0,none,0.0
2068-03-25,M14,Compressor,1.03,50.95,5.74,48.1,755.2,idle,396.41,8.2,0.5,0,none,0.0
2068-03-26,M14,Compressor,2.37,63.12,13.68,96.9,1735.4,normal,396.56,13.5,0.5,0,none,0.0
2068-03-27,M14,Compressor,0.96,46.05,7.0,96.9,734.1,idle,396.69,17.1,0.5,0,none,0.0
2068-03-28,M14,Compressor,0.97,47.98,6.8,43.4,757.0,idle,397.11,17.8,0.5,0,none,0.0
2068-03-29,M14,Compressor,0.97,50.38,6.4,48.4,771.3,idle,397.34,8.2,0.5,0,none,0.0
2068-03-30,M14,Compressor,2.56,67.92,14.55,110.9,1673.9,normal,397.43,10.9,0.5,0,none,0.0
2068-03-31,M14,Compressor,0.92,47.9,6.54,44.0,739.6,idle,397.73,8.4,0.5,0,none,0.0
2068-04-01,M14,Compressor,1.04,45.69,6.28,46.3,775.0,idle,398.08,15.9,0.5,0,none,0.0
2068-04-02,M14,Compressor,0.98,45.68,5.76,44.4,736.7,idle,398.23,13.6,0.5,0,none,0.0
2068-04-03,M14,Compressor,1.05,45.68,5.76,44.4,736.7,idle,398.73,8.8,0.5,0,none,0.0
2068-04-04,M14,Compressor,3.56,71.35,18.84,153.5,2457.6,peak,399.11,8.2,0.5,0,none,0.0
2068-04-05,M14,Compressor,2.47,56.2,14.6,102.3,1679.2,normal,399.14,14.0,0.5,0,none,0.0
2068-04-06,M14,Compressor,2.1,67.9,13.55,115.8,1789.8,normal,399.23,16.0,0.5,0,none,0.0
2068-04-07,M14,Compressor,2.22,57.48,15.09,112.2,1789.8,normal,399.63,13.0,0.5,0,none,0.0
2068-04-08,M14,Compressor,3.57,61.85,18.85,147.9,2540.3,peak,399.88,8.8,0.5,0,none,0.0
2068-04-09,M14,Compressor,2.11,65.23,13.76,104.2,1786.3,normal,399.93,15.7,0.5,0,none,0.0
2068-04-10,M14,Compressor,2.51,57.2,14.38,112.0,1767.1,normal,400.38,17.6,0.5,0,none,0.0
2068-04-11,M14,Compressor,1.01,50.75,6.76,48.8,1767.1,idle,400.54,8.7,0.5,0,none,0.0
2068-04-12,M14,Compressor,2.23,52.52,15.07,96.5,1673.0,normal,400.89,14.0,0.5,0,none,0.0
2068-04-13,M14,Compressor,1.09,45.0,5.68,49.3,738.6,idle,401.26,11.5,0.5,0,none,0.0
2068-04-14,M14,Compressor,2.54,56.8,13.93,98.4,1806.2,normal,401.69,10.1,0.5,0,none,0.0
2068-04-15,M14,Compressor,2.48,54.06,14.82,98.4,1739.0,normal,402.13,13.2,0.5,0,none,0.0
2068-04-16,M14,Compressor,0.95,50.8,6.27,49.4,755.1,idle,402.31,15.5,0.5,0,none,0.0
2068-04-17,M14,Compressor,2.35,50.8,14.96,95.4,1738.8,normal,402.71,16.8,0.5,0,none,0.0
2068-04-18,M14,Compressor,2.49,57.33,13.11,95.4,1785.0,normal,402.74,17.1,0.5,0,none,0.0
2068-04-19,M14,Compressor,2.2,53.15,13.72,97.5,1659.1,normal,402.89,9.3,0.5,0,none,0.0
2068-04-20,M14,Compressor,2.54,55.45,14.46,116.5,1816.2,normal,403.36,11.6,0.5,0,none,0.0
2068-04-21,M14,Compressor,2.44,67.1,14.06,114.7,1809.4,normal,403.74,15.1,0.5,0,none,0.0
2068-04-22,M14,Compressor,2.13,55.71,14.85,102.9,1652.9,normal,403.79,12.3,0.5,0,none,0.0
2068-04-23,M14,Compressor,1.06,45.32,5.98,49.3,732.5,idle,404.06,11.3,0.5,0,none,0.0
2068-04-24,M14,Compressor,1.08,47.38,6.88,49.0,744.9,idle,404.11,9.9,0.5,0,none,0.0
2068-04-25,M14,Compressor,2.56,61.39,14.19,108.3,1660.8,normal,404.53,16.0,0.5,0,none,0.0
2068-04-26,M14,Compressor,2.5,55.26,13.68,112.9,1713.0,normal,405.01,16.9,0.5,0,none,0.0
2068-04-27,M14,Compressor,1.0,47.37,6.26,43.8,773.1,idle,405.24,14.5,0.5,0,none,0.0
2068-04-28,M14,Compressor,1.02,45.87,5.64,46.3,748.1,idle,405.48,10.1,0.5,0,none,0.0
2068-04-29,M14,Compressor,1.02,54.15,15.2,114.2,1731.0,normal,405.71,9.8,0.5,0,none,0.0
2068-04-30,M14,Compressor,2.54,65.51,14.79,97.5,1677.2,normal,405.88,8.8,0.5,0,none,0.0
2068-05-01,M14,Compressor,1.02,45.96,6.33,46.5,755.2,idle,406.09,8.9,0.5,0,none,0.0
2068-05-02,M14,Compressor,1.01,47.03,5.82,46.1,749.7,idle,406.34,9.5,0.5,0,none,0.0
2068-05-03,M14,Compressor,2.24,50.92,13.51,108.8,1741.1,normal,406.54,15.1,0.5,0,none,0.0
2068-05-04,M14,Compressor,2.17,60.91,13.51,111.3,1801.0,normal,406.91,16.8,0.5,0,none,0.0
2068-05-05,M14,Compressor,0.96,46.78,6.52,49.6,749.2,idle,407.36,9.6,0.5,0,none,0.0
2068-05-06,M14,Compressor,2.18,66.83,14.17,106.5,1741.8,normal,407.76,10.4,0.5,0,none,0.0
2068-05-07,M14,Compressor,2.23,64.12,14.6,118.9,1684.7,normal,407.94,8.8,0.5,0,none,0.0
2068-05-08,M14,Compressor,2.41,59.3,15.24,95.8,1779.3,normal,408.24,12.5,0.5,0,none,0.0
2068-05-09,M14,Compressor,1.02,48.86,6.81,46.7,763.0,idle,408.46,12.7,0.5,0,none,0.0
2068-05-10,M14,Compressor,1.03,44.56,5.67,44.7,760.5,idle,408.51,8.7,0.5,0,none,0.0
2068-05-11,M14,Compressor,3.02,70.45,18.81,156.2,2440.2,peak,408.99,8.3,0.5,0,none,0.0
2068-05-12,M14,Compressor,0.94,46.67,6.88,43.9,722.9,idle,409.28,15.7,0.5,0,none,0.0
2068-05-13,M14,Compressor,2.54,57.9,14.55,117.1,1778.5,normal,409.63,8.3,0.5,0,none,0.0
2068-05-14,M14,Compressor,2.5,58.64,14.72,119.1,1801.3,normal,410.04,16.3,0.5,0,none,0.0
2068-05-15,M14,Compressor,2.41,51.54,15.45,100.6,1711.3,normal,410.38,12.1,0.5,0,none,0.0
2068-05-16,M14,Compressor,0.93,45.33,6.69,43.0,731.4,idle,410.68,17.0,0.5,0,none,0.0
2068-05-17,M14,Compressor,0.93,56.66,14.74,111.1,1773.2,normal,411.06,14.0,0.5,0,none,0.0
2068-05-18,M14,Compressor,1.05,44.02,6.53,47.5,723.7,idle,411.31,12.5,0.5,0,none,0.0
2068-05-19,M14,Compressor,2.31,51.42,6.53,47.5,1652.0,normal,411.46,17.6,0.5,0,none,0.0
2068-05-20,M14,Compressor,2.31,51.53,6.53,47.5,1652.0,normal,411.74,11.8,0.5,0,none,0.0
2068-05-21,M14,Compressor,2.19,65.53,15.21,112.3,1661.0,normal,411.91,10.2,0.5,0,none,0.0
2068-05-22,M14,Compressor,1.08,47.35,5.77,48.2,740.8,idle,412.19,10.8,0.5,0,none,0.0
2068-05-23,M14,Compressor,1.0,49.94,5.65,43.4,778.1,idle,412.28,12.5,0.5,0,none,0.0
2068-05-24,M14,Compressor,1.04,45.85,6.36,43.5,771.9,idle,412.66,15.8,0.5,0,none,0.0
2068-05-25,M14,Compressor,2.32,64.52,15.43,119.5,1673.4,normal,412.98,9.6,0.5,0,none,0.0
2068-05-26,M14,Compressor,2.57,54.87,13.9,96.6,1759.8,normal,413.44,16.1,0.5,0,none,0.0
2068-05-27,M14,Compressor,2.42,63.99,15.37,105.7,1719.3,normal,413.88,11.4,0.5,0,none,0.0
2068-05-28,M14,Compressor,2.42,62.01,14.11,118.0,1658.9,normal,414.21,14.7,0.5,0,none,0.0
2068-05-29,M14,Compressor,2.48,53.74,14.24,116.3,1706.0,normal,414.49,9.8,0.5,0,none,0.0
2068-05-30,M14,Compressor,1.08,47.61,6.55,47.8,735.6,idle,414.71,11.4,0.5,0,none,0.0
2068-05-31,M14,Compressor,1.08,45.03,6.39,43.6,721.6,idle,415.18,10.3,47.83,0,none,0.0
2068-06-01,M14,Compressor,2.38,54.55,13.49,129.3,1801.5,normal,415.54,15.6,47.47,0,none,0.0
2068-06-02,M14,Compressor,1.0,54.55,6.9,40.8,762.3,idle,415.69,11.6,47.32,0,none,0.0
2068-06-03,M14,Compressor,1.02,49.6,5.78,59.9,773.0,idle,415.84,11.0,47.17,0,none,0.0
2068-06-04,M14,Compressor,0.93,49.6,5.78,59.9,773.0,idle,415.96,16.6,47.05,0,none,0.0
2068-06-05,M14,Compressor,0.92,46.41,6.25,44.0,735.3,idle,416.01,16.9,47.0,0,none,0.0
2068-06-06,M14,Compressor,1.08,50.4,5.99,50.1,776.2,idle,416.24,16.8,46.77,0,none,0.0
2068-06-07,M14,Compressor,1.11,52.11,6.93,57.0,736.1,idle,416.59,15.7,46.42,0,none,0.0
2068-06-08,M14,Compressor,1.11,50.28,6.59,52.9,753.4,idle,416.63,13.6,46.38,0,none,0.0
2068-06-09,M14,Compressor,1.04,50.28,5.75,36.3,748.1,idle,416.86,16.7,46.15,0,none,0.0
2068-06-10,M14,Compressor,1.1,47.65,6.85,44.8,773.3,idle,417.13,16.6,45.88,0,none,0.0
2068-06-11,M14,Compressor,2.17,59.94,13.87,125.1,1655.5,normal,417.33,9.5,45.68,0,none,0.0
2068-06-12,M14,Compressor,1.07,47.68,6.96,55.4,742.6,idle,417.59,16.8,45.42,0,none,0.0
2068-06-13,M14,Compressor,1.06,45.13,6.42,51.6,722.0,idle,417.89,14.5,45.12,0,none,0.0
2068-06-14,M14,Compressor,1.07,48.43,6.26,50.2,742.2,idle,418.06,9.3,44.95,0,none,0.0
2068-06-15,M14,Compressor,0.98,47.11,6.66,50.2,764.9,idle,418.46,17.0,44.55,0,none,0.0
2068-06-16,M14,Compressor,1.06,50.58,6.07,35.3,762.4,idle,418.66,16.7,44.35,0,none,0.0
2068-06-17,M14,Compressor,0.96,46.13,5.98,58.1,726.4,idle,418.83,14.2,44.18,0,none,0.0
2068-06-18,M14,Compressor,1.12,45.05,6.77,31.9,763.8,idle,418.99,13.4,44.02,0,none,0.0
2068-06-19,M14,Compressor,1.11,45.88,6.56,50.5,762.2,idle,419.39,13.3,43.62,0,none,0.0
2068-06-20,M14,Compressor,1.11,46.53,6.28,48.4,745.0,idle,419.89,15.1,43.12,0,none,0.0
2068-06-21,M14,Compressor,1.0,47.27,6.86,39.7,727.7,idle,420.24,15.1,42.77,0,none,0.0
2068-06-22,M14,Compressor,2.34,57.86,14.9,118.5,1721.1,normal,420.74,10.5,42.27,0,none,0.0
2068-06-23,M14,Compressor,1.12,51.75,5.81,42.0,728.8,idle,421.03,12.4,41.98,0,none,0.0
2068-06-24,M14,Compressor,1.14,49.6,5.78,35.3,764.1,idle,421.11,13.5,41.9,0,none,0.0
2068-06-25,M14,Compressor,2.44,55.96,14.93,143.7,1701.7,normal,421.56,8.9,41.45,0,none,0.0
2068-06-26,M14,Compressor,1.13,48.82,6.63,34.4,763.0,idle,421.64,12.0,41.37,0,none,0.0
2068-06-27,M14,Compressor,1.04,48.82,6.62,58.8,745.5,idle,421.93,17.3,41.08,0,none,0.0
2068-06-28,M14,Compressor,1.06,45.87,6.86,40.3,736.0,idle,422.08,15.2,40.93,0,none,0.0
2068-06-29,M14,Compressor,1.01,50.69,5.77,40.3,726.3,idle,422.26,14.4,40.75,0,none,0.0
2068-06-30,M14,Compressor,1.12,52.03,5.83,46.5,741.6,idle,422.33,16.4,40.68,0,none,0.0
2068-07-01,M14,Compressor,2.76,54.28,14.36,101.0,1692.9,normal,422.58,15.2,40.43,0,none,0.0
2068-07-02,M14,Compressor,1.18,52.41,6.8,47.4,728.4,idle,422.76,14.6,40.25,0,none,0.0
2068-07-03,M14,Compressor,2.42,65.96,14.21,136.1,1683.2,normal,423.08,13.8,39.93,0,none,0.0
2068-07-04,M14,Compressor,1.01,53.18,6.79,58.9,758.1,idle,423.36,11.9,39.65,0,none,0.0
2068-07-05,M14,Compressor,2.8,67.25,15.53,99.6,1706.4,normal,423.43,9.8,39.58,0,none,0.0
2068-07-06,M14,Compressor,2.73,61.3,14.87,117.6,1669.1,normal,423.79,9.3,39.22,0,none,0.0
2068-07-07,M14,Compressor,3.64,68.18,19.81,145.4,2505.1,peak,424.16,17.3,38.85,0,none,0.0
2068-07-08,M14,Compressor,3.9,69.59,20.33,149.7,2549.7,peak,424.21,12.6,38.8,0,none,0.0
2068-07-09,M14,Compressor,2.35,63.7,14.67,121.2,1621.3,normal,424.48,10.7,38.53,0,none,0.0
2068-07-10,M14,Compressor,2.84,63.7,14.05,99.8,1738.8,normal,424.69,9.4,38.32,0,none,0.0
2068-07-11,M14,Compressor,1.14,46.55,5.84,39.6,746.5,idle,424.91,9.9,38.1,0,none,0.0
2068-07-12,M14,Compressor,2.83,57.76,14.61,135.5,1711.7,normal,425.01,8.6,38.0,0,none,0.0
2068-07-13,M14,Compressor,2.67,61.51,14.27,86.8,1747.4,normal,425.46,10.9,37.55,0,none,0.0
2068-07-14,M14,Compressor,2.89,59.7,13.4,95.9,1742.7,normal,425.89,10.5,37.12,0,none,0.0
2068-07-15,M14,Compressor,2.87,59.7,15.55,124.5,1674.2,normal,426.08,16.7,36.93,0,none,0.0
2068-07-16,M14,Compressor,2.47,66.97,14.23,142.6,1696.7,normal,426.14,11.1,36.87,0,none,0.0
2068-07-17,M14,Compressor,2.5,66.6,14.08,88.1,1678.0,normal,426.63,8.7,36.38,0,none,0.0
2068-07-18,M14,Compressor,2.38,66.3,14.08,114.6,1705.9,normal,426.96,12.4,36.05,0,none,0.0
2068-07-19,M14,Compressor,2.38,67.44,15.86,104.5,1660.8,normal,426.99,8.3,36.02,0,none,0.0
2068-07-20,M14,Compressor,2.84,61.94,14.48,82.4,1709.6,normal,427.36,14.7,35.65,0,none,0.0
2068-07-21,M14,Compressor,2.72,61.94,13.89,128.1,1680.5,normal,427.84,9.0,35.17,0,none,0.0
2068-07-22,M14,Compressor,1.06,48.99,5.9,50.8,704.3,idle,428.34,11.1,34.67,0,none,0.0
2068-07-23,M14,Compressor,2.9,62.31,15.07,107.4,1664.1,normal,428.48,11.0,34.53,0,none,0.0
2068-07-24,M14,Compressor,1.19,52.18,7.18,35.9,726.3,idle,428.51,17.6,34.5,0,none,0.0
2068-07-25,M14,Compressor,4.11,64.46,22.49,206.5,2396.4,peak,428.91,15.5,34.1,0,none,0.0
2068-07-26,M14,Compressor,1.05,49.23,5.86,36.2,753.1,idle,429.38,8.3,33.63,0,none,0.0
2068-07-27,M14,Compressor,1.15,50.61,6.0,54.6,724.7,idle,429.56,12.5,33.45,0,none,0.0
2068-07-28,M14,Compressor,1.15,62.39,15.69,126.2,1622.7,normal,429.91,13.8,33.1,0,none,0.0
2068-07-29,M14,Compressor,1.08,47.34,6.24,49.0,723.5,idle,430.13,15.6,32.88,0,none,0.0
2068-07-30,M14,Compressor,2.58,62.18,13.83,128.6,1756.1,normal,430.41,9.0,32.6,0,none,0.0
2068-07-31,M14,Compressor,2.81,63.38,15.45,108.0,1643.4,normal,430.44,13.3,32.57,0,none,0.0
2068-08-01,M14,Compressor,3.01,67.35,13.66,76.4,1668.5,normal,430.66,9.9,32.35,0,none,0.0
2068-08-02,M14,Compressor,1.27,67.35,5.81,40.7,713.1,idle,430.83,10.2,32.18,0,none,0.0
2068-08-03,M14,Compressor,1.13,48.25,6.4,55.5,740.0,idle,431.06,16.6,31.95,0,none,0.0
2068-08-04,M14,Compressor,2.87,65.33,15.69,114.9,1628.4,normal,431.54,13.1,31.47,0,none,0.0
2068-08-05,M14,Compressor,2.87,56.46,13.83,112.1,1622.3,normal,431.69,12.3,31.32,0,none,0.0
2068-08-06,M14,Compressor,1.08,50.78,5.96,38.2,715.2,idle,432.18,17.8,30.83,0,none,0.0
2068-08-07,M14,Compressor,1.08,47.85,6.02,37.4,708.2,idle,432.36,13.1,30.65,0,none,0.0
2068-08-08,M14,Compressor,2.75,55.46,15.54,130.5,1610.0,normal,432.74,17.5,30.27,0,none,0.0
2068-08-09,M14,Compressor,3.06,64.42,15.57,93.1,1672.4,normal,433.19,12.5,29.82,0,none,0.0
2068-08-10,M14,Compressor,2.94,58.09,13.55,116.6,1612.1,normal,433.29,11.8,29.72,0,none,0.0
2068-08-11,M14,Compressor,3.08,70.45,13.87,108.6,1670.3,normal,433.33,16.7,29.68,0,none,0.0
2068-08-12,M14,Compressor,2.74,66.44,14.81,125.9,1697.5,normal,433.43,16.6,29.58,0,none,0.0
2068-08-13,M14,Compressor,2.52,54.07,13.97,109.4,1625.8,normal,433.49,9.7,29.52,0,none,0.0
2068-08-14,M14,Compressor,3.06,55.29,13.97,86.5,1744.8,normal,433.63,15.9,29.38,0,none,0.0
2068-08-15,M14,Compressor,2.64,64.51,15.98,118.7,1668.9,normal,433.88,12.8,29.13,0,none,0.0
2068-08-16,M14,Compressor,2.83,60.27,15.22,108.7,1625.7,normal,433.93,15.4,29.08,0,none,0.0
2068-08-17,M14,Compressor,1.25,51.69,6.46,62.5,722.3,idle,434.03,8.9,28.98,0,none,0.0
2068-08-18,M14,Compressor,2.99,69.6,15.03,122.6,1634.7,normal,434.16,15.2,28.85,0,none,0.0
2068-08-19,M14,Compressor,2.63,66.54,15.94,101.6,1708.2,normal,434.29,16.2,28.72,0,none,0.0
2068-08-20,M14,Compressor,3.64,68.28,21.56,188.8,2359.0,peak,434.76,9.0,28.25,0,none,0.0
2068-08-21,M14,Compressor,1.14,56.02,6.63,55.3,692.5,idle,435.19,15.8,27.82,0,none,0.0
2068-08-22,M14,Compressor,2.69,63.98,15.52,154.2,1715.1,normal,435.54,11.0,27.47,0,none,0.0
2068-08-23,M14,Compressor,2.93,66.29,14.92,78.0,1706.9,normal,435.61,17.9,27.4,0,none,0.0
2068-08-24,M14,Compressor,3.79,66.05,22.87,198.7,2390.5,peak,435.98,13.1,27.03,0,none,0.0
2068-08-25,M14,Compressor,3.08,68.1,14.43,79.5,1607.9,normal,436.03,17.7,26.98,0,none,0.0
2068-08-26,M14,Compressor,3.71,79.28,21.89,183.0,2451.4,peak,436.51,14.8,26.5,0,none,0.0
2068-08-27,M14,Compressor,2.84,70.09,15.66,120.0,1675.5,normal,436.99,8.2,26.02,0,none,0.0
2068-08-28,M14,Compressor,2.78,58.88,13.82,134.8,1636.5,normal,437.43,16.2,25.58,0,none,0.0
2068-08-29,M14,Compressor,3.77,74.07,21.87,187.1,2469.4,peak,437.56,12.2,25.45,0,none,0.0
2068-08-30,M14,Compressor,3.08,69.26,13.63,136.3,1731.9,normal,437.84,9.9,25.17,0,none,0.0
2068-08-31,M14,Compressor,2.91,72.5,15.22,84.5,1703.0,normal,437.93,17.9,25.08,0,none,0.0
2068-09-01,M14,Compressor,2.95,60.98,14.24,117.5,1682.5,normal,438.13,15.4,24.88,0,none,0.0
2068-09-02,M14,Compressor,3.15,65.62,14.72,109.1,1650.6,normal,438.23,15.6,24.78,0,none,0.0
2068-09-03,M14,Compressor,4.22,65.62,22.99,189.8,2413.2,peak,438.64,14.0,24.37,0,none,0.0
2068-09-04,M14,Compressor,1.35,56.33,6.0,48.4,737.5,idle,439.14,14.6,23.87,1,hydraulic,1772.0
2068-09-05,M14,Compressor,1.37,50.58,6.48,48.0,728.6,idle,439.29,8.7,23.72,1,hydraulic,2798.0
2068-09-06,M14,Compressor,1.35,52.89,6.84,59.0,723.4,idle,439.69,8.2,23.32,1,hydraulic,3009.0
2068-09-07,M14,Compressor,1.17,54.91,6.04,55.3,701.4,idle,440.03,14.3,22.98,1,hydraulic,1602.0
2068-09-08,M14,Compressor,1.15,51.13,6.53,61.3,696.2,idle,440.53,8.3,22.48,1,hydraulic,1805.0
2068-09-09,M14,Compressor,1.4,52.28,7.31,57.3,689.5,idle,440.78,8.1,22.23,1,hydraulic,2893.0
2068-09-10,M14,Compressor,3.2,64.78,15.53,148.0,1579.7,normal,441.28,14.6,21.73,1,hydraulic,3205.0
2068-09-11,M14,Compressor,1.35,51.9,6.96,49.6,719.4,idle,441.31,10.9,21.7,1,hydraulic,2990.0
2068-09-12,M14,Compressor,1.3,56.04,7.22,39.2,702.2,idle,441.68,10.0,21.33,1,hydraulic,3989.0
2068-09-13,M14,Compressor,1.22,56.12,7.34,52.7,705.5,idle,441.96,8.6,21.05,1,hydraulic,3195.0
2068-09-14,M14,Compressor,3.19,67.08,15.89,52.7,1703.4,normal,442.01,11.7,21.0,1,hydraulic,1618.0
2068-09-15,M14,Compressor,1.17,53.23,6.25,44.8,694.7,idle,442.23,15.9,20.78,1,hydraulic,3269.0
2068-09-16,M14,Compressor,1.17,56.87,6.67,44.8,715.9,idle,442.64,11.1,20.37,1,hydraulic,3796.0
2068-09-17,M14,Compressor,1.19,53.3,6.1,54.4,699.2,idle,442.96,13.6,20.05,1,hydraulic,3709.0
2068-09-18,M14,Compressor,3.29,57.95,13.78,125.2,1638.7,normal,442.99,11.0,20.02,1,hydraulic,1676.0
2068-09-19,M14,Compressor,1.31,57.29,6.93,54.5,721.3,idle,443.16,13.5,19.85,1,hydraulic,2821.0
2068-09-20,M14,Compressor,3.12,68.3,15.25,97.9,1598.1,normal,443.38,9.0,19.63,1,hydraulic,2361.0
2068-09-21,M14,Compressor,1.22,68.3,6.75,42.0,715.9,idle,443.49,8.3,19.52,1,hydraulic,3345.0
2068-09-22,M14,Compressor,1.41,55.23,6.11,36.9,687.7,idle,443.93,17.5,19.08,1,hydraulic,1829.0
2068-09-23,M14,Compressor,1.41,54.64,7.18,45.6,716.1,idle,444.29,11.7,18.72,1,hydraulic,1506.0
2068-09-24,M14,Compressor,1.37,56.61,6.69,36.0,728.5,idle,444.44,15.8,18.57,1,hydraulic,3123.0
2068-09-25,M14,Compressor,1.43,51.23,6.84,47.7,727.1,idle,444.91,13.0,18.1,1,hydraulic,2975.0
2068-09-26,M14,Compressor,1.43,54.25,7.37,57.7,714.1,idle,445.01,13.1,18.0,1,hydraulic,3565.0
2068-09-27,M14,Compressor,3.15,63.67,16.39,112.9,1673.0,normal,445.49,13.3,17.52,1,hydraulic,2569.0
2068-09-28,M14,Compressor,3.01,69.99,14.27,82.1,1694.3,normal,445.89,14.1,17.12,1,hydraulic,1557.0
2068-09-29,M14,Compressor,3.15,65.28,15.84,115.6,1622.1,normal,445.94,13.1,17.07,1,hydraulic,3904.0
2068-09-30,M14,Compressor,1.34,58.39,7.14,43.3,717.4,idle,446.04,17.1,16.97,1,hydraulic,2828.0
2068-10-01,M14,Compressor,1.34,52.37,7.22,49.9,691.0,idle,446.33,10.0,16.68,1,hydraulic,3729.0
2068-10-02,M14,Compressor,1.21,58.35,7.13,41.9,700.4,idle,446.38,8.2,16.63,1,hydraulic,2344.0
2068-10-03,M14,Compressor,1.29,50.89,7.35,62.4,727.6,idle,446.81,8.5,16.2,1,hydraulic,3773.0
2068-10-04,M14,Compressor,2.96,69.27,14.19,107.0,1674.2,normal,447.06,14.9,15.95,1,hydraulic,2340.0
2068-10-05,M14,Compressor,2.81,65.41,15.04,109.5,1576.2,normal,447.46,10.5,15.55,1,hydraulic,3757.0
2068-10-06,M14,Compressor,1.25,55.98,6.9,34.3,685.0,idle,447.53,10.6,15.48,1,hydraulic,3926.0
2068-10-07,M14,Compressor,1.21,57.84,6.21,39.2,697.1,idle,447.74,9.2,15.27,1,hydraulic,2808.0
2068-10-08,M14,Compressor,1.26,55.0,7.34,37.4,699.9,idle,447.79,13.5,15.22,1,hydraulic,3082.0
2068-10-09,M14,Compressor,3.02,74.49,14.48,70.6,1559.7,normal,447.86,8.3,15.15,1,hydraulic,2631.0
2068-10-10,M14,Compressor,1.3,55.33,6.95,50.9,720.9,idle,448.16,11.0,14.85,1,hydraulic,2053.0
2068-10-11,M14,Compressor,3.08,69.81,14.63,140.6,1681.1,normal,448.54,10.5,14.47,1,hydraulic,1534.0
2068-10-12,M14,Compressor,1.49,69.81,7.4,42.5,722.7,idle,449.03,10.8,13.98,1,hydraulic,2803.0
2068-10-13,M14,Compressor,1.46,51.98,7.4,41.7,670.2,idle,449.23,15.0,13.78,1,hydraulic,2823.0
2068-10-14,M14,Compressor,3.17,59.9,14.04,91.4,1567.4,normal,449.69,8.8,13.32,1,hydraulic,2136.0
2068-10-15,M14,Compressor,4.86,78.56,23.41,189.9,2359.6,peak,450.08,15.6,12.93,1,hydraulic,3810.0
2068-10-16,M14,Compressor,4.86,58.55,14.67,135.8,1591.5,normal,450.39,8.6,12.62,1,hydraulic,2281.0
2068-10-17,M14,Compressor,3.1,59.32,14.16,105.6,1658.4,normal,450.78,11.3,12.23,1,hydraulic,1941.0
2068-10-18,M14,Compressor,1.42,54.24,6.01,33.0,690.9,idle,451.06,9.1,11.95,1,hydraulic,2761.0
2068-10-19,M14,Compressor,4.26,77.82,22.75,169.9,2352.6,peak,451.36,9.6,11.65,1,hydraulic,1654.0
2068-10-20,M14,Compressor,3.26,74.97,16.11,126.5,1618.6,normal,451.71,11.4,11.3,1,hydraulic,3184.0
2068-10-21,M14,Compressor,3.04,73.83,15.52,130.2,1612.5,normal,452.18,9.2,10.83,1,hydraulic,3191.0
2068-10-22,M14,Compressor,3.12,72.45,16.35,127.8,1590.1,normal,452.58,13.2,10.43,1,hydraulic,1747.0
2068-10-23,M14,Compressor,3.05,62.12,14.92,96.9,1618.9,normal,452.61,9.6,10.4,1,hydraulic,1593.0
2068-10-24,M14,Compressor,3.33,74.89,16.16,88.6,1539.9,normal,452.69,13.8,10.32,1,hydraulic,3010.0
2068-10-25,M14,Compressor,4.4,69.01,23.03,199.4,2236.5,peak,453.06,14.5,9.95,1,hydraulic,2264.0
2068-10-26,M14,Compressor,3.31,59.92,14.5,130.4,1660.3,normal,453.21,14.5,9.8,1,hydraulic,2287.0
2068-10-27,M14,Compressor,3.19,74.49,16.07,96.1,1643.5,normal,453.44,9.0,9.57,1,hydraulic,2653.0
2068-10-28,M14,Compressor,1.29,58.58,6.35,50.0,708.8,idle,453.68,9.8,9.33,1,hydraulic,3493.0
2068-10-29,M14,Compressor,1.54,59.59,6.53,44.0,680.0,idle,453.84,14.4,9.17,1,hydraulic,2318.0
2068-10-30,M14,Compressor,1.45,58.7,6.56,45.5,710.6,idle,454.14,16.6,8.87,1,hydraulic,1555.0
2068-10-31,M14,Compressor,1.3,55.11,6.83,51.8,708.9,idle,454.34,11.7,8.67,1,hydraulic,2607.0
2068-11-01,M14,Compressor,3.33,68.54,16.37,109.5,1601.6,normal,454.46,8.7,8.55,1,hydraulic,3127.0
2068-11-02,M14,Compressor,2.98,75.36,15.61,91.4,1552.7,normal,454.56,12.5,8.45,1,hydraulic,1607.0
2068-11-03,M14,Compressor,3.44,66.6,14.39,100.9,1643.5,normal,454.96,9.9,8.05,1,hydraulic,2000.0
2068-11-04,M14,Compressor,1.29,55.45,6.41,100.9,686.9,idle,455.01,11.7,8.0,1,hydraulic,2932.0
2068-11-05,M14,Compressor,3.45,62.87,14.69,113.7,1663.0,normal,455.43,16.7,7.58,1,hydraulic,1844.0
2068-11-06,M14,Compressor,3.66,72.73,14.28,89.6,1617.6,normal,455.64,8.9,7.37,1,hydraulic,2963.0
2068-11-07,M14,Compressor,4.54,71.42,23.67,157.5,1617.6,peak,456.04,11.7,6.97,1,hydraulic,2548.0
2068-11-08,M14,Compressor,3.04,64.66,15.62,78.7,1657.2,normal,456.19,9.4,6.82,1,hydraulic,2312.0
2068-11-09,M14,Compressor,3.36,71.81,16.03,135.1,1642.3,normal,456.29,9.4,6.72,1,hydraulic,3464.0
2068-11-10,M14,Compressor,1.42,59.58,7.04,34.9,667.0,idle,456.66,13.7,6.35,1,hydraulic,2163.0
2068-11-11,M14,Compressor,1.36,58.18,6.41,49.9,684.3,idle,456.69,14.2,6.32,1,hydraulic,3379.0
2068-11-12,M14,Compressor,3.19,68.91,15.66,107.3,1565.5,normal,456.81,15.7,6.2,1,hydraulic,2499.0
2068-11-13,M14,Compressor,3.28,68.92,16.18,102.6,1525.4,normal,457.23,8.3,5.78,1,hydraulic,3509.0
2068-11-14,M14,Compressor,1.39,59.34,6.77,39.0,678.6,idle,457.53,17.9,5.48,1,hydraulic,2691.0
2068-11-15,M14,Compressor,4.7,83.45,23.51,124.8,2245.4,peak,457.74,16.6,5.27,1,hydraulic,3027.0
2068-11-16,M14,Compressor,3.41,71.34,15.24,84.7,1525.1,normal,457.89,8.6,5.12,1,hydraulic,1767.0
2068-11-17,M14,Compressor,3.11,61.98,16.22,82.4,1645.2,normal,458.04,9.2,4.97,1,hydraulic,2653.0
2068-11-18,M14,Compressor,3.31,62.06,16.42,79.8,1561.3,normal,458.29,11.1,4.72,1,hydraulic,2517.0
2068-11-19,M14,Compressor,3.29,65.02,15.99,132.9,1572.6,normal,458.56,13.0,4.45,1,hydraulic,1613.0
2068-11-20,M14,Compressor,3.38,61.73,16.45,126.5,1622.5,normal,459.04,14.6,3.97,1,hydraulic,2045.0
2068-11-21,M14,Compressor,3.41,61.73,15.9,144.7,1611.2,normal,459.54,12.7,3.47,1,hydraulic,2019.0
2068-11-22,M14,Compressor,3.59,70.89,14.79,144.7,1632.7,normal,459.79,11.1,3.22,1,hydraulic,3437.0
2068-11-23,M14,Compressor,3.22,62.14,15.0,131.3,1580.0,normal,460.14,17.7,2.87,1,hydraulic,2252.0
2068-11-24,M14,Compressor,3.53,73.68,14.43,109.1,1571.9,normal,460.36,13.9,2.65,1,hydraulic,2752.0
2068-11-25,M14,Compressor,3.28,75.18,15.98,109.1,1494.0,normal,460.43,11.5,2.58,1,hydraulic,3279.0
2068-11-26,M14,Compressor,3.74,67.86,15.7,109.2,1636.5,normal,460.88,14.2,2.13,1,hydraulic,3331.0
2068-11-27,M14,Compressor,3.23,60.92,14.58,107.4,1510.8,normal,461.28,10.2,1.73,1,hydraulic,1607.0
2068-11-28,M14,Compressor,3.48,72.37,16.21,112.5,1598.1,normal,461.33,17.1,1.68,1,hydraulic,2657.0
2068-11-29,M14,Compressor,3.83,60.21,16.11,126.3,1522.4,normal,461.61,14.6,1.4,1,hydraulic,2253.0
2068-11-30,M14,Compressor,3.34,74.8,15.88,117.4,1637.6,normal,461.71,8.7,1.3,1,hydraulic,3480.0
2068-12-01,M14,Compressor,1.54,57.37,7.22,37.9,663.3,idle,462.18,8.1,0.83,1,hydraulic,2026.0
2068-12-02,M14,Compressor,3.26,67.06,16.77,87.3,1530.6,normal,462.58,13.7,0.5,1,hydraulic,2066.0
2068-12-03,M14,Compressor,1.56,60.9,6.45,42.8,664.9,idle,462.71,8.9,0.5,1,hydraulic,2369.0
2068-12-04,M14,Compressor,3.32,68.46,14.48,86.8,1619.6,normal,462.79,17.8,0.5,1,hydraulic,3163.0
2068-12-05,M14,Compressor,1.04,68.46,5.75,47.6,726.2,idle,0.0,17.1,96.39,0,none,0.0
2068-12-06,M14,Compressor,2.31,51.6,5.75,98.4,1655.5,normal,0.25,8.4,96.14,0,none,0.0
2068-12-07,M14,Compressor,2.32,60.22,14.1,99.4,1655.5,normal,0.33,18.0,96.06,0,none,0.0
2068-12-08,M14,Compressor,0.93,49.82,5.52,48.9,770.4,idle,0.78,11.3,95.61,0,none,0.0
2068-12-09,M14,Compressor,1.08,51.03,6.5,48.8,763.8,idle,0.85,9.2,95.54,0,none,0.0
2068-12-10,M14,Compressor,1.08,63.59,14.54,95.7,1783.7,normal,1.13,12.5,95.26,0,none,0.0
2068-12-11,M14,Compressor,1.08,59.31,14.22,105.7,1772.2,normal,1.28,17.1,95.11,0,none,0.0
2068-12-12,M14,Compressor,2.21,63.93,13.73,101.5,1787.6,normal,1.57,14.5,94.82,0,none,0.0
2068-12-13,M14,Compressor,2.19,65.53,15.44,103.0,1807.7,normal,1.87,9.8,94.52,0,none,0.0
2068-12-14,M14,Compressor,2.19,54.67,14.13,115.0,1763.3,normal,2.05,12.0,94.34,0,none,0.0
2068-12-15,M14,Compressor,1.0,46.06,6.59,44.5,739.9,idle,2.17,11.0,94.22,0,none,0.0
2068-12-16,M14,Compressor,2.47,60.05,13.46,112.2,1693.9,normal,2.62,15.2,93.77,0,none,0.0
2068-12-17,M14,Compressor,1.05,47.83,6.39,46.8,728.8,idle,2.8,15.4,93.59,0,none,0.0
2068-12-18,M14,Compressor,2.43,65.61,15.23,112.2,1814.7,normal,3.28,8.7,93.11,0,none,0.0
2068-12-19,M14,Compressor,2.4,54.59,14.65,117.7,1711.0,normal,3.45,13.5,92.94,0,none,0.0
2068-12-20,M14,Compressor,0.95,51.73,6.65,42.4,753.7,idle,3.67,13.2,92.72,0,none,0.0
2068-12-21,M14,Compressor,2.22,55.16,13.22,100.8,1735.9,normal,3.7,14.9,92.69,0,none,0.0
2068-12-22,M14,Compressor,2.14,66.01,14.94,104.5,1672.1,normal,4.07,16.9,92.32,0,none,0.0
2068-12-23,M14,Compressor,1.1,48.51,6.13,43.6,732.2,idle,4.53,13.3,91.86,0,none,0.0
2068-12-24,M14,Compressor,2.5,59.36,15.46,118.8,1685.2,normal,4.9,8.5,91.49,0,none,0.0
2068-12-25,M14,Compressor,1.1,51.89,6.7,45.1,733.5,idle,5.0,16.3,91.39,0,none,0.0
2068-12-26,M14,Compressor,2.15,50.94,15.05,118.6,1781.3,normal,5.43,10.6,90.96,0,none,0.0
2068-12-27,M14,Compressor,2.48,57.47,14.6,111.8,1693.7,normal,5.6,10.3,90.79,0,none,0.0
2068-12-28,M14,Compressor,1.05,45.17,5.94,46.7,752.4,idle,5.95,12.1,90.44,0,none,0.0
2068-12-29,M14,Compressor,3.42,66.66,18.2,164.6,2552.7,peak,6.2,10.9,90.19,0,none,0.0
2068-12-30,M14,Compressor,1.08,50.43,5.82,49.5,779.0,idle,6.52,15.9,89.87,0,none,0.0
2068-12-31,M14,Compressor,2.14,52.85,15.48,102.3,1789.4,normal,6.93,9.2,89.46,0,none,0.0
2069-01-01,M14,Compressor,2.14,63.18,14.75,118.4,1773.9,normal,7.23,8.7,89.16,0,none,0.0
2069-01-02,M14,Compressor,0.91,47.6,6.02,46.6,745.7,idle,7.35,15.2,89.04,0,none,0.0
2069-01-03,M14,Compressor,2.24,61.9,13.78,116.3,1704.9,normal,7.72,16.2,88.67,0,none,0.0
2069-01-04,M14,Compressor,2.36,64.87,15.06,109.7,1714.6,normal,7.98,12.2,88.41,0,none,0.0
2069-01-05,M14,Compressor,1.01,50.8,5.83,43.0,754.9,idle,8.28,11.7,88.11,0,none,0.0
2069-01-06,M14,Compressor,2.39,55.28,14.09,97.2,1672.2,normal,8.38,10.4,88.01,0,none,0.0
2069-01-07,M14,Compressor,2.51,58.36,13.25,119.0,1685.7,normal,8.53,14.4,87.86,0,none,0.0
2069-01-08,M14,Compressor,2.26,67.51,13.45,119.2,1772.8,normal,8.9,16.0,87.49,0,none,0.0
2069-01-09,M14,Compressor,2.31,60.71,14.27,115.1,1660.7,normal,9.2,12.2,87.19,0,none,0.0
2069-01-10,M14,Compressor,1.06,51.76,6.14,43.5,726.5,idle,9.4,9.2,86.99,0,none,0.0
2069-01-11,M14,Compressor,0.97,45.05,5.84,47.2,745.0,idle,9.53,10.8,86.86,0,none,0.0
2069-01-12,M14,Compressor,1.08,47.71,5.73,43.1,761.6,idle,9.97,11.5,86.42,0,none,0.0
2069-01-13,M14,Compressor,2.42,62.74,13.85,117.9,1669.3,normal,10.35,12.6,86.04,0,none,0.0
2069-01-14,M14,Compressor,2.12,63.36,14.69,107.3,1657.4,normal,10.8,12.6,85.59,0,none,0.0
2069-01-15,M14,Compressor,0.92,45.56,6.46,47.3,760.6,idle,11.25,12.8,85.14,0,none,0.0
2069-01-16,M14,Compressor,2.5,50.45,14.61,101.3,1747.1,normal,11.52,16.3,84.87,0,none,0.0
2069-01-17,M14,Compressor,2.47,62.96,13.72,103.9,1805.9,normal,11.88,11.4,84.51,0,none,0.0
2069-01-18,M14,Compressor,2.52,54.63,14.47,97.7,1805.9,normal,12.02,8.2,84.37,0,none,0.0
2069-01-19,M14,Compressor,2.41,54.75,14.05,114.6,1693.4,normal,12.3,15.8,84.09,0,none,0.0
2069-01-20,M14,Compressor,2.48,55.69,14.05,95.8,1693.9,normal,12.47,12.7,83.92,0,none,0.0
2069-01-21,M14,Compressor,2.19,66.03,14.07,108.6,1691.2,normal,12.68,9.1,83.71,0,none,0.0
2069-01-22,M14,Compressor,2.16,60.77,13.71,118.2,1731.0,normal,12.8,13.5,83.59,0,none,0.0
2069-01-23,M14,Compressor,2.17,50.43,13.58,103.0,1685.2,normal,13.03,9.3,83.36,0,none,0.0
2069-01-24,M14,Compressor,2.28,65.82,13.12,115.0,1722.4,normal,13.08,11.4,83.31,0,none,0.0
2069-01-25,M14,Compressor,3.54,68.34,18.66,164.2,2430.9,peak,13.45,9.6,82.94,0,none,0.0
2069-01-26,M14,Compressor,0.97,51.83,5.82,47.0,778.6,idle,13.93,13.0,82.46,0,none,0.0
2069-01-27,M14,Compressor,2.44,61.93,14.55,108.9,1811.4,normal,14.12,11.6,82.27,0,none,0.0
2069-01-28,M14,Compressor,2.37,61.94,14.85,108.2,1800.9,normal,14.32,14.5,82.07,0,none,0.0
2069-01-29,M14,Compressor,3.01,62.91,20.47,145.4,2587.4,peak,14.5,15.6,81.89,0,none,0.0
2069-01-30,M14,Compressor,2.51,53.94,13.83,111.9,1708.0,normal,14.92,12.4,81.47,0,none,0.0
2069-01-31,M14,Compressor,2.53,54.47,15.05,106.6,1727.1,normal,15.02,9.4,81.37,0,none,0.0
2069-02-01,M14,Compressor,2.18,67.7,13.86,100.1,1655.5,normal,15.12,9.3,81.27,0,none,0.0
2069-02-02,M14,Compressor,2.35,50.58,14.14,117.6,1734.7,normal,15.28,12.2,81.11,0,none,0.0
2069-02-03,M14,Compressor,2.12,54.76,13.12,117.0,1690.8,normal,15.78,8.4,80.61,0,none,0.0
2069-02-04,M14,Compressor,0.91,51.72,6.23,45.2,775.6,idle,15.9,9.6,80.49,0,none,0.0
2069-02-05,M14,Compressor,2.37,55.07,14.98,101.8,1725.3,normal,15.95,16.8,80.44,0,none,0.0
2069-02-06,M14,Compressor,1.06,51.45,6.41,46.0,724.6,idle,16.03,13.1,80.36,0,none,0.0
2069-02-07,M14,Compressor,1.02,46.61,6.27,48.0,758.4,idle,16.28,12.1,80.11,0,none,0.0
2069-02-08,M14,Compressor,0.92,47.18,5.8,43.2,733.2,idle,16.43,11.7,79.96,0,none,0.0
2069-02-09,M14,Compressor,1.08,49.7,6.86,46.0,720.1,idle,16.48,17.9,79.91,0,none,0.0
2069-02-10,M14,Compressor,0.91,45.16,6.67,43.6,726.1,idle,16.57,11.4,79.82,0,none,0.0
2069-02-11,M14,Compressor,0.91,45.16,6.25,44.7,773.8,idle,16.98,14.2,79.41,0,none,0.0
2069-02-12,M14,Compressor,1.04,47.63,6.79,47.8,768.5,idle,17.43,11.7,78.96,0,none,0.0
2069-02-13,M14,Compressor,1.1,45.63,5.8,46.5,752.0,idle,17.47,11.5,78.92,0,none,0.0
2069-02-14,M14,Compressor,2.53,52.81,14.06,108.2,1728.9,normal,17.7,11.9,78.69,0,none,0.0
2069-02-15,M14,Compressor,0.91,45.18,5.73,46.8,745.7,idle,18.07,15.2,78.32,0,none,0.0
2069-02-16,M14,Compressor,2.19,63.26,15.01,100.2,1772.9,normal,18.27,13.2,78.12,0,none,0.0
2069-02-17,M14,Compressor,0.91,50.85,6.94,43.2,767.2,idle,18.43,9.3,77.96,0,none,0.0
2069-02-18,M14,Compressor,0.92,51.69,6.18,46.3,765.8,idle,18.67,17.1,77.72,0,none,0.0
2069-02-19,M14,Compressor,0.95,47.19,5.61,46.9,768.0,idle,18.73,15.4,77.66,0,none,0.0
2069-02-20,M14,Compressor,1.07,48.29,6.65,43.2,764.6,idle,19.18,16.9,77.21,0,none,0.0
2069-02-21,M14,Compressor,0.9,45.56,6.45,44.6,744.6,idle,19.3,13.7,77.09,0,none,0.0
2069-02-22,M14,Compressor,1.07,48.57,6.1,45.7,770.9,idle,19.58,8.3,76.81,0,none,0.0
2069-02-23,M14,Compressor,2.34,65.76,13.62,45.7,1712.7,normal,19.63,12.1,76.76,0,none,0.0
2069-02-24,M14,Compressor,2.4,65.76,14.43,108.2,1727.2,normal,19.78,9.0,76.61,0,none,0.0
2069-02-25,M14,Compressor,1.08,46.14,6.15,43.7,739.9,idle,20.0,17.6,76.39,0,none,0.0
2069-02-26,M14,Compressor,0.95,49.36,6.56,44.2,779.0,idle,20.27,14.0,76.12,0,none,0.0
2069-02-27,M14,Compressor,0.96,50.63,5.94,45.3,759.9,idle,20.55,9.8,75.84,0,none,0.0
2069-02-28,M14,Compressor,1.01,48.05,6.69,47.7,774.9,idle,20.88,11.4,75.51,0,none,0.0
2069-03-01,M14,Compressor,0.95,48.05,6.69,47.7,774.9,idle,21.13,8.8,75.26,0,none,0.0
2069-03-02,M14,Compressor,0.95,49.35,6.38,43.6,731.2,idle,21.3,10.1,75.09,0,none,0.0
2069-03-03,M14,Compressor,0.99,44.11,5.5,46.9,739.5,idle,21.8,8.3,74.59,0,none,0.0
2069-03-04,M14,Compressor,0.9,47.68,6.9,44.0,735.1,idle,22.27,10.9,74.12,0,none,0.0
2069-03-05,M14,Compressor,0.99,45.19,6.46,48.7,731.7,idle,22.33,8.5,74.06,0,none,0.0
2069-03-06,M14,Compressor,1.03,51.1,6.85,46.4,729.1,idle,22.6,9.7,73.79,0,none,0.0
2069-03-07,M14,Compressor,1.03,49.88,6.63,49.5,756.9,idle,22.92,14.2,73.47,0,none,0.0
2069-03-08,M14,Compressor,2.33,59.05,13.8,96.4,1772.0,normal,23.27,17.1,73.12,0,none,0.0
2069-03-09,M14,Compressor,0.9,44.51,6.0,49.5,749.0,idle,23.6,12.0,72.79,0,none,0.0
2069-03-10,M14,Compressor,0.94,51.18,6.36,45.0,762.9,idle,23.78,15.3,72.61,0,none,0.0
2069-03-11,M14,Compressor,0.99,49.84,5.83,43.2,747.7,idle,23.83,15.7,72.56,0,none,0.0
2069-03-12,M14,Compressor,0.96,48.84,6.68,49.2,765.6,idle,24.33,12.7,72.06,0,none,0.0
2069-03-13,M14,Compressor,2.27,63.09,14.32,117.7,1770.2,normal,24.82,17.6,71.57,0,none,0.0
2069-03-14,M14,Compressor,2.18,51.41,14.36,104.1,1678.6,normal,25.32,16.8,71.07,0,none,0.0
2069-03-15,M14,Compressor,2.5,56.76,13.22,101.6,1765.1,normal,25.37,8.6,71.02,0,none,0.0
2069-03-16,M14,Compressor,2.42,54.72,13.85,96.2,1812.0,normal,25.5,11.5,70.89,0,none,0.0
2069-03-17,M14,Compressor,3.2,73.59,21.26,151.7,2538.8,peak,25.88,9.5,70.51,0,none,0.0
2069-03-18,M14,Compressor,2.34,67.58,14.6,108.0,1758.5,normal,26.02,11.6,70.37,0,none,0.0
2069-03-19,M14,Compressor,2.34,67.58,14.78,97.1,1758.5,normal,26.13,12.7,70.26,0,none,0.0
2069-03-20,M14,Compressor,2.34,83.42,15.31,115.8,1735.1,normal,26.33,10.9,70.06,0,none,0.0
2069-03-21,M14,Compressor,1.06,48.47,6.19,43.8,777.1,idle,26.63,12.0,69.76,0,none,0.0
2069-03-22,M14,Compressor,2.4,62.16,13.35,105.8,1814.0,normal,26.78,10.6,69.61,0,none,0.0
2069-03-23,M14,Compressor,1.05,51.06,6.09,42.5,741.1,idle,27.1,12.0,69.29,0,none,0.0
2069-03-24,M14,Compressor,2.29,55.42,14.32,99.8,1809.4,normal,27.27,10.8,69.12,0,none,0.0
2069-03-25,M14,Compressor,3.54,60.23,20.61,155.0,2450.0,peak,27.35,15.1,69.04,0,none,0.0
2069-03-26,M14,Compressor,2.55,54.16,14.56,103.4,1790.4,normal,27.6,15.2,68.79,0,none,0.0
2069-03-27,M14,Compressor,2.41,64.99,13.87,95.3,1687.7,normal,27.82,11.1,68.57,0,none,0.0
2069-03-28,M14,Compressor,2.51,55.7,13.8,106.2,1696.7,normal,28.08,10.0,68.31,0,none,0.0
2069-03-29,M14,Compressor,2.5,55.79,14.51,106.3,1698.8,normal,28.42,8.6,67.97,0,none,0.0
2069-03-30,M14,Compressor,0.95,48.02,5.82,44.8,722.4,idle,28.5,11.0,67.89,0,none,0.0
2069-03-31,M14,Compressor,2.5,50.79,15.18,96.2,1794.2,normal,28.73,11.9,67.66,0,none,0.0
2069-04-01,M14,Compressor,1.03,48.05,5.72,44.0,761.4,idle,29.2,8.3,67.19,0,none,0.0
2069-04-02,M14,Compressor,1.0,48.11,5.7,45.8,755.4,idle,29.48,8.7,66.91,0,none,0.0
2069-04-03,M14,Compressor,3.07,74.49,21.32,151.3,2512.7,peak,29.58,16.6,66.81,0,none,0.0
2069-04-04,M14,Compressor,1.01,44.85,6.16,43.7,740.0,idle,29.97,14.5,66.42,0,none,0.0
2069-04-05,M14,Compressor,1.01,59.92,13.17,111.8,1819.8,normal,30.18,8.8,66.21,0,none,0.0
2069-04-06,M14,Compressor,2.18,62.29,15.06,116.1,1770.3,normal,30.6,16.0,65.79,0,none,0.0
2069-04-07,M14,Compressor,2.55,50.58,13.16,98.4,1657.4,normal,30.73,16.7,65.66,0,none,0.0
2069-04-08,M14,Compressor,2.16,64.71,15.24,103.4,1812.7,normal,30.85,12.1,65.54,0,none,0.0
2069-04-09,M14,Compressor,2.31,53.1,14.7,105.5,1653.3,normal,31.35,8.1,65.04,0,none,0.0
2069-04-10,M14,Compressor,2.58,60.76,14.53,119.6,1791.7,normal,31.55,16.3,64.84,0,none,0.0
2069-04-11,M14,Compressor,2.28,50.75,13.56,103.8,1813.2,normal,31.67,12.5,64.72,0,none,0.0
2069-04-12,M14,Compressor,3.53,55.43,21.95,150.1,2555.1,peak,31.78,10.7,64.61,0,none,0.0
2069-04-13,M14,Compressor,2.16,53.97,14.26,112.6,1708.7,normal,32.17,11.3,64.22,0,none,0.0
2069-04-14,M14,Compressor,2.54,66.92,13.31,113.0,1672.4,normal,32.62,10.9,63.77,0,none,0.0
2069-04-15,M14,Compressor,0.97,50.56,6.0,49.3,744.7,idle,33.05,11.6,63.34,0,none,0.0
2069-04-16,M14,Compressor,2.25,67.8,6.0,113.5,1751.9,normal,33.12,13.9,63.27,0,none,0.0
2069-04-17,M14,Compressor,2.2,59.01,13.19,112.7,1738.2,normal,33.35,11.9,63.04,0,none,0.0
2069-04-18,M14,Compressor,2.16,63.8,15.01,113.3,1705.9,normal,33.5,9.9,62.89,0,none,0.0
2069-04-19,M14,Compressor,2.46,60.4,14.36,111.2,1757.1,normal,33.73,8.7,62.66,0,none,0.0
2069-04-20,M14,Compressor,2.5,67.75,14.82,106.0,1728.5,normal,33.82,12.9,62.57,0,none,0.0
2069-04-21,M14,Compressor,2.11,52.88,13.57,119.8,1779.7,normal,34.02,11.5,62.37,0,none,0.0
2069-04-22,M14,Compressor,2.17,58.97,13.53,102.4,1752.8,normal,34.42,12.5,61.97,0,none,0.0
2069-04-23,M14,Compressor,2.17,58.97,18.66,102.4,1752.8,peak,34.87,8.8,61.52,0,none,0.0
2069-04-24,M14,Compressor,2.17,59.3,13.85,102.3,1686.7,normal,35.22,9.4,61.17,0,none,0.0
2069-04-25,M14,Compressor,2.58,60.85,13.76,113.6,1699.2,normal,35.32,16.5,61.07,0,none,0.0
2069-04-26,M14,Compressor,3.3,55.52,21.39,164.1,2573.2,peak,35.42,10.5,60.97,0,none,0.0
2069-04-27,M14,Compressor,3.3,64.85,13.87,118.4,1700.8,normal,35.58,12.4,60.81,0,none,0.0
2069-04-28,M14,Compressor,0.92,50.82,5.67,118.4,742.6,idle,36.03,17.7,60.36,0,none,0.0
2069-04-29,M14,Compressor,2.48,63.48,14.94,96.6,1795.9,normal,36.27,12.1,60.12,0,none,0.0
2069-04-30,M14,Compressor,2.33,53.95,13.75,117.6,1651.0,normal,36.65,9.6,59.74,0,none,0.0
2069-05-01,M14,Compressor,1.06,51.39,5.88,48.6,729.7,idle,36.82,17.3,59.57,0,none,0.0
2069-05-02,M14,Compressor,1.06,60.88,14.62,98.8,1737.1,normal,37.28,16.2,59.11,0,none,0.0
2069-05-03,M14,Compressor,0.98,44.61,6.26,46.7,733.0,idle,37.77,12.4,58.62,0,none,0.0
2069-05-04,M14,Compressor,2.47,44.61,14.38,102.6,1724.1,normal,37.8,13.6,58.59,0,none,0.0
2069-05-05,M14,Compressor,3.54,68.4,18.6,162.7,2474.6,peak,37.95,10.8,58.44,0,none,0.0
2069-05-06,M14,Compressor,2.27,59.03,13.51,117.9,1729.5,normal,38.25,16.1,58.14,0,none,0.0
2069-05-07,M14,Compressor,2.3,53.08,15.01,118.8,1797.8,normal,38.38,10.2,58.01,0,none,0.0
2069-05-08,M14,Compressor,2.3,53.08,13.51,118.8,1797.8,normal,38.87,11.5,57.52,0,none,0.0
2069-05-09,M14,Compressor,2.44,52.24,14.51,118.8,1685.5,normal,39.23,16.5,57.16,0,none,0.0
2069-05-10,M14,Compressor,2.31,58.98,15.08,114.3,1780.8,normal,39.48,11.8,56.91,0,none,0.0
2069-05-11,M14,Compressor,2.44,61.12,14.27,104.2,1737.2,normal,39.78,17.4,56.61,0,none,0.0
2069-05-12,M14,Compressor,1.07,61.12,6.98,43.1,746.5,idle,40.07,12.2,56.32,0,none,0.0
2069-05-13,M14,Compressor,0.94,46.92,6.68,48.6,721.9,idle,40.22,8.5,56.17,0,none,0.0
2069-05-14,M14,Compressor,1.09,50.97,6.86,45.0,749.8,idle,40.67,18.0,55.72,0,none,0.0
2069-05-15,M14,Compressor,0.93,47.17,5.69,48.9,754.9,idle,40.7,14.9,55.69,0,none,0.0
2069-05-16,M14,Compressor,0.93,51.03,5.62,49.4,726.3,idle,41.08,10.8,55.31,0,none,0.0
2069-05-17,M14,Compressor,1.04,49.16,5.62,46.5,741.0,idle,41.57,9.6,54.82,0,none,0.0
2069-05-18,M14,Compressor,0.95,51.56,6.16,48.7,763.4,idle,41.62,10.2,54.77,0,none,0.0
2069-05-19,M14,Compressor,1.03,51.76,6.35,47.9,771.0,idle,42.07,9.4,54.32,0,none,0.0
2069-05-20,M14,Compressor,0.91,51.97,5.89,47.6,777.2,idle,42.15,12.7,54.24,0,none,0.0
2069-05-21,M14,Compressor,1.05,45.84,6.04,45.3,755.2,idle,42.42,13.0,53.97,0,none,0.0
2069-05-22,M14,Compressor,1.02,50.3,6.79,42.7,736.4,idle,42.75,9.8,53.64,0,none,0.0
2069-05-23,M14,Compressor,0.97,44.11,6.13,44.9,751.5,idle,42.85,17.9,53.54,0,none,0.0
2069-05-24,M14,Compressor,0.92,47.31,6.4,48.4,766.0,idle,43.25,10.8,53.14,0,none,0.0
2069-05-25,M14,Compressor,0.98,47.12,5.56,42.7,772.3,idle,43.58,9.6,52.81,0,none,0.0
2069-05-26,M14,Compressor,1.06,44.17,6.82,46.9,768.1,idle,44.05,16.8,52.34,0,none,0.0
2069-05-27,M14,Compressor,1.0,45.21,6.04,45.6,765.2,idle,44.4,15.3,51.99,0,none,0.0
2069-05-28,M14,Compressor,2.51,63.35,14.19,111.6,1700.2,normal,44.55,15.3,51.84,0,none,0.0
2069-05-29,M14,Compressor,2.59,53.03,14.81,98.9,1697.8,normal,45.03,10.1,51.36,0,none,0.0
2069-05-30,M14,Compressor,1.05,49.83,5.69,47.4,732.2,idle,45.47,14.8,50.92,0,none,0.0
2069-05-31,M14,Compressor,1.09,48.82,5.51,43.7,733.8,idle,45.58,13.2,50.81,0,none,0.0
2069-06-01,M14,Compressor,2.22,60.03,13.51,43.7,1679.5,normal,46.03,16.3,50.36,0,none,0.0
2069-06-02,M14,Compressor,1.03,48.55,6.44,49.7,744.0,idle,46.38,14.3,50.01,0,none,0.0
2069-06-03,M14,Compressor,0.94,51.99,5.59,48.5,729.7,idle,46.77,8.8,49.62,0,none,0.0
2069-06-04,M14,Compressor,1.03,47.79,6.76,47.9,730.3,idle,47.07,16.0,49.32,0,none,0.0
2069-06-05,M14,Compressor,1.03,45.74,5.75,42.7,726.8,idle,47.53,14.0,48.86,0,none,0.0
2069-06-06,M14,Compressor,1.04,51.94,6.51,47.7,767.0,idle,47.85,10.6,48.54,0,none,0.0
2069-06-07,M14,Compressor,2.54,54.82,14.51,100.4,1739.4,normal,48.2,11.9,48.19,0,none,0.0
2069-06-08,M14,Compressor,2.2,51.15,13.22,119.4,1651.0,normal,48.32,18.0,48.07,0,none,0.0
2069-06-09,M14,Compressor,2.45,65.97,13.98,112.7,1709.3,normal,48.75,16.3,47.64,0,none,0.0
2069-06-10,M14,Compressor,2.36,66.84,13.11,101.7,1668.0,normal,48.87,14.0,47.52,0,none,0.0
2069-06-11,M14,Compressor,2.35,63.87,15.44,98.9,1657.5,normal,48.97,10.3,47.42,0,none,0.0
2069-06-12,M14,Compressor,0.93,51.75,5.98,44.1,764.1,idle,49.07,15.1,47.32,0,none,0.0
2069-06-13,M14,Compressor,2.16,56.28,13.36,119.4,1698.5,normal,49.35,17.0,47.04,0,none,0.0
2069-06-14,M14,Compressor,0.95,49.08,5.52,47.2,747.2,idle,49.43,18.0,46.96,0,none,0.0
2069-06-15,M14,Compressor,2.19,58.75,15.5,116.0,1815.6,normal,49.58,8.5,46.81,0,none,0.0
2069-06-16,M14,Compressor,2.56,64.77,13.84,113.2,1716.6,normal,49.67,16.7,46.72,0,none,0.0
2069-06-17,M14,Compressor,0.99,50.99,5.81,44.4,775.8,idle,49.8,9.9,46.59,0,none,0.0
2069-06-18,M14,Compressor,2.45,51.17,13.3,109.5,1785.8,normal,50.07,9.0,46.32,0,none,0.0
2069-06-19,M14,Compressor,1.06,47.4,5.89,48.3,776.6,idle,50.47,11.4,45.92,0,none,0.0
2069-06-20,M14,Compressor,3.27,57.75,20.44,146.4,2522.3,peak,50.87,15.8,45.52,0,none,0.0
2069-06-21,M14,Compressor,2.19,59.29,14.56,106.2,1790.6,normal,51.12,12.0,45.27,0,none,0.0
2069-06-22,M14,Compressor,3.22,58.1,19.86,164.3,2576.0,peak,51.55,16.3,44.84,0,none,0.0
2069-06-23,M14,Compressor,2.26,54.37,14.21,111.4,1807.5,normal,52.0,9.1,44.39,0,none,0.0
2069-06-24,M14,Compressor,2.41,65.05,14.74,97.5,1801.6,normal,52.13,12.3,44.26,0,none,0.0
2069-06-25,M14,Compressor,2.41,56.6,15.1,119.5,1702.8,normal,52.55,15.4,43.84,0,none,0.0
2069-06-26,M14,Compressor,0.98,47.88,6.25,48.0,769.0,idle,52.75,11.2,43.64,0,none,0.0
2069-06-27,M14,Compressor,2.6,47.88,13.75,104.0,1755.1,normal,52.85,12.1,43.54,0,none,0.0
2069-06-28,M14,Compressor,2.44,51.62,13.86,100.1,1736.3,normal,53.27,17.6,43.12,0,none,0.0
2069-06-29,M14,Compressor,2.44,66.61,19.87,153.1,2529.8,peak,53.33,8.9,43.06,0,none,0.0
2069-06-30,M14,Compressor,2.31,57.19,14.63,96.4,1723.5,normal,53.4,17.0,42.99,0,none,0.0
2069-07-01,M14,Compressor,2.2,50.69,13.09,99.2,1723.8,normal,53.78,9.6,42.61,0,none,0.0
2069-07-02,M14,Compressor,2.38,64.33,13.09,108.0,1656.2,normal,54.2,13.8,42.19,0,none,0.0
2069-07-03,M14,Compressor,2.25,64.33,13.68,109.9,1752.7,normal,54.27,17.7,42.12,0,none,0.0
2069-07-04,M14,Compressor,3.18,66.43,18.46,159.5,2404.5,peak,54.47,16.6,41.92,0,none,0.0
2069-07-05,M14,Compressor,2.12,65.66,14.45,99.1,1752.3,normal,54.9,10.2,41.49,0,none,0.0
2069-07-06,M14,Compressor,0.97,46.16,6.72,45.8,737.6,idle,55.23,16.6,41.16,0,none,0.0
2069-07-07,M14,Compressor,3.57,58.3,18.57,146.9,2424.9,peak,55.43,15.9,40.96,0,none,0.0
2069-07-08,M14,Compressor,2.23,62.57,14.68,114.1,1747.8,normal,55.67,15.4,40.72,0,none,0.0
2069-07-09,M14,Compressor,2.35,57.77,15.19,103.6,1801.6,normal,55.92,11.6,40.47,0,none,0.0
2069-07-10,M14,Compressor,2.24,52.83,13.64,107.5,1807.4,normal,56.27,15.5,40.12,0,none,0.0
2069-07-11,M14,Compressor,3.11,66.6,18.87,158.6,2493.0,peak,56.33,14.0,40.06,0,none,0.0
2069-07-12,M14,Compressor,2.47,65.41,13.84,118.5,1729.6,normal,56.8,12.4,39.59,0,none,0.0
2069-07-13,M14,Compressor,1.09,45.84,6.85,44.7,765.0,idle,56.85,9.4,39.54,0,none,0.0
2069-07-14,M14,Compressor,2.58,66.42,14.16,103.6,1754.2,normal,57.08,11.1,39.31,0,none,0.0
2069-07-15,M14,Compressor,2.45,59.72,15.12,96.5,1751.9,normal,57.48,16.0,38.91,0,none,0.0
2069-07-16,M14,Compressor,2.36,50.71,13.03,110.2,1670.1,normal,57.87,10.9,38.52,0,none,0.0
2069-07-17,M14,Compressor,1.05,51.59,5.77,48.4,755.5,idle,58.13,15.4,38.26,0,none,0.0
2069-07-18,M14,Compressor,0.99,49.2,6.7,49.8,759.6,idle,58.27,10.5,38.12,0,none,0.0
2069-07-19,M14,Compressor,2.47,60.94,14.41,96.6,1676.4,normal,58.37,9.0,38.02,0,none,0.0
2069-07-20,M14,Compressor,2.29,61.69,13.19,108.6,1652.2,normal,58.62,10.0,37.77,0,none,0.0
2069-07-21,M14,Compressor,2.48,62.0,14.3,109.3,1808.6,normal,58.9,15.6,37.49,0,none,0.0
2069-07-22,M14,Compressor,3.54,70.86,19.34,147.1,2464.3,peak,59.3,9.5,37.09,0,none,0.0
2069-07-23,M14,Compressor,2.48,61.0,14.76,97.6,1676.9,normal,59.4,9.9,36.99,0,none,0.0
2069-07-24,M14,Compressor,2.43,56.69,13.92,104.8,1785.3,normal,59.58,14.5,36.81,0,none,0.0
2069-07-25,M14,Compressor,1.04,44.85,6.02,47.4,778.6,idle,60.03,13.9,36.36,0,none,0.0
2069-07-26,M14,Compressor,2.56,54.47,13.17,109.3,1719.1,normal,60.32,13.1,36.07,0,none,0.0
2069-07-27,M14,Compressor,0.94,49.21,5.74,44.8,767.7,idle,60.7,16.0,35.69,0,none,0.0
2069-07-28,M14,Compressor,0.94,60.93,15.33,98.1,1767.5,normal,61.03,10.3,35.36,0,none,0.0
2069-07-29,M14,Compressor,2.16,52.45,14.27,98.1,1735.2,normal,61.3,12.5,35.09,0,none,0.0
2069-07-30,M14,Compressor,2.16,60.84,14.27,97.1,1782.7,normal,61.38,9.8,35.01,0,none,0.0
2069-07-31,M14,Compressor,2.29,57.99,13.94,97.1,1728.2,normal,61.6,15.3,34.79,0,none,0.0
2069-08-01,M14,Compressor,2.43,66.26,14.91,97.0,1678.2,normal,61.8,15.4,34.59,0,none,0.0
2069-08-02,M14,Compressor,2.12,52.15,14.2,100.5,1760.2,normal,61.95,9.0,34.44,0,none,0.0
2069-08-03,M14,Compressor,2.12,65.43,14.69,119.2,1812.0,normal,62.13,15.4,34.26,0,none,0.0
2069-08-04,M14,Compressor,2.45,52.84,13.56,101.9,1722.5,normal,62.33,10.2,34.06,0,none,0.0
2069-08-05,M14,Compressor,2.39,62.29,13.19,110.3,1660.1,normal,62.7,10.0,33.69,0,none,0.0
2069-08-06,M14,Compressor,1.07,44.32,6.09,45.4,1660.1,idle,63.08,18.0,33.31,0,none,0.0
2069-08-07,M14,Compressor,0.92,51.46,6.07,45.2,734.6,idle,63.15,17.6,33.24,0,none,0.0
2069-08-08,M14,Compressor,1.06,44.06,5.66,45.8,778.1,idle,63.5,14.3,32.89,0,none,0.0
2069-08-09,M14,Compressor,2.19,44.5,6.57,47.9,773.8,idle,63.57,11.8,32.82,0,none,0.0
2069-08-10,M14,Compressor,1.02,47.23,6.18,45.5,778.4,idle,64.02,11.5,32.37,0,none,0.0
2069-08-11,M14,Compressor,0.98,44.77,5.93,49.7,745.7,idle,64.28,15.0,32.11,0,none,0.0
2069-08-12,M14,Compressor,0.96,46.49,5.93,47.1,763.5,idle,64.77,17.9,31.62,0,none,0.0
2069-08-13,M14,Compressor,2.28,65.71,14.86,110.0,1769.7,normal,64.92,14.3,31.47,0,none,0.0
2069-08-14,M14,Compressor,1.05,48.22,6.1,43.0,744.3,idle,65.42,11.0,30.97,0,none,0.0
2069-08-15,M14,Compressor,1.01,51.58,5.73,48.1,734.4,idle,65.7,13.4,30.69,0,none,0.0
2069-08-16,M14,Compressor,1.09,48.76,6.15,44.8,732.1,idle,65.8,9.5,30.59,0,none,0.0
2069-08-17,M14,Compressor,2.46,61.45,15.23,109.9,1678.9,normal,66.03,9.3,30.36,0,none,0.0
2069-08-18,M14,Compressor,1.04,51.03,6.99,47.5,737.4,idle,66.4,15.3,29.99,0,none,0.0
2069-08-19,M14,Compressor,1.01,48.12,6.27,42.6,731.7,idle,66.6,14.9,29.79,0,none,0.0
2069-08-20,M14,Compressor,2.36,64.37,13.45,99.1,1779.2,normal,66.72,17.3,29.67,0,none,0.0
2069-08-21,M14,Compressor,1.04,47.88,5.58,45.8,770.1,idle,66.93,14.7,29.46,0,none,0.0
2069-08-22,M14,Compressor,0.9,44.82,6.71,46.2,759.7,idle,67.18,14.9,29.21,0,none,0.0
2069-08-23,M14,Compressor,1.05,46.4,5.95,46.2,730.0,idle,67.27,14.6,29.12,0,none,0.0
2069-08-24,M14,Compressor,2.25,67.15,13.21,101.0,1704.1,normal,67.57,12.3,28.82,0,none,0.0
2069-08-25,M14,Compressor,0.93,44.62,5.74,46.2,755.8,idle,67.68,10.9,28.71,0,none,0.0
2069-08-26,M14,Compressor,0.94,48.03,5.51,46.8,720.1,idle,68.03,17.2,28.36,0,none,0.0
2069-08-27,M14,Compressor,1.03,47.87,5.66,42.7,720.4,idle,68.23,12.2,28.16,0,none,0.0
2069-08-28,M14,Compressor,1.01,50.45,6.78,46.5,773.2,idle,68.32,17.2,28.07,0,none,0.0
2069-08-29,M14,Compressor,1.07,49.59,6.04,48.6,743.5,idle,68.57,10.2,27.82,0,none,0.0
2069-08-30,M14,Compressor,0.98,49.42,6.04,46.0,730.6,idle,68.83,16.5,27.56,0,none,0.0
2069-08-31,M14,Compressor,0.93,46.42,6.19,44.4,762.7,idle,68.9,12.3,27.49,0,none,0.0
2069-09-01,M14,Compressor,1.01,47.25,5.82,46.8,760.5,idle,68.93,10.4,27.46,0,none,0.0
2069-09-02,M14,Compressor,1.06,51.93,5.85,42.1,750.0,idle,69.2,12.8,27.19,0,none,0.0
2069-09-03,M14,Compressor,1.08,45.99,6.63,44.6,743.5,idle,69.58,16.3,26.81,0,none,0.0
2069-09-04,M14,Compressor,1.09,47.69,6.59,46.4,765.8,idle,69.82,9.3,26.57,0,none,0.0
2069-09-05,M14,Compressor,0.96,51.02,6.32,44.5,722.3,idle,70.22,8.0,26.17,0,none,0.0
2069-09-06,M14,Compressor,0.9,46.83,5.82,42.4,753.2,idle,70.57,16.5,25.82,0,none,0.0
2069-09-07,M14,Compressor,1.1,47.38,6.33,43.8,732.3,idle,70.72,9.7,25.67,0,none,0.0
2069-09-08,M14,Compressor,0.97,50.68,6.94,47.9,721.2,idle,70.98,16.2,25.41,0,none,0.0
2069-09-09,M14,Compressor,0.99,47.37,6.9,48.0,762.9,idle,71.33,8.0,25.06,0,none,0.0
2069-09-10,M14,Compressor,1.01,49.17,6.55,46.4,770.7,idle,71.72,15.7,24.67,0,none,0.0
2069-09-11,M14,Compressor,2.12,66.94,14.93,108.2,1796.3,normal,71.82,12.3,24.57,0,none,0.0
2069-09-12,M14,Compressor,1.07,47.36,6.76,43.5,748.1,idle,71.92,10.7,24.47,0,none,0.0
2069-09-13,M14,Compressor,2.22,52.24,15.24,104.2,1766.3,normal,72.23,14.1,24.16,0,none,0.0
2069-09-14,M14,Compressor,2.29,59.79,13.87,113.6,1783.7,normal,72.3,17.8,24.09,0,none,0.0
2069-09-15,M14,Compressor,2.32,65.47,13.89,114.1,1760.5,normal,72.67,12.4,23.72,0,none,0.0
2069-09-16,M14,Compressor,2.33,66.0,14.43,116.0,1774.7,normal,73.17,11.1,23.22,0,none,0.0
2069-09-17,M14,Compressor,3.32,61.53,21.8,146.1,2578.9,peak,73.57,11.9,22.82,0,none,0.0
2069-09-18,M14,Compressor,2.35,63.48,13.84,104.6,1682.4,normal,73.73,10.6,22.66,0,none,0.0
2069-09-19,M14,Compressor,1.09,44.35,6.08,44.7,768.8,idle,74.23,9.2,22.16,0,none,0.0
2069-09-20,M14,Compressor,2.35,53.04,14.27,100.9,1652.9,normal,74.7,11.6,21.69,0,none,0.0
2069-09-21,M14,Compressor,1.01,46.88,5.86,43.4,747.2,idle,74.85,12.5,21.54,0,none,0.0
2069-09-22,M14,Compressor,2.53,63.65,13.01,113.3,747.2,normal,75.05,8.0,21.34,0,none,0.0
2069-09-23,M14,Compressor,2.53,50.24,6.18,45.0,776.4,idle,75.28,12.3,21.11,0,none,0.0
2069-09-24,M14,Compressor,0.91,44.85,6.81,49.1,742.4,idle,75.47,13.4,20.92,0,none,0.0
2069-09-25,M14,Compressor,3.32,58.29,21.54,154.4,2512.8,peak,75.88,10.7,20.51,0,none,0.0
2069-09-26,M14,Compressor,2.16,61.07,14.74,102.4,1802.3,normal,76.03,12.7,20.36,0,none,0.0
2069-09-27,M14,Compressor,2.2,66.15,14.76,115.8,1768.8,normal,76.52,11.4,19.87,0,none,0.0
2069-09-28,M14,Compressor,2.31,55.97,14.84,102.5,1660.5,normal,76.73,16.2,19.66,0,none,0.0
2069-09-29,M14,Compressor,2.22,63.59,14.98,101.9,1705.8,normal,77.1,10.9,19.29,0,none,0.0
2069-09-30,M14,Compressor,2.22,54.72,14.52,102.0,1670.5,normal,77.27,17.3,19.12,0,none,0.0
2069-10-01,M14,Compressor,2.18,54.51,13.42,119.4,1761.9,normal,77.7,11.5,18.69,0,none,0.0
2069-10-02,M14,Compressor,2.18,57.63,13.67,112.1,1797.4,normal,77.83,15.3,18.56,0,none,0.0
2069-10-03,M14,Compressor,2.3,57.72,14.0,106.2,1656.1,normal,77.97,14.5,18.42,0,none,0.0
2069-10-04,M14,Compressor,2.4,67.14,14.96,116.5,1689.0,normal,78.08,13.2,18.31,0,none,0.0
2069-10-05,M14,Compressor,2.4,67.14,13.17,116.9,1661.0,normal,78.22,10.1,18.17,0,none,0.0
2069-10-06,M14,Compressor,2.59,51.51,13.92,96.4,1659.7,normal,78.57,12.3,17.82,0,none,0.0
2069-10-07,M14,Compressor,2.53,51.14,14.98,117.7,1809.0,normal,78.87,16.2,17.52,0,none,0.0
2069-10-08,M14,Compressor,2.53,67.19,13.13,119.9,1653.5,normal,79.05,11.6,17.34,0,none,0.0
2069-10-09,M14,Compressor,0.93,44.65,6.62,42.7,737.6,idle,79.45,11.6,16.94,0,none,0.0
2069-10-10,M14,Compressor,2.42,58.96,13.34,108.0,1707.9,normal,79.78,14.1,16.61,0,none,0.0
2069-10-11,M14,Compressor,1.02,48.31,6.98,48.9,720.2,idle,80.28,12.1,16.11,0,none,0.0
2069-10-12,M14,Compressor,1.02,66.44,14.35,114.0,1735.6,normal,80.58,17.3,15.81,0,none,0.0
2069-10-13,M14,Compressor,1.06,45.06,6.61,49.0,735.9,idle,80.98,13.8,15.41,0,none,0.0
2069-10-14,M14,Compressor,2.28,60.63,15.17,117.7,1740.8,normal,81.08,14.5,15.31,0,none,0.0
2069-10-15,M14,Compressor,2.43,65.71,13.58,115.6,1694.5,normal,81.25,14.9,15.14,0,none,0.0
2069-10-16,M14,Compressor,2.39,66.82,14.28,97.3,1802.3,normal,81.38,9.8,15.01,0,none,0.0
2069-10-17,M14,Compressor,2.39,51.28,13.03,101.5,1670.5,normal,81.67,12.6,14.72,0,none,0.0
2069-10-18,M14,Compressor,3.38,66.93,21.36,155.3,2450.6,peak,81.75,12.4,14.64,0,none,0.0
2069-10-19,M14,Compressor,2.13,50.19,21.36,98.6,1734.9,normal,82.23,14.4,14.16,0,none,0.0
2069-10-20,M14,Compressor,1.06,51.43,5.8,43.9,730.8,idle,82.58,11.5,13.81,0,none,0.0
2069-10-21,M14,Compressor,2.18,58.19,14.59,112.7,1705.6,normal,82.72,17.3,13.67,0,none,0.0
2069-10-22,M14,Compressor,2.41,50.04,15.22,116.7,1742.5,normal,83.17,14.7,13.22,0,none,0.0
2069-10-23,M14,Compressor,2.22,67.5,15.03,95.4,1742.5,normal,83.47,13.0,12.92,0,none,0.0
2069-10-24,M14,Compressor,2.15,52.38,13.0,112.2,1692.9,normal,83.85,10.6,12.54,0,none,0.0
2069-10-25,M14,Compressor,2.25,50.85,13.02,114.8,1762.4,normal,84.1,16.0,12.29,0,none,0.0
2069-10-26,M14,Compressor,2.29,51.26,14.94,118.2,1739.7,normal,84.45,12.6,11.94,0,none,0.0
2069-10-27,M14,Compressor,2.17,61.75,13.18,99.1,1730.0,normal,84.55,11.3,11.84,0,none,0.0
2069-10-28,M14,Compressor,2.22,66.74,15.02,101.9,1813.8,normal,84.92,12.5,11.47,0,none,0.0
2069-10-29,M14,Compressor,0.98,48.55,6.35,47.2,734.6,idle,85.05,15.7,11.34,0,none,0.0
2069-10-30,M14,Compressor,3.55,60.31,20.66,160.3,2576.3,peak,85.23,8.9,11.16,0,none,0.0
2069-10-31,M14,Compressor,2.33,62.81,13.21,114.5,1778.5,normal,85.73,9.2,10.66,0,none,0.0
2069-11-01,M14,Compressor,3.25,61.27,19.52,146.8,2527.6,peak,85.85,11.6,10.54,0,none,0.0
2069-11-02,M14,Compressor,1.08,49.33,6.37,49.9,752.5,idle,86.03,17.8,10.36,0,none,0.0
2069-11-03,M14,Compressor,2.27,62.68,14.3,119.3,1802.7,normal,86.08,12.6,10.31,0,none,0.0
2069-11-04,M14,Compressor,2.57,50.02,13.84,110.7,1802.7,normal,86.32,17.1,10.07,0,none,0.0
2069-11-05,M14,Compressor,3.39,69.3,20.49,154.2,2539.3,peak,86.63,11.6,9.76,0,none,0.0
2069-11-06,M14,Compressor,2.49,62.53,15.03,118.7,1667.4,normal,86.8,8.2,9.59,0,none,0.0
2069-11-07,M14,Compressor,2.55,54.92,14.41,118.6,1755.4,normal,87.23,15.4,9.16,0,none,0.0
2069-11-08,M14,Compressor,2.14,58.99,15.24,105.3,1794.2,normal,87.63,14.9,8.76,0,none,0.0
2069-11-09,M14,Compressor,1.06,51.25,5.89,46.0,740.1,idle,88.08,11.7,8.31,0,none,0.0
2069-11-10,M14,Compressor,1.01,44.15,5.86,49.8,756.2,idle,88.35,17.3,8.04,0,none,0.0
2069-11-11,M14,Compressor,0.93,48.07,6.55,46.8,750.1,idle,88.8,8.5,7.59,0,none,0.0
2069-11-12,M14,Compressor,1.03,45.34,6.16,48.0,754.8,idle,89.07,14.6,7.32,0,none,0.0
2069-11-13,M14,Compressor,1.08,47.55,5.7,42.4,748.6,idle,89.33,14.1,7.06,0,none,0.0
2069-11-14,M14,Compressor,0.99,46.05,6.39,44.0,733.0,idle,89.53,14.4,6.86,0,none,0.0
2069-11-15,M14,Compressor,1.02,51.56,5.8,43.5,751.2,idle,89.87,15.0,6.52,0,none,0.0
2069-11-16,M14,Compressor,1.02,46.35,6.99,48.7,762.4,idle,90.08,17.7,6.31,0,none,0.0
2069-11-17,M14,Compressor,0.91,46.12,6.35,47.7,760.1,idle,90.17,10.8,6.22,0,none,0.0
2069-11-18,M14,Compressor,0.94,47.73,5.8,49.4,753.4,idle,90.45,16.0,5.94,0,none,0.0
2069-11-19,M14,Compressor,0.98,51.34,6.86,46.0,761.2,idle,90.6,16.0,5.79,0,none,0.0
2069-11-20,M14,Compressor,0.96,46.46,6.32,48.8,755.8,idle,90.68,8.4,5.71,0,none,0.0
2069-11-21,M14,Compressor,0.99,49.31,6.72,48.3,742.2,idle,90.77,8.6,5.62,0,none,0.0
2069-11-22,M14,Compressor,1.09,44.13,6.18,49.3,761.8,idle,90.82,13.6,5.57,0,none,0.0
2069-11-23,M14,Compressor,1.04,45.25,6.37,49.7,732.7,idle,90.92,9.4,5.47,0,none,0.0
2069-11-24,M14,Compressor,0.97,47.11,6.04,47.0,734.1,idle,91.12,15.0,5.27,0,none,0.0
2069-11-25,M14,Compressor,1.0,47.2,6.47,43.9,753.2,idle,91.47,9.8,4.92,0,none,0.0
2069-11-26,M14,Compressor,1.05,49.54,6.75,49.6,771.2,idle,91.87,8.6,4.52,0,none,0.0
2069-11-27,M14,Compressor,1.09,44.14,6.44,44.1,768.5,idle,92.28,12.4,4.11,0,none,0.0
2069-11-28,M14,Compressor,1.06,44.38,6.39,44.1,755.2,idle,92.78,16.5,3.61,0,none,0.0
2069-11-29,M14,Compressor,0.99,44.61,6.6,42.6,755.9,idle,92.9,8.5,3.49,0,none,0.0
2069-11-30,M14,Compressor,2.56,57.54,14.93,115.0,1651.8,normal,93.12,11.2,3.27,0,none,0.0
2069-12-01,M14,Compressor,1.08,45.51,5.92,49.0,761.2,idle,93.27,9.9,3.12,0,none,0.0
2069-12-02,M14,Compressor,0.97,44.7,6.08,49.7,726.3,idle,93.62,14.1,2.77,0,none,0.0
2069-12-03,M14,Compressor,1.07,46.6,6.48,47.0,739.5,idle,93.9,15.0,2.49,0,none,0.0
2069-12-04,M14,Compressor,0.91,45.19,6.35,49.6,775.5,idle,94.08,17.3,2.31,0,none,0.0
2069-12-05,M14,Compressor,0.92,51.0,5.85,49.3,765.5,idle,94.27,16.2,2.12,0,none,0.0
2069-12-06,M14,Compressor,1.09,47.53,6.6,47.9,749.8,idle,94.42,16.2,1.97,0,none,0.0
2069-12-07,M14,Compressor,1.09,45.95,6.98,48.5,757.0,idle,94.57,16.5,1.82,0,none,0.0
2069-12-08,M14,Compressor,0.92,46.07,6.76,47.8,777.8,idle,94.88,11.1,1.51,0,none,0.0
2069-12-09,M14,Compressor,2.3,66.1,15.15,119.2,1696.3,normal,95.3,11.4,1.09,0,none,0.0
2069-12-10,M14,Compressor,2.35,51.46,14.48,113.3,1690.5,normal,95.63,10.1,0.76,0,none,0.0
2069-12-11,M14,Compressor,0.93,49.12,6.09,45.4,748.3,idle,95.82,15.9,0.57,0,none,0.0
2069-12-12,M14,Compressor,2.36,53.52,14.44,96.7,1669.3,normal,96.13,8.9,0.5,0,none,0.0
2069-12-13,M14,Compressor,2.46,63.17,13.67,99.6,1659.2,normal,96.18,15.9,0.5,0,none,0.0
2069-12-14,M14,Compressor,0.98,48.07,6.85,42.0,744.4,idle,96.42,15.9,0.5,0,none,0.0
2069-12-15,M14,Compressor,0.98,51.09,5.79,42.5,742.9,idle,96.8,10.6,0.5,0,none,0.0
2069-12-16,M14,Compressor,2.41,65.45,13.67,101.3,1705.4,normal,97.13,11.7,0.5,0,none,0.0
2069-12-17,M14,Compressor,2.16,67.59,14.35,101.8,1711.5,normal,97.55,16.7,0.5,0,none,0.0
2069-12-18,M14,Compressor,3.52,68.47,20.21,101.8,2551.2,peak,97.73,9.2,0.5,0,none,0.0
2069-12-19,M14,Compressor,0.94,45.27,6.95,43.5,747.9,idle,98.02,15.4,0.5,0,none,0.0
2069-12-20,M14,Compressor,3.59,63.34,20.06,161.0,2468.1,peak,98.38,10.0,0.5,0,none,0.0
2069-12-21,M14,Compressor,0.99,46.66,5.93,45.8,764.8,idle,98.78,10.3,0.5,0,none,0.0
2069-12-22,M14,Compressor,1.07,47.76,5.98,49.3,740.2,idle,99.22,8.4,0.5,0,none,0.0
2069-12-23,M14,Compressor,2.13,49.99,5.98,43.4,754.4,idle,99.65,17.2,0.5,0,none,0.0
2069-12-24,M14,Compressor,2.53,60.69,14.86,113.4,1734.0,normal,99.92,15.2,0.5,0,none,0.0
2069-12-25,M14,Compressor,2.53,60.69,6.89,113.4,1734.0,idle,100.02,9.0,0.5,0,none,0.0
2069-12-26,M14,Compressor,2.22,60.69,13.66,102.9,1766.1,normal,100.5,8.9,0.5,0,none,0.0
2069-12-27,M14,Compressor,1.0,50.74,5.63,47.7,772.5,idle,100.73,16.8,0.5,0,none,0.0
2069-12-28,M14,Compressor,2.31,55.2,14.11,114.7,1806.2,normal,101.12,9.6,0.5,0,none,0.0
2069-12-29,M14,Compressor,2.13,59.51,14.6,95.4,1680.8,normal,101.27,17.3,0.5,0,none,0.0
2069-12-30,M14,Compressor,3.04,60.81,18.82,154.7,2531.1,peak,101.53,14.7,0.5,0,none,0.0
2069-12-31,M14,Compressor,1.07,46.43,5.58,42.0,770.7,idle,101.62,14.6,0.5,0,none,0.0
2070-01-01,M14,Compressor,2.54,51.82,13.03,115.0,1758.9,normal,102.08,16.0,0.5,0,none,0.0
2070-01-02,M14,Compressor,2.38,59.6,14.93,102.3,1716.2,normal,102.13,16.7,0.5,0,none,0.0
2070-01-03,M14,Compressor,2.14,60.19,15.4,102.1,1808.0,normal,102.45,16.9,0.5,0,none,0.0
2070-01-04,M14,Compressor,1.05,45.87,6.49,44.9,727.3,idle,102.78,17.1,0.5,0,none,0.0
2070-01-05,M14,Compressor,1.05,44.14,6.7,49.1,749.0,idle,103.22,16.0,0.5,0,none,0.0
2070-01-06,M14,Compressor,1.0,49.53,6.55,44.6,729.5,idle,103.6,12.5,0.5,0,none,0.0
2070-01-07,M14,Compressor,2.32,62.55,15.01,97.2,1750.0,normal,104.1,15.8,0.5,0,none,0.0
2070-01-08,M14,Compressor,2.13,64.85,14.67,112.4,1779.5,normal,104.35,14.6,0.5,0,none,0.0
2070-01-09,M14,Compressor,2.35,55.38,14.96,114.4,1672.9,normal,104.85,14.6,0.5,0,none,0.0
2070-01-10,M14,Compressor,2.55,53.98,13.77,100.4,1814.2,normal,104.98,17.1,0.5,0,none,0.0
2070-01-11,M14,Compressor,0.96,51.77,6.46,43.4,1814.2,idle,105.25,13.2,0.5,0,none,0.0
2070-01-12,M14,Compressor,2.54,60.11,13.33,102.2,1688.2,normal,105.4,13.7,0.5,0,none,0.0
2070-01-13,M14,Compressor,2.16,55.89,14.65,104.6,1725.5,normal,105.63,16.1,0.5,0,none,0.0
2070-01-14,M14,Compressor,2.26,67.9,14.47,115.8,1725.0,normal,106.02,13.0,0.5,0,none,0.0
2070-01-15,M14,Compressor,3.1,71.94,21.05,151.6,2521.3,peak,106.18,9.4,0.5,0,none,0.0
2070-01-16,M14,Compressor,2.15,50.47,15.04,118.5,1708.5,normal,106.33,14.3,0.5,0,none,0.0
2070-01-17,M14,Compressor,2.4,62.91,14.87,107.0,1708.5,normal,106.68,11.2,0.5,0,none,0.0
2070-01-18,M14,Compressor,6.13,51.86,14.61,107.8,1714.3,normal,107.03,14.4,0.5,0,none,0.0
2070-01-19,M14,Compressor,2.23,61.48,13.42,115.3,1679.2,normal,107.4,14.7,0.5,0,none,0.0
2070-01-20,M14,Compressor,2.49,64.71,15.35,106.6,1660.8,normal,107.83,13.2,0.5,0,none,0.0
2070-01-21,M14,Compressor,2.44,55.09,13.23,116.4,1673.8,normal,108.07,14.1,0.5,0,none,0.0
2070-01-22,M14,Compressor,2.35,64.19,13.5,117.4,1706.4,normal,108.22,14.4,0.5,0,none,0.0
2070-01-23,M14,Compressor,0.98,45.05,6.47,46.0,778.5,idle,108.72,8.2,0.5,0,none,0.0
2070-01-24,M14,Compressor,1.04,50.07,5.8,47.7,753.4,idle,109.2,10.3,0.5,0,none,0.0
2070-01-25,M14,Compressor,3.24,70.65,21.91,146.9,2557.8,peak,109.33,9.8,0.5,0,none,0.0
2070-01-26,M14,Compressor,3.55,61.3,19.45,160.9,2590.7,peak,109.57,11.2,0.5,0,none,0.0
2070-01-27,M14,Compressor,3.56,56.11,21.49,156.7,2484.2,peak,109.7,11.0,0.5,0,none,0.0
2070-01-28,M14,Compressor,2.52,64.41,14.27,105.3,1730.3,normal,110.08,9.8,0.5,0,none,0.0
2070-01-29,M14,Compressor,2.26,62.25,15.23,101.3,1790.3,normal,110.27,11.9,0.5,0,none,0.0
2070-01-30,M14,Compressor,2.28,52.37,15.23,107.0,1746.6,normal,110.62,9.7,0.5,0,none,0.0
2070-01-31,M14,Compressor,2.28,52.37,15.23,119.9,1746.6,normal,110.93,11.5,0.5,0,none,0.0
2070-02-01,M14,Compressor,1.04,45.74,5.81,42.1,720.4,idle,111.13,8.3,0.5,0,none,0.0
2070-02-02,M14,Compressor,0.94,45.4,5.5,47.7,750.2,idle,111.17,9.1,0.5,0,none,0.0
2070-02-03,M14,Compressor,0.98,44.83,6.0,47.7,779.9,idle,111.53,17.0,0.5,0,none,0.0
2070-02-04,M14,Compressor,1.0,44.16,5.81,44.8,747.4,idle,111.98,14.8,0.5,0,none,0.0
2070-02-05,M14,Compressor,1.03,48.72,6.26,48.7,731.8,idle,112.17,13.5,0.5,0,none,0.0
2070-02-06,M14,Compressor,0.92,50.71,6.19,46.4,770.2,idle,112.35,9.4,0.5,0,none,0.0
2070-02-07,M14,Compressor,1.09,48.42,6.72,46.4,722.0,idle,112.62,11.7,0.5,0,none,0.0
2070-02-08,M14,Compressor,1.09,50.54,6.63,45.5,776.5,idle,113.07,14.9,0.5,0,none,0.0
2070-02-09,M14,Compressor,2.34,62.97,13.25,100.5,1722.1,normal,113.55,8.1,0.5,0,none,0.0
2070-02-10,M14,Compressor,1.02,50.44,5.86,48.2,773.4,idle,113.68,9.7,0.5,0,none,0.0
2070-02-11,M15,Compressor,1.06,48.98,6.71,49.0,753.3,idle,278.1,13.7,78.25,0,none,0.0
2070-02-12,M15,Compressor,2.51,57.58,14.31,96.3,1800.2,normal,278.14,10.1,78.22,0,none,0.0
2070-02-13,M15,Compressor,0.93,46.21,5.98,42.9,775.3,idle,278.17,9.1,78.18,0,none,0.0
2070-02-14,M15,Compressor,1.09,50.92,6.02,42.4,731.0,idle,278.22,12.9,78.13,0,none,0.0
2070-02-15,M15,Compressor,1.05,46.29,6.84,48.7,734.2,idle,278.52,8.5,77.83,0,none,0.0
2070-02-16,M15,Compressor,1.05,57.96,13.54,109.8,1792.3,normal,278.62,16.8,77.73,0,none,0.0
2070-02-17,M15,Compressor,1.09,44.47,6.13,46.8,1792.3,idle,278.89,11.4,77.47,0,none,0.0
2070-02-18,M15,Compressor,0.96,50.18,6.67,47.8,773.9,idle,279.35,17.9,77.0,0,none,0.0
2070-02-19,M15,Compressor,2.35,64.18,13.03,119.7,1806.3,normal,279.85,9.6,76.5,0,none,0.0
2070-02-20,M15,Compressor,1.07,48.7,6.32,43.2,723.2,idle,279.99,14.4,76.37,0,none,0.0
2070-02-21,M15,Compressor,0.95,45.21,6.34,44.7,743.3,idle,280.27,12.3,76.08,0,none,0.0
2070-02-22,M15,Compressor,0.91,48.39,6.48,44.7,727.9,idle,280.64,10.1,75.72,0,none,0.0
2070-02-23,M15,Compressor,1.04,45.03,6.73,46.4,734.2,idle,280.67,9.6,75.68,0,none,0.0
2070-02-24,M15,Compressor,1.08,45.13,6.4,46.9,722.2,idle,280.75,12.3,75.6,0,none,0.0
2070-02-25,M15,Compressor,1.02,49.55,6.87,47.7,749.1,idle,281.22,14.1,75.13,0,none,0.0
2070-02-26,M15,Compressor,2.53,56.37,15.14,116.1,1752.6,normal,281.3,12.9,75.05,0,none,0.0
2070-02-27,M15,Compressor,0.97,48.73,6.86,47.1,770.4,idle,281.55,16.5,74.8,0,none,0.0
2070-02-28,M15,Compressor,0.97,46.34,5.88,45.9,745.9,idle,281.69,13.8,74.67,0,none,0.0
2070-03-01,M15,Compressor,1.07,44.9,6.33,45.2,776.2,idle,282.09,9.8,74.27,0,none,0.0
2070-03-02,M15,Compressor,2.49,57.8,14.6,113.6,1662.1,normal,282.44,17.6,73.92,0,none,0.0
2070-03-03,M15,Compressor,1.03,45.12,5.78,45.7,778.8,idle,282.65,8.6,73.7,0,none,0.0
2070-03-04,M15,Compressor,1.09,51.22,5.55,48.8,766.6,idle,282.77,15.3,73.58,0,none,0.0
2070-03-05,M15,Compressor,1.0,46.6,6.63,42.9,759.0,idle,283.25,13.8,73.1,0,none,0.0
2070-03-06,M15,Compressor,1.03,48.43,6.82,44.6,748.7,idle,283.67,16.7,72.68,0,none,0.0
2070-03-07,M15,Compressor,1.05,49.73,6.34,44.2,737.7,idle,283.74,13.0,72.62,0,none,0.0
2070-03-08,M15,Compressor,1.05,44.05,6.48,44.2,760.4,idle,283.87,12.3,72.48,0,none,0.0
2070-03-09,M15,Compressor,0.94,47.01,6.63,48.0,732.6,idle,284.0,15.6,72.35,0,none,0.0
2070-03-10,M15,Compressor,3.23,65.05,20.35,159.8,2404.7,peak,284.4,9.8,71.95,0,none,0.0
2070-03-11,M15,Compressor,3.07,58.15,18.76,145.6,2584.1,peak,284.65,15.7,71.7,0,none,0.0
2070-03-12,M15,Compressor,2.18,51.33,14.18,118.5,1814.0,normal,284.87,17.1,71.48,0,none,0.0
2070-03-13,M15,Compressor,2.44,53.21,13.01,118.5,1671.3,normal,285.15,13.8,71.2,0,none,0.0
2070-03-14,M15,Compressor,1.05,51.75,5.63,45.2,774.1,idle,285.65,14.8,70.7,0,none,0.0
2070-03-15,M15,Compressor,1.05,50.96,6.88,45.3,761.6,idle,285.94,11.2,70.42,0,none,0.0
2070-03-16,M15,Compressor,2.45,61.35,13.81,115.8,1780.7,normal,286.25,11.7,70.1,0,none,0.0
2070-03-17,M15,Compressor,2.32,57.58,13.03,116.1,1698.3,normal,286.72,12.6,69.63,0,none,0.0
2070-03-18,M15,Compressor,0.99,47.29,6.52,45.1,730.8,idle,287.14,12.1,69.22,0,none,0.0
2070-03-19,M15,Compressor,1.07,45.47,5.54,43.6,747.3,idle,287.3,8.7,69.05,0,none,0.0
2070-03-20,M15,Compressor,1.07,64.33,13.49,43.6,1666.4,normal,287.52,8.1,68.83,0,none,0.0
2070-03-21,M15,Compressor,2.34,65.58,14.03,43.6,1757.3,normal,287.87,18.0,68.48,0,none,0.0
2070-03-22,M15,Compressor,2.48,59.18,14.07,97.1,1670.4,normal,288.07,12.6,68.28,0,none,0.0
2070-03-23,M15,Compressor,1.01,48.91,6.98,48.9,770.7,idle,288.25,12.2,68.1,0,none,0.0
2070-03-24,M15,Compressor,3.17,63.24,18.41,156.6,2413.9,peak,288.49,13.0,67.87,0,none,0.0
2070-03-25,M15,Compressor,2.32,60.19,13.57,114.4,1764.7,normal,288.7,15.3,67.65,0,none,0.0
2070-03-26,M15,Compressor,0.93,51.87,6.31,42.2,741.0,idle,288.75,11.0,67.6,0,none,0.0
2070-03-27,M15,Compressor,2.59,66.24,13.38,116.4,1755.1,normal,288.99,8.1,67.37,0,none,0.0
2070-03-28,M15,Compressor,2.11,63.63,14.03,104.9,1715.1,normal,289.35,13.1,67.0,0,none,0.0
2070-03-29,M15,Compressor,1.02,49.71,6.47,43.9,762.4,idle,289.8,9.8,66.55,0,none,0.0
2070-03-30,M15,Compressor,2.17,67.48,14.18,97.3,1748.0,normal,290.02,11.0,66.33,0,none,0.0
2070-03-31,M15,Compressor,2.39,50.7,13.03,119.9,1716.3,normal,290.27,12.6,66.08,0,none,0.0
2070-04-01,M15,Compressor,0.95,48.38,5.51,42.1,726.8,idle,290.3,14.3,66.05,0,none,0.0
2070-04-02,M15,Compressor,2.5,54.47,14.26,100.6,1742.6,normal,290.42,14.1,65.93,0,none,0.0
2070-04-03,M15,Compressor,2.35,57.21,14.08,111.3,1793.2,normal,290.54,9.1,65.82,0,none,0.0
2070-04-04,M15,Compressor,0.96,48.26,6.78,43.3,778.8,idle,290.97,10.2,65.38,0,none,0.0
2070-04-05,M15,Compressor,2.48,48.26,13.94,100.1,1695.5,normal,291.0,16.2,65.35,0,none,0.0
2070-04-06,M15,Compressor,2.39,50.07,13.94,119.7,1690.0,normal,291.42,15.0,64.93,0,none,0.0
2070-04-07,M15,Compressor,3.5,67.25,19.78,159.6,2410.0,peak,291.65,16.8,64.7,0,none,0.0
2070-04-08,M15,Compressor,1.05,50.86,5.92,44.4,726.2,idle,291.75,11.8,64.6,0,none,0.0
2070-04-09,M15,Compressor,3.51,71.16,19.7,152.6,2485.5,peak,291.95,9.0,64.4,0,none,0.0
2070-04-10,M15,Compressor,2.31,57.73,13.36,95.3,1779.6,normal,292.44,12.6,63.92,0,none,0.0
2070-04-11,M15,Compressor,0.97,47.93,5.96,45.0,724.5,idle,292.77,14.3,63.58,0,none,0.0
2070-04-12,M15,Compressor,0.97,47.7,6.75,44.6,725.3,idle,292.97,9.3,63.38,0,none,0.0
2070-04-13,M15,Compressor,3.46,62.51,21.66,44.6,2574.4,peak,293.32,10.8,63.03,0,none,0.0
2070-04-14,M15,Compressor,0.95,62.51,6.69,45.6,737.9,idle,293.75,14.0,62.6,0,none,0.0
2070-04-15,M15,Compressor,3.18,66.55,21.58,157.4,2524.1,peak,294.17,11.1,62.18,0,none,0.0
2070-04-16,M15,Compressor,2.47,63.69,15.27,99.0,1817.4,normal,294.67,16.7,61.68,0,none,0.0
2070-04-17,M15,Compressor,2.26,55.07,14.27,101.6,1689.6,normal,294.87,14.6,61.48,0,none,0.0
2070-04-18,M15,Compressor,2.58,51.87,15.47,110.6,1813.0,normal,295.2,16.4,61.15,0,none,0.0
2070-04-19,M15,Compressor,2.55,61.67,14.47,119.8,1737.6,normal,295.59,15.5,60.77,0,none,0.0
2070-04-20,M15,Compressor,2.55,67.87,13.81,97.2,1771.9,normal,295.84,10.2,60.52,0,none,0.0
2070-04-21,M15,Compressor,2.55,62.76,20.53,146.1,2539.6,peak,296.05,14.5,60.3,0,none,0.0
2070-04-22,M15,Compressor,1.0,47.92,6.85,48.6,751.9,idle,296.4,9.4,59.95,0,none,0.0
2070-04-23,M15,Compressor,1.02,50.46,6.12,47.4,752.5,idle,296.72,14.5,59.63,0,none,0.0
2070-04-24,M15,Compressor,2.35,67.72,13.04,105.4,1808.1,normal,296.92,17.9,59.43,0,none,0.0
2070-04-25,M15,Compressor,1.09,49.98,6.39,47.5,735.2,idle,297.25,8.7,59.1,0,none,0.0
2070-04-26,M15,Compressor,2.34,59.65,13.16,116.7,1727.6,normal,297.32,11.0,59.03,0,none,0.0
2070-04-27,M15,Compressor,2.55,57.02,14.02,101.1,1759.5,normal,297.65,15.7,58.7,0,none,0.0
2070-04-28,M15,Compressor,2.37,66.43,14.07,111.2,1770.3,normal,297.74,16.9,58.62,0,none,0.0
2070-04-29,M15,Compressor,2.26,65.85,13.95,110.9,1754.7,normal,297.99,12.2,58.37,0,none,0.0
2070-04-30,M15,Compressor,2.31,53.3,14.48,104.4,1714.5,normal,298.02,14.1,58.33,0,none,0.0
2070-05-01,M15,Compressor,3.3,68.54,20.92,153.5,2424.0,peak,298.1,8.5,58.25,0,none,0.0
2070-05-02,M15,Compressor,2.5,62.05,20.92,102.9,1804.5,normal,298.49,14.7,57.87,0,none,0.0
2070-05-03,M15,Compressor,2.23,55.22,14.34,119.9,1684.4,normal,298.92,15.5,57.43,0,none,0.0
2070-05-04,M15,Compressor,1.07,44.02,14.34,44.8,758.9,idle,299.29,14.2,57.07,0,none,0.0
2070-05-05,M15,Compressor,0.92,45.03,5.72,47.3,726.9,idle,299.55,17.6,56.8,0,none,0.0
2070-05-06,M15,Compressor,2.3,52.82,13.96,112.8,1697.2,normal,299.6,15.0,56.75,0,none,0.0
2070-05-07,M15,Compressor,2.41,54.47,14.84,114.4,1702.8,normal,299.95,15.8,56.4,0,none,0.0
2070-05-08,M15,Compressor,2.11,52.32,14.23,104.5,1708.8,normal,300.09,14.7,56.27,0,none,0.0
2070-05-09,M15,Compressor,1.02,45.29,6.19,43.6,778.9,idle,300.27,15.4,56.08,0,none,0.0
2070-05-10,M15,Compressor,0.91,44.13,6.35,42.5,768.7,idle,300.39,15.2,55.97,0,none,0.0
2070-05-11,M15,Compressor,1.06,47.46,6.76,47.9,728.1,idle,300.5,13.1,55.85,0,none,0.0
2070-05-12,M15,Compressor,1.07,50.99,5.98,48.2,773.8,idle,300.69,16.8,55.67,0,none,0.0
2070-05-13,M15,Compressor,1.05,44.75,5.64,49.9,752.5,idle,300.8,17.3,55.55,0,none,0.0
2070-05-14,M15,Compressor,1.03,51.3,5.51,45.4,754.0,idle,301.05,13.7,55.3,0,none,0.0
2070-05-15,M15,Compressor,0.9,49.0,6.78,42.4,768.2,idle,301.52,12.4,54.83,0,none,0.0
2070-05-16,M15,Compressor,1.1,51.36,6.31,48.9,766.2,idle,301.72,15.1,54.63,0,none,0.0
2070-05-17,M15,Compressor,1.06,47.18,6.21,43.9,723.1,idle,301.9,17.9,54.45,0,none,0.0
2070-05-18,M15,Compressor,1.02,46.48,6.25,49.7,723.8,idle,301.99,13.7,54.37,0,none,0.0
2070-05-19,M15,Compressor,1.07,44.69,6.48,49.7,726.0,idle,302.25,12.5,54.1,0,none,0.0
2070-05-20,M15,Compressor,2.48,62.57,14.6,119.1,1654.0,normal,302.52,17.8,53.83,0,none,0.0
2070-05-21,M15,Compressor,2.48,48.5,6.04,47.4,774.0,idle,303.0,15.8,53.35,0,none,0.0
2070-05-22,M15,Compressor,1.04,48.55,6.61,42.9,757.8,idle,303.24,8.3,53.12,0,none,0.0
2070-05-23,M15,Compressor,0.98,46.55,6.26,42.9,744.8,idle,303.72,8.9,52.63,0,none,0.0
2070-05-24,M15,Compressor,1.04,48.71,6.87,45.6,769.2,idle,304.1,10.8,52.25,0,none,0.0
2070-05-25,M15,Compressor,1.07,47.71,6.23,44.7,749.7,idle,304.24,16.2,52.12,0,none,0.0
2070-05-26,M15,Compressor,0.95,50.87,5.87,44.1,773.7,idle,304.35,10.6,52.0,0,none,0.0
2070-05-27,M15,Compressor,1.01,44.84,6.02,47.6,744.4,idle,304.84,11.8,51.52,0,none,0.0
2070-05-28,M15,Compressor,0.98,47.99,5.83,45.4,732.9,idle,305.19,15.8,51.17,0,none,0.0
2070-05-29,M15,Compressor,0.97,48.26,6.54,47.1,754.5,idle,305.4,11.6,50.95,0,none,0.0
2070-05-30,M15,Compressor,1.02,48.09,6.42,45.0,774.0,idle,305.52,15.4,50.83,0,none,0.0
2070-05-31,M15,Compressor,1.02,51.49,6.11,45.2,777.9,idle,305.92,14.2,50.43,0,none,0.0
2070-06-01,M15,Compressor,2.46,59.34,14.8,104.9,1779.0,normal,306.02,12.2,50.33,0,none,0.0
2070-06-02,M15,Compressor,0.94,51.61,6.19,42.7,770.7,idle,306.49,16.2,49.87,0,none,0.0
2070-06-03,M15,Compressor,1.08,51.61,6.44,49.4,757.3,idle,306.72,14.7,49.63,0,none,0.0
2070-06-04,M15,Compressor,1.06,47.77,6.59,50.0,743.0,idle,306.89,12.3,49.47,0,none,0.0
2070-06-05,M15,Compressor,2.46,52.68,14.59,103.1,1797.3,normal,306.92,14.5,49.43,0,none,0.0
2070-06-06,M15,Compressor,0.97,47.56,6.97,43.7,753.9,idle,307.2,8.2,49.15,0,none,0.0
2070-06-07,M15,Compressor,1.07,46.52,5.52,49.2,757.2,idle,307.32,11.5,49.03,0,none,0.0
2070-06-08,M15,Compressor,0.95,46.21,6.7,47.1,764.0,idle,307.39,8.3,48.97,0,none,0.0
2070-06-09,M15,Compressor,1.02,50.32,6.73,45.1,774.1,idle,307.74,10.6,48.62,0,none,0.0
2070-06-10,M15,Compressor,1.0,45.28,5.83,47.9,742.6,idle,308.07,11.8,48.28,0,none,0.0
2070-06-11,M15,Compressor,2.23,60.89,14.96,97.7,1726.3,normal,308.15,15.8,48.2,0,none,0.0
2070-06-12,M15,Compressor,1.05,51.23,5.52,47.2,755.8,idle,308.29,14.0,48.07,0,none,0.0
2070-06-13,M15,Compressor,2.36,52.88,14.85,104.8,1689.9,normal,308.79,11.5,47.57,0,none,0.0
2070-06-14,M15,Compressor,1.07,46.46,5.8,44.5,730.9,idle,309.15,10.0,47.2,0,none,0.0
2070-06-15,M15,Compressor,2.49,53.28,14.79,99.1,1688.5,normal,309.44,16.7,46.92,0,none,0.0
2070-06-16,M15,Compressor,0.97,51.6,6.87,42.7,740.1,idle,309.84,13.9,46.52,0,none,0.0
2070-06-17,M15,Compressor,2.27,53.81,14.09,113.7,1666.9,normal,309.9,13.4,46.45,0,none,0.0
2070-06-18,M15,Compressor,1.03,46.09,6.46,47.5,763.7,idle,310.19,13.3,46.17,0,none,0.0
2070-06-19,M15,Compressor,2.53,66.19,14.9,107.0,1657.5,normal,310.67,13.6,45.68,0,none,0.0
2070-06-20,M15,Compressor,2.57,60.82,14.34,101.0,1766.3,normal,310.74,14.6,45.62,0,none,0.0
2070-06-21,M15,Compressor,1.1,46.64,6.7,44.3,749.3,idle,311.22,8.9,45.13,0,none,0.0
2070-06-22,M15,Compressor,2.21,59.23,14.15,96.0,1714.9,normal,311.64,16.0,44.72,0,none,0.0
2070-06-23,M15,Compressor,2.13,58.11,15.45,102.3,1737.7,normal,311.99,14.7,44.37,0,none,0.0
2070-06-24,M15,Compressor,2.17,52.77,13.89,107.2,1769.2,normal,312.1,8.9,44.25,0,none,0.0
2070-06-25,M15,Compressor,2.33,50.44,13.68,95.6,1806.0,normal,312.25,8.8,44.1,0,none,0.0
2070-06-26,M15,Compressor,2.11,50.89,13.75,110.8,1710.8,normal,312.75,14.7,43.6,0,none,0.0
2070-06-27,M15,Compressor,0.91,50.69,6.55,45.2,760.6,idle,313.25,9.0,43.1,0,none,0.0
2070-06-28,M15,Compressor,2.24,59.5,15.2,97.7,1794.0,normal,313.54,15.7,42.82,0,none,0.0
2070-06-29,M15,Compressor,2.49,67.08,14.28,101.9,1710.0,normal,313.79,15.5,42.57,0,none,0.0
2070-06-30,M15,Compressor,1.03,45.13,6.03,47.8,754.4,idle,314.07,14.2,42.28,0,none,0.0
2070-07-01,M15,Compressor,0.91,47.97,6.29,47.6,720.6,idle,314.12,15.2,42.23,0,none,0.0
2070-07-02,M15,Compressor,0.99,51.09,6.29,47.4,733.4,idle,314.25,9.7,42.1,0,none,0.0
2070-07-03,M15,Compressor,2.29,65.91,13.91,108.6,1665.2,normal,314.67,13.1,41.68,0,none,0.0
2070-07-04,M15,Compressor,2.26,52.55,14.4,106.5,1695.0,normal,314.77,8.5,41.58,0,none,0.0
2070-07-05,M15,Compressor,2.6,52.76,15.06,106.5,1794.0,normal,314.95,14.6,41.4,0,none,0.0
2070-07-06,M15,Compressor,2.34,64.91,14.87,109.3,1713.2,normal,315.35,11.2,41.0,0,none,0.0
2070-07-07,M15,Compressor,2.43,64.99,14.26,105.4,1674.3,normal,315.7,15.8,40.65,0,none,0.0
2070-07-08,M15,Compressor,2.55,54.81,13.31,96.7,1777.6,normal,316.14,12.2,40.22,0,none,0.0
2070-07-09,M15,Compressor,2.44,52.17,14.33,98.8,1715.2,normal,316.3,12.8,40.05,0,none,0.0
2070-07-10,M15,Compressor,1.06,52.17,5.54,43.5,744.0,idle,316.75,16.0,39.6,0,none,0.0
2070-07-11,M15,Compressor,0.95,49.78,6.68,43.9,736.1,idle,316.85,11.4,39.5,0,none,0.0
2070-07-12,M15,Compressor,2.38,49.78,15.4,102.5,1804.9,normal,317.2,8.1,39.15,0,none,0.0
2070-07-13,M15,Compressor,0.94,44.33,6.69,45.8,724.6,idle,317.65,9.9,38.7,0,none,0.0
2070-07-14,M15,Compressor,2.14,50.25,13.77,113.4,1763.1,normal,317.84,10.7,38.52,0,none,0.0
2070-07-15,M15,Compressor,2.6,60.69,13.28,119.5,1767.8,normal,317.92,15.1,38.43,0,none,0.0
2070-07-16,M15,Compressor,0.97,45.98,5.83,49.6,745.2,idle,318.24,14.5,38.12,0,none,0.0
2070-07-17,M15,Compressor,1.0,50.69,6.95,42.0,779.4,idle,318.39,15.9,37.97,0,none,0.0
2070-07-18,M15,Compressor,2.14,65.06,15.38,109.0,1743.8,normal,318.54,14.8,37.82,0,none,0.0
2070-07-19,M15,Compressor,2.43,56.35,13.41,96.7,1799.8,normal,318.67,10.2,37.68,0,none,0.0
2070-07-20,M15,Compressor,3.33,68.88,19.33,161.1,2470.0,peak,319.17,16.4,37.18,0,none,0.0
2070-07-21,M15,Compressor,0.91,46.7,6.78,49.0,776.1,idle,319.59,13.7,36.77,0,none,0.0
2070-07-22,M15,Compressor,1.0,51.65,6.78,43.2,750.1,idle,319.79,14.4,36.57,0,none,0.0
2070-07-23,M15,Compressor,2.53,64.14,14.09,100.3,1748.8,normal,320.07,10.5,36.28,0,none,0.0
2070-07-24,M15,Compressor,2.57,53.19,15.07,98.7,1806.3,normal,320.29,10.3,36.07,0,none,0.0
2070-07-25,M15,Compressor,2.45,51.97,13.51,118.2,1736.3,normal,320.59,9.6,35.77,0,none,0.0
2070-07-26,M15,Compressor,2.33,51.05,13.21,112.3,1782.1,normal,320.65,11.3,35.7,0,none,0.0
2070-07-27,M15,Compressor,2.53,59.05,13.82,110.6,1782.1,normal,320.75,17.3,35.6,0,none,0.0
2070-07-28,M15,Compressor,2.12,66.9,14.61,95.2,1813.1,normal,321.04,13.5,35.32,0,none,0.0
2070-07-29,M15,Compressor,2.58,67.03,15.22,99.6,1816.1,normal,321.22,8.8,35.13,0,none,0.0
2070-07-30,M15,Compressor,3.46,67.82,21.77,152.6,2586.3,peak,321.45,8.1,34.9,0,none,0.0
2070-07-31,M15,Compressor,2.4,60.43,14.61,113.8,1725.6,normal,321.5,8.4,34.85,0,none,0.0
2070-08-01,M15,Compressor,3.59,56.77,21.66,158.2,2582.0,peak,321.6,16.2,34.75,0,none,0.0
2070-08-02,M15,Compressor,2.28,64.92,14.54,115.8,1705.2,normal,321.77,16.4,34.58,0,none,0.0
2070-08-03,M15,Compressor,2.56,66.64,14.19,105.0,1747.8,normal,322.15,10.8,34.2,0,none,0.0
2070-08-04,M15,Compressor,2.2,58.93,15.24,104.1,1775.1,normal,322.52,14.7,33.83,0,none,0.0
2070-08-05,M15,Compressor,2.41,54.71,14.33,116.3,1744.3,normal,322.65,16.3,33.7,0,none,0.0
2070-08-06,M15,Compressor,2.45,63.96,13.12,96.3,1669.5,normal,322.75,15.0,33.6,0,none,0.0
2070-08-07,M15,Compressor,0.93,50.49,6.15,43.5,751.9,idle,323.25,8.4,33.1,0,none,0.0
2070-08-08,M15,Compressor,2.48,52.52,13.86,99.9,1759.9,normal,323.74,10.4,32.62,0,none,0.0
2070-08-09,M15,Compressor,3.08,70.62,18.83,146.2,2582.2,peak,323.9,11.8,32.45,0,none,0.0
2070-08-10,M15,Compressor,2.27,59.05,13.25,107.0,1687.8,normal,324.3,16.8,32.05,0,none,0.0
2070-08-11,M15,Compressor,1.07,59.05,6.49,48.2,737.6,idle,324.64,13.9,31.72,0,none,0.0
2070-08-12,M15,Compressor,0.99,44.69,5.6,44.6,769.4,idle,325.1,16.4,31.25,0,none,0.0
2070-08-13,M15,Compressor,1.02,47.4,6.95,45.5,748.1,idle,325.4,17.4,30.95,0,none,0.0
2070-08-14,M15,Compressor,1.1,45.05,5.88,45.6,754.3,idle,325.74,10.7,30.62,0,none,0.0
2070-08-15,M15,Compressor,0.93,46.63,5.83,48.8,770.1,idle,326.15,15.4,30.2,0,none,0.0
2070-08-16,M15,Compressor,0.95,47.48,6.48,42.4,773.0,idle,326.42,10.9,29.93,0,none,0.0
2070-08-17,M15,Compressor,1.0,45.81,6.1,49.2,721.5,idle,326.89,17.0,29.47,0,none,0.0
2070-08-18,M15,Compressor,0.93,45.54,5.59,43.8,769.0,idle,326.94,10.5,29.42,0,none,0.0
2070-08-19,M15,Compressor,1.01,48.84,5.73,44.2,775.0,idle,327.4,9.3,28.95,0,none,0.0
2070-08-20,M15,Compressor,0.94,51.25,6.49,46.0,730.4,idle,327.49,11.6,28.87,0,none,0.0
2070-08-21,M15,Compressor,1.03,51.09,5.74,42.0,764.4,idle,327.64,13.9,28.72,0,none,0.0
2070-08-22,M15,Compressor,1.02,48.02,6.18,46.0,742.5,idle,327.8,11.3,28.55,0,none,0.0
2070-08-23,M15,Compressor,1.02,50.21,6.2,48.6,778.9,idle,328.29,10.6,28.07,0,none,0.0
2070-08-24,M15,Compressor,0.93,50.35,6.97,47.8,734.8,idle,328.54,11.6,27.82,0,none,0.0
2070-08-25,M15,Compressor,1.08,50.35,6.17,46.6,763.3,idle,328.72,16.0,27.63,0,none,0.0
2070-08-26,M15,Compressor,0.92,51.42,6.98,44.6,762.9,idle,329.14,11.2,27.22,0,none,0.0
2070-08-27,M15,Compressor,2.31,50.5,15.4,98.6,762.9,normal,329.54,15.6,26.82,0,none,0.0
2070-08-28,M15,Compressor,1.07,44.27,15.4,49.4,744.4,idle,329.85,11.9,26.5,0,none,0.0
2070-08-29,M15,Compressor,0.91,45.75,6.92,45.7,752.5,idle,330.09,8.2,26.27,0,none,0.0
2070-08-30,M15,Compressor,0.93,51.34,6.28,46.2,754.6,idle,330.4,17.0,25.95,0,none,0.0
2070-08-31,M15,Compressor,1.05,45.62,6.91,43.4,731.8,idle,330.57,8.8,25.78,0,none,0.0
2070-09-01,M15,Compressor,0.9,44.16,6.14,43.5,732.7,idle,330.89,8.8,25.47,0,none,0.0
2070-09-02,M15,Compressor,1.1,51.43,5.98,44.8,737.5,idle,331.24,15.8,25.12,0,none,0.0
2070-09-03,M15,Compressor,1.08,44.79,6.38,43.5,765.5,idle,331.64,17.5,24.72,0,none,0.0
2070-09-04,M15,Compressor,1.03,47.1,5.65,48.1,724.6,idle,331.84,10.2,24.52,0,none,0.0
2070-09-05,M15,Compressor,0.95,46.03,6.37,46.1,736.8,idle,331.97,12.8,24.38,0,none,0.0
2070-09-06,M15,Compressor,0.99,47.49,6.36,49.2,728.5,idle,332.07,18.0,24.28,0,none,0.0
2070-09-07,M15,Compressor,2.38,50.33,14.75,111.0,1768.0,normal,332.49,11.6,23.87,0,none,0.0
2070-09-08,M15,Compressor,2.34,53.36,14.12,95.6,1714.8,normal,332.95,10.6,23.4,0,none,0.0
2070-09-09,M15,Compressor,3.5,61.77,20.37,150.2,2426.8,peak,333.07,17.7,23.28,0,none,0.0
2070-09-10,M15,Compressor,2.36,50.64,15.26,114.4,1819.7,normal,333.52,10.0,22.83,0,none,0.0
2070-09-11,M15,Compressor,1.1,49.83,6.67,46.2,733.1,idle,333.82,10.8,22.53,0,none,0.0
2070-09-12,M15,Compressor,2.5,54.85,14.62,113.3,1745.9,normal,333.9,12.7,22.45,0,none,0.0
2070-09-13,M15,Compressor,2.43,55.27,14.9,118.6,1732.3,normal,334.02,16.6,22.33,0,none,0.0
2070-09-14,M15,Compressor,3.07,67.39,19.37,153.4,2430.3,peak,334.29,8.4,22.07,0,none,0.0
2070-09-15,M15,Compressor,3.38,70.74,21.07,164.9,2442.4,peak,334.47,14.0,21.88,0,none,0.0
2070-09-16,M15,Compressor,2.56,63.19,14.77,112.1,1741.5,normal,334.69,12.8,21.67,0,none,0.0
2070-09-17,M15,Compressor,2.29,66.98,13.38,99.4,1741.5,normal,335.07,12.3,21.28,0,none,0.0
2070-09-18,M15,Compressor,2.47,66.09,13.47,95.9,1691.5,normal,335.19,17.2,21.17,0,none,0.0
2070-09-19,M15,Compressor,2.54,50.29,13.25,95.6,1810.3,normal,335.54,14.3,20.82,0,none,0.0
2070-09-20,M15,Compressor,2.17,66.21,14.18,104.9,1722.5,normal,336.04,12.6,20.32,0,none,0.0
2070-09-21,M15,Compressor,3.25,61.83,21.24,104.9,2598.2,peak,336.19,9.6,20.17,0,none,0.0
2070-09-22,M15,Compressor,2.36,64.73,14.86,105.0,1784.1,normal,336.22,17.2,20.13,0,none,0.0
2070-09-23,M15,Compressor,3.09,59.07,20.48,159.2,2528.8,peak,336.35,12.6,20.0,0,none,0.0
2070-09-24,M15,Compressor,1.0,45.1,6.06,46.8,733.6,idle,336.57,13.5,19.78,0,none,0.0
2070-09-25,M15,Compressor,1.03,45.87,5.65,44.6,736.4,idle,337.02,17.7,19.33,0,none,0.0
2070-09-26,M15,Compressor,2.51,58.71,13.16,115.4,1695.7,normal,337.17,8.9,19.18,0,none,0.0
2070-09-27,M15,Compressor,2.38,59.75,15.43,101.4,1674.7,normal,337.52,17.9,18.83,0,none,0.0
2070-09-28,M15,Compressor,2.23,59.75,13.54,103.5,1761.9,normal,337.95,9.0,18.4,0,none,0.0
2070-09-29,M15,Compressor,2.16,67.02,14.33,107.1,1761.9,normal,338.0,11.5,18.35,0,none,0.0
2070-09-30,M15,Compressor,2.22,58.7,14.22,96.4,1794.1,normal,338.3,14.9,18.05,0,none,0.0
2070-10-01,M15,Compressor,3.49,63.96,19.35,96.4,2444.3,peak,338.6,14.7,17.75,0,none,0.0
2070-10-02,M15,Compressor,2.1,56.38,13.05,96.0,1655.0,normal,338.9,9.0,17.45,0,none,0.0
2070-10-03,M15,Compressor,2.54,52.58,13.64,107.3,1740.0,normal,339.25,9.8,17.1,0,none,0.0
2070-10-04,M15,Compressor,2.16,66.37,13.58,118.6,1693.7,normal,339.34,16.9,17.02,0,none,0.0
2070-10-05,M15,Compressor,2.1,67.49,14.21,117.0,1774.8,normal,339.65,9.3,16.7,0,none,0.0
2070-10-06,M15,Compressor,2.19,65.21,13.13,107.7,1693.2,normal,340.02,10.6,16.33,0,none,0.0
2070-10-07,M15,Compressor,0.97,50.06,6.53,45.5,722.8,idle,340.15,13.9,16.2,0,none,0.0
2070-10-08,M15,Compressor,0.91,49.62,6.92,48.8,727.3,idle,340.52,11.2,15.83,0,none,0.0
2070-10-09,M15,Compressor,0.92,48.88,6.49,46.9,773.1,idle,340.65,10.0,15.7,0,none,0.0
2070-10-10,M15,Compressor,2.22,53.1,15.29,113.0,1771.0,normal,340.84,12.5,15.52,0,none,0.0
2070-10-11,M15,Compressor,2.22,49.02,6.59,46.8,764.2,idle,340.92,12.4,15.43,0,none,0.0
2070-10-12,M15,Compressor,2.4,67.68,14.23,95.3,1677.8,normal,341.29,8.5,15.07,0,none,0.0
2070-10-13,M15,Compressor,2.58,58.45,13.3,98.9,1654.9,normal,341.77,17.4,14.58,0,none,0.0
2070-10-14,M15,Compressor,2.21,67.76,13.82,101.3,1763.5,normal,341.89,10.8,14.47,0,none,0.0
2070-10-15,M15,Compressor,1.03,51.74,6.59,42.9,779.1,idle,342.02,17.7,14.33,0,none,0.0
2070-10-16,M15,Compressor,1.05,46.07,5.89,49.7,731.6,idle,342.49,16.7,13.87,0,none,0.0
2070-10-17,M15,Compressor,2.21,56.46,5.89,105.7,1702.9,normal,342.84,14.8,13.52,0,none,0.0
2070-10-18,M15,Compressor,2.23,52.25,14.37,101.8,1706.3,normal,343.27,9.1,13.08,0,none,0.0
2070-10-19,M15,Compressor,2.1,59.56,14.74,118.2,1683.5,normal,343.4,10.9,12.95,0,none,0.0
2070-10-20,M15,Compressor,2.56,56.5,15.01,117.4,1813.4,normal,343.55,13.2,12.8,0,none,0.0
2070-10-21,M15,Compressor,0.97,46.08,6.16,46.4,761.4,idle,344.0,15.6,12.35,0,none,0.0
2070-10-22,M15,Compressor,2.45,52.1,14.53,99.2,1770.9,normal,344.12,12.8,12.23,0,none,0.0
2070-10-23,M15,Compressor,1.1,50.17,6.54,42.6,731.1,idle,344.27,15.4,12.08,0,none,0.0
2070-10-24,M15,Compressor,2.28,66.8,13.83,115.3,1667.6,normal,344.55,9.4,11.8,0,none,0.0
2070-10-25,M15,Compressor,2.43,64.02,14.36,114.2,1773.0,normal,345.05,13.0,11.3,0,none,0.0
2070-10-26,M15,Compressor,2.34,65.58,13.85,105.6,1741.8,normal,345.5,13.9,10.85,0,none,0.0
2070-10-27,M15,Compressor,3.08,65.31,19.3,150.1,2515.4,peak,345.85,8.5,10.5,0,none,0.0
2070-10-28,M15,Compressor,0.97,50.84,6.11,45.3,778.9,idle,346.04,13.7,10.32,0,none,0.0
2070-10-29,M15,Compressor,0.97,45.05,6.81,49.3,733.6,idle,346.34,14.6,10.02,0,none,0.0
2070-10-30,M15,Compressor,1.08,47.96,5.57,46.4,770.9,idle,346.62,18.0,9.73,0,none,0.0
2070-10-31,M15,Compressor,0.98,48.41,5.71,48.7,726.4,idle,346.8,11.6,9.55,0,none,0.0
2070-11-01,M15,Compressor,2.15,66.8,15.18,109.4,1668.0,normal,346.85,13.7,9.5,0,none,0.0
2070-11-02,M15,Compressor,1.01,51.36,6.42,43.6,774.4,idle,347.22,11.6,9.13,0,none,0.0
2070-11-03,M15,Compressor,3.52,65.93,21.41,146.1,2492.2,peak,347.69,10.1,8.67,0,none,0.0
2070-11-04,M15,Compressor,3.11,71.75,21.88,163.6,2500.7,peak,347.75,13.7,8.6,0,none,0.0
2070-11-05,M15,Compressor,2.36,66.35,14.8,96.9,1671.8,normal,348.04,11.6,8.32,0,none,0.0
2070-11-06,M15,Compressor,1.09,46.93,5.78,47.9,772.8,idle,348.29,16.5,8.07,0,none,0.0
2070-11-07,M15,Compressor,2.2,54.53,15.25,95.3,1804.3,normal,348.34,16.8,8.02,0,none,0.0
2070-11-08,M15,Compressor,0.91,44.76,6.79,44.0,733.5,idle,348.39,10.8,7.97,0,none,0.0
2070-11-09,M15,Compressor,1.07,48.34,6.03,47.7,768.6,idle,348.42,12.7,7.93,0,none,0.0
2070-11-10,M15,Compressor,1.07,44.95,6.37,47.4,727.0,idle,348.65,14.7,7.7,0,none,0.0
2070-11-11,M15,Compressor,1.07,44.26,6.01,43.4,753.7,idle,348.75,11.9,7.6,0,none,0.0
2070-11-12,M15,Compressor,0.94,50.31,5.68,48.1,725.9,idle,348.95,11.7,7.4,0,none,0.0
2070-11-13,M15,Compressor,2.32,62.57,13.4,113.8,1812.1,normal,348.99,8.2,7.37,0,none,0.0
2070-11-14,M15,Compressor,2.29,50.0,14.19,117.6,1763.0,normal,349.22,15.5,7.13,0,none,0.0
2070-11-15,M15,Compressor,1.04,50.34,6.86,117.6,755.4,idle,349.44,11.1,6.92,0,none,0.0
2070-11-16,M15,Compressor,1.08,50.21,5.87,49.0,737.6,idle,349.77,17.9,6.58,0,none,0.0
2070-11-17,M15,Compressor,0.98,45.49,6.83,42.7,779.6,idle,350.14,10.7,6.22,0,none,0.0
2070-11-18,M15,Compressor,0.97,49.69,5.69,45.9,722.4,idle,350.59,14.4,5.77,0,none,0.0
2070-11-19,M15,Compressor,1.08,47.57,6.61,49.2,722.4,idle,351.04,14.9,5.32,0,none,0.0
2070-11-20,M15,Compressor,1.0,45.52,5.6,47.0,726.9,idle,351.2,11.7,5.15,0,none,0.0
2070-11-21,M15,Compressor,2.35,53.54,13.49,108.1,1744.4,normal,351.27,10.3,5.08,0,none,0.0
2070-11-22,M15,Compressor,2.1,59.01,14.67,112.0,1794.5,normal,351.32,9.1,5.03,0,none,0.0
2070-11-23,M15,Compressor,1.08,48.98,6.22,43.6,727.6,idle,351.65,13.4,4.7,0,none,0.0
2070-11-24,M15,Compressor,1.02,51.57,6.22,42.8,745.4,idle,351.79,17.8,4.57,0,none,0.0
2070-11-25,M15,Compressor,2.1,59.96,13.12,118.3,1797.9,normal,352.07,11.3,4.28,0,none,0.0
2070-11-26,M15,Compressor,0.92,45.18,6.93,48.5,776.5,idle,352.15,14.0,4.2,0,none,0.0
2070-11-27,M15,Compressor,2.27,52.0,14.54,119.2,1672.1,normal,352.45,15.4,3.9,0,none,0.0
2070-11-28,M15,Compressor,2.51,56.47,13.29,106.5,1733.1,normal,352.59,15.2,3.77,0,none,0.0
2070-11-29,M15,Compressor,0.9,47.8,6.47,48.1,725.9,idle,352.64,9.5,3.72,0,none,0.0
2070-11-30,M15,Compressor,1.08,45.34,6.47,46.4,772.8,idle,352.9,8.4,3.45,0,none,0.0
2070-12-01,M15,Compressor,0.91,45.34,5.68,44.6,740.3,idle,353.35,10.9,3.0,0,none,0.0
2070-12-02,M15,Compressor,2.14,59.26,5.68,44.6,1655.6,normal,353.77,14.8,2.58,0,none,0.0
2070-12-03,M15,Compressor,2.56,57.14,13.71,107.1,1676.8,normal,353.89,9.5,2.47,0,none,0.0
2070-12-04,M15,Compressor,0.98,45.52,5.96,49.4,728.9,idle,354.0,16.5,2.35,0,none,0.0
2070-12-05,M15,Compressor,0.99,49.29,6.88,49.4,728.9,idle,354.45,17.5,1.9,0,none,0.0
2070-12-06,M15,Compressor,1.09,46.65,6.84,42.8,731.9,idle,354.89,10.8,1.47,0,none,0.0
2070-12-07,M15,Compressor,0.92,46.39,6.81,43.3,733.5,idle,355.12,8.8,1.23,0,none,0.0
2070-12-08,M15,Compressor,0.94,46.2,5.53,45.4,778.6,idle,355.47,11.7,0.88,0,none,0.0
2070-12-09,M15,Compressor,0.99,50.51,6.36,42.1,755.1,idle,355.97,16.4,0.5,0,none,0.0
2070-12-10,M15,Compressor,2.57,59.96,14.32,111.8,1798.0,normal,356.1,10.3,0.5,0,none,0.0
2070-12-11,M15,Compressor,3.34,63.13,18.15,147.2,2529.7,peak,356.52,16.9,0.5,0,none,0.0
2070-12-12,M15,Compressor,1.02,45.91,6.58,44.2,738.3,idle,356.64,10.0,0.5,0,none,0.0
2070-12-13,M15,Compressor,3.04,66.01,19.15,161.4,2560.3,peak,356.75,10.6,0.5,0,none,0.0
2070-12-14,M15,Compressor,2.16,52.88,13.8,109.5,1708.2,normal,357.0,11.8,0.5,0,none,0.0
2070-12-15,M15,Compressor,2.28,52.52,13.84,106.8,1817.4,normal,357.49,12.1,0.5,0,none,0.0
2070-12-16,M15,Compressor,2.52,64.27,14.4,104.0,1795.7,normal,357.89,8.7,0.5,0,none,0.0
2070-12-17,M15,Compressor,2.27,60.67,13.64,114.4,1737.5,normal,358.07,13.9,0.5,0,none,0.0
2070-12-18,M15,Compressor,1.08,48.55,5.75,49.9,750.1,idle,358.24,18.0,0.5,0,none,0.0
2070-12-19,M15,Compressor,3.15,61.59,18.48,146.5,2490.1,peak,358.44,15.6,0.5,0,none,0.0
2070-12-20,M15,Compressor,1.09,61.59,6.85,48.4,768.4,idle,358.62,9.7,0.5,0,none,0.0
2070-12-21,M15,Compressor,2.45,60.65,13.3,109.4,1709.8,normal,358.67,15.8,0.5,0,none,0.0
2070-12-22,M15,Compressor,3.06,71.08,20.19,159.9,2495.9,peak,358.84,9.5,0.5,0,none,0.0
2070-12-23,M15,Compressor,2.38,62.82,13.62,116.2,1721.6,normal,359.02,13.3,0.5,0,none,0.0
2070-12-24,M15,Compressor,2.45,55.87,14.76,96.1,1808.0,normal,359.25,12.8,0.5,0,none,0.0
2070-12-25,M15,Compressor,1.06,49.32,5.99,48.7,766.1,idle,359.6,17.6,0.5,0,none,0.0
2070-12-26,M15,Compressor,2.33,53.55,13.44,107.2,1783.2,normal,359.84,14.5,0.5,0,none,0.0
2070-12-27,M15,Compressor,1.04,47.95,5.81,43.9,723.5,idle,360.02,16.0,0.5,0,none,0.0
2070-12-28,M15,Compressor,2.19,50.23,14.69,109.7,1818.0,normal,360.37,17.5,0.5,0,none,0.0
2070-12-29,M15,Compressor,2.48,54.43,14.77,95.3,1817.7,normal,360.44,8.5,0.5,0,none,0.0
2070-12-30,M15,Compressor,2.41,52.15,14.25,118.5,1794.5,normal,360.65,11.4,0.5,0,none,0.0
2070-12-31,M15,Compressor,0.96,47.17,6.78,49.2,1794.5,idle,361.15,14.0,0.5,0,none,0.0
2071-01-01,M15,Compressor,3.57,65.01,21.45,151.9,2567.6,peak,361.27,9.0,0.5,0,none,0.0
2071-01-02,M15,Compressor,2.27,60.95,14.17,117.3,1661.3,normal,361.69,17.5,0.5,0,none,0.0
2071-01-03,M15,Compressor,2.57,58.32,14.2,115.7,1763.2,normal,361.89,9.8,0.5,0,none,0.0
2071-01-04,M15,Compressor,2.58,59.84,14.4,115.7,1807.5,normal,361.92,8.2,0.5,0,none,0.0
2071-01-05,M15,Compressor,2.2,55.53,14.56,118.5,1745.8,normal,362.34,16.4,0.5,0,none,0.0
2071-01-06,M15,Compressor,2.47,51.69,14.31,98.7,1694.3,normal,362.6,15.9,0.5,0,none,0.0
2071-01-07,M15,Compressor,2.18,52.99,15.48,102.5,1746.1,normal,363.0,16.4,0.5,0,none,0.0
2071-01-08,M15,Compressor,2.11,64.51,14.7,100.7,1656.1,normal,363.04,13.1,0.5,0,none,0.0
2071-01-09,M15,Compressor,2.24,61.31,13.04,96.9,1719.6,normal,363.24,15.5,0.5,0,none,0.0
2071-01-10,M15,Compressor,2.19,61.37,13.44,119.8,1724.1,normal,363.74,13.0,0.5,0,none,0.0
2071-01-11,M15,Compressor,2.17,51.33,14.05,115.2,1724.6,normal,363.89,11.2,0.5,0,none,0.0
2071-01-12,M15,Compressor,2.17,58.8,14.05,107.5,1716.5,normal,364.25,11.7,0.5,0,none,0.0
2071-01-13,M15,Compressor,2.42,64.47,15.22,113.5,1710.3,normal,364.6,13.7,0.5,0,none,0.0
2071-01-14,M15,Compressor,0.99,49.13,5.83,47.6,759.0,idle,365.04,10.6,0.5,0,none,0.0
2071-01-15,M15,Compressor,1.03,46.67,6.4,43.6,731.4,idle,365.25,17.2,0.5,0,none,0.0
2071-01-16,M15,Compressor,2.48,46.67,14.36,102.3,1690.1,normal,365.62,17.8,0.5,0,none,0.0
2071-01-17,M15,Compressor,1.06,50.35,6.75,48.8,744.7,idle,366.04,11.0,0.5,0,none,0.0
2071-01-18,M15,Compressor,2.5,56.23,13.13,112.2,1683.8,normal,366.27,16.0,0.5,0,none,0.0
2071-01-19,M15,Compressor,2.33,52.95,13.13,117.1,1754.2,normal,366.47,10.6,0.5,0,none,0.0
2071-01-20,M15,Compressor,0.93,49.8,6.77,43.3,764.6,idle,366.75,13.3,0.5,0,none,0.0
2071-01-21,M15,Compressor,1.01,48.83,6.91,42.3,758.3,idle,366.8,16.9,0.5,0,none,0.0
2071-01-22,M15,Compressor,2.14,64.21,15.24,97.2,1654.4,normal,367.07,14.4,0.5,0,none,0.0
2071-01-23,M15,Compressor,3.57,73.53,21.69,163.8,2500.0,peak,367.32,12.8,0.5,0,none,0.0
2071-01-24,M15,Compressor,1.1,51.14,5.65,48.5,762.8,idle,367.44,10.3,0.5,0,none,0.0
2071-01-25,M15,Compressor,2.17,63.28,14.21,116.3,1789.2,normal,367.87,11.3,0.5,0,none,0.0
2071-01-26,M15,Compressor,2.57,51.36,14.78,104.4,1781.9,normal,367.9,12.0,0.5,0,none,0.0
2071-01-27,M15,Compressor,2.4,58.92,13.01,110.2,1721.5,normal,368.17,15.8,0.5,0,none,0.0
2071-01-28,M15,Compressor,2.27,67.8,14.75,108.5,1797.7,normal,368.67,11.7,0.5,0,none,0.0
2071-01-29,M15,Compressor,0.95,48.96,6.79,43.0,734.2,idle,368.75,17.0,0.5,0,none,0.0
2071-01-30,M15,Compressor,2.14,67.86,14.45,107.2,1707.5,normal,369.25,17.1,0.5,0,none,0.0
2071-01-31,M15,Compressor,0.99,50.21,6.88,42.8,738.0,idle,369.37,12.1,0.5,0,none,0.0
2071-02-01,M15,Compressor,0.99,57.84,14.33,113.0,1798.9,normal,369.44,14.4,0.5,0,none,0.0
2071-02-02,M15,Compressor,2.37,58.8,14.44,117.2,1760.2,normal,369.79,12.6,0.5,0,none,0.0
2071-02-03,M15,Compressor,2.49,62.95,15.31,115.4,1708.0,normal,369.9,17.0,0.5,0,none,0.0
2071-02-04,M15,Compressor,1.07,47.74,6.77,49.2,761.1,idle,369.94,15.2,0.5,0,none,0.0
2071-02-05,M15,Compressor,1.04,45.13,5.99,46.5,720.2,idle,370.35,17.6,0.5,0,none,0.0
2071-02-06,M15,Compressor,1.07,46.96,6.59,48.1,752.9,idle,370.57,14.4,0.5,0,none,0.0
2071-02-07,M15,Compressor,2.5,62.28,13.9,115.4,1758.1,normal,370.7,16.0,0.5,0,none,0.0
2071-02-08,M15,Compressor,0.93,50.18,6.51,44.3,770.5,idle,371.02,11.5,0.5,0,none,0.0
2071-02-09,M15,Compressor,2.29,59.95,13.86,113.1,1748.8,normal,371.07,16.1,0.5,0,none,0.0
2071-02-10,M15,Compressor,2.34,50.37,14.52,110.6,1680.8,normal,371.12,10.5,0.5,0,none,0.0
2071-02-11,M15,Compressor,2.34,65.82,14.37,105.9,1809.1,normal,371.19,14.3,0.5,0,none,0.0
2071-02-12,M15,Compressor,2.51,51.75,15.15,98.7,1679.7,normal,371.25,16.1,0.5,0,none,0.0
2071-02-13,M15,Compressor,0.92,47.85,6.47,48.0,721.6,idle,371.42,9.1,0.5,0,none,0.0
2071-02-14,M15,Compressor,2.19,61.18,14.31,48.0,1809.0,normal,371.7,13.6,0.5,0,none,0.0
2071-02-15,M15,Compressor,2.48,61.18,14.34,104.4,1727.4,normal,372.09,14.6,0.5,0,none,0.0
2071-02-16,M15,Compressor,1.02,61.18,6.43,45.7,759.4,idle,372.22,11.3,0.5,0,none,0.0
2071-02-17,M15,Compressor,0.95,45.37,5.52,46.8,778.9,idle,372.25,15.8,0.5,0,none,0.0
2071-02-18,M15,Compressor,0.98,45.7,5.52,46.1,779.6,idle,372.4,15.3,0.5,0,none,0.0
2071-02-19,M15,Compressor,1.1,44.81,6.72,43.4,768.6,idle,372.84,16.9,0.5,0,none,0.0
2071-02-20,M15,Compressor,1.07,44.06,5.86,42.5,749.9,idle,373.0,17.6,0.5,0,none,0.0
2071-02-21,M15,Compressor,0.91,49.01,6.34,45.0,747.7,idle,373.27,9.9,0.5,0,none,0.0
2071-02-22,M15,Compressor,1.1,45.34,6.6,47.2,759.8,idle,373.32,17.5,0.5,0,none,0.0
2071-02-23,M15,Compressor,0.97,45.73,6.48,49.3,778.6,idle,373.6,12.6,0.5,0,none,0.0
2071-02-24,M15,Compressor,1.0,47.4,6.02,48.5,735.3,idle,373.9,16.3,0.5,0,none,0.0
2071-02-25,M15,Compressor,1.0,46.76,6.81,44.3,761.2,idle,374.24,12.7,0.5,0,none,0.0
2071-02-26,M15,Compressor,1.02,46.63,5.88,48.4,750.6,idle,374.69,12.8,0.5,0,none,0.0
2071-02-27,M15,Compressor,1.02,51.7,6.1,48.5,758.3,idle,375.05,12.2,0.5,0,none,0.0
2071-02-28,M15,Compressor,1.02,44.44,6.87,43.8,748.4,idle,375.39,12.5,0.5,0,none,0.0
2071-03-01,M15,Compressor,1.05,48.18,5.51,49.6,721.2,idle,375.74,11.1,0.5,0,none,0.0
2071-03-02,M15,Compressor,0.92,45.79,6.4,49.8,775.4,idle,375.79,8.2,0.5,0,none,0.0
2071-03-03,M15,Compressor,1.03,45.79,6.57,47.5,768.7,idle,376.02,17.1,0.5,0,none,0.0
2071-03-04,M15,Compressor,0.97,45.77,6.02,42.4,778.0,idle,376.49,10.9,0.5,0,none,0.0
2071-03-05,M15,Compressor,0.97,45.71,5.88,49.9,766.1,idle,376.52,12.6,0.5,0,none,0.0
2071-03-06,M15,Compressor,0.99,45.65,5.56,47.4,766.8,idle,376.59,9.3,0.5,0,none,0.0
2071-03-07,M15,Compressor,0.92,44.02,5.56,47.3,775.4,idle,376.95,15.8,0.5,0,none,0.0
2071-03-08,M15,Compressor,1.08,49.51,6.72,44.9,734.7,idle,377.19,8.7,0.5,0,none,0.0
2071-03-09,M15,Compressor,0.92,45.45,6.94,49.4,722.8,idle,377.22,8.0,0.5,0,none,0.0
2071-03-10,M15,Compressor,0.99,46.99,6.48,44.6,736.8,idle,377.42,16.1,0.5,0,none,0.0
2071-03-11,M15,Compressor,1.06,51.58,5.8,43.9,745.1,idle,377.47,8.6,0.5,0,none,0.0
2071-03-12,M15,Compressor,1.04,45.34,6.2,48.7,734.0,idle,377.5,17.2,0.5,0,none,0.0
2071-03-13,M15,Compressor,0.91,51.25,6.68,47.6,725.2,idle,377.94,15.2,0.5,0,none,0.0
2071-03-14,M15,Compressor,1.08,46.44,5.82,45.9,775.4,idle,378.05,13.6,0.5,0,none,0.0
2071-03-15,M15,Compressor,2.6,61.05,15.39,106.3,1655.0,normal,378.19,17.4,0.5,0,none,0.0
2071-03-16,M15,Compressor,0.96,46.41,6.67,43.0,730.5,idle,378.24,16.4,0.5,0,none,0.0
2071-03-17,M15,Compressor,1.02,45.04,6.24,42.3,760.1,idle,378.29,17.7,0.5,0,none,0.0
2071-03-18,M15,Compressor,1.08,51.0,5.61,46.7,726.2,idle,378.35,16.9,0.5,0,none,0.0
2071-03-19,M15,Compressor,0.91,48.88,6.36,42.8,741.6,idle,378.42,13.7,0.5,0,none,0.0
2071-03-20,M15,Compressor,0.96,46.74,6.0,48.6,741.2,idle,378.87,13.9,0.5,0,none,0.0
2071-03-21,M15,Compressor,0.97,44.24,6.69,47.3,740.5,idle,378.9,17.2,0.5,0,none,0.0
2071-03-22,M15,Compressor,0.99,50.35,6.02,45.8,721.2,idle,379.15,17.0,0.5,0,none,0.0
2071-03-23,M15,Compressor,1.08,46.97,5.94,46.9,751.6,idle,379.62,16.4,0.5,0,none,0.0
2071-03-24,M15,Compressor,0.98,51.38,5.94,50.0,767.4,idle,379.7,11.0,0.5,0,none,0.0
2071-03-25,M15,Compressor,1.08,46.26,5.61,50.0,738.8,idle,379.77,17.4,0.5,0,none,0.0
2071-03-26,M15,Compressor,0.91,44.57,5.76,45.0,776.1,idle,380.02,9.8,0.5,0,none,0.0
2071-03-27,M15,Compressor,1.03,47.19,6.7,46.5,745.0,idle,380.12,11.6,0.5,0,none,0.0
2071-03-28,M15,Compressor,2.17,66.69,14.56,106.0,1724.5,normal,380.45,15.7,0.5,0,none,0.0
2071-03-29,M15,Compressor,3.46,58.59,19.67,146.3,2416.0,peak,380.79,13.1,0.5,0,none,0.0
2071-03-30,M15,Compressor,2.36,56.85,14.8,119.7,1796.1,normal,381.02,12.5,0.5,0,none,0.0
2071-03-31,M15,Compressor,2.32,56.8,14.46,97.3,1817.9,normal,381.1,16.7,0.5,0,none,0.0
2071-04-01,M15,Compressor,1.1,51.38,6.49,46.0,762.4,idle,381.14,9.6,0.5,0,none,0.0
2071-04-02,M15,Compressor,2.26,65.34,13.34,115.1,1797.5,normal,381.34,11.0,0.5,0,none,0.0
2071-04-03,M15,Compressor,2.19,58.61,15.23,119.0,1787.9,normal,381.8,11.2,0.5,0,none,0.0
2071-04-04,M15,Compressor,3.56,73.74,21.92,153.3,2457.4,peak,381.85,15.1,0.5,0,none,0.0
2071-04-05,M15,Compressor,2.42,53.4,14.39,109.5,1787.1,normal,382.27,15.2,0.5,0,none,0.0
2071-04-06,M15,Compressor,2.28,60.83,14.39,105.5,1747.2,normal,382.75,17.6,0.5,0,none,0.0
2071-04-07,M15,Compressor,2.28,60.83,14.39,158.6,1747.2,peak,382.85,16.3,0.5,0,none,0.0
2071-04-08,M15,Compressor,2.29,66.74,14.02,118.8,1668.1,normal,383.02,8.5,0.5,0,none,0.0
2071-04-09,M15,Compressor,2.27,66.74,13.31,104.7,1794.8,normal,383.42,11.5,0.5,0,none,0.0
2071-04-10,M15,Compressor,3.46,60.64,19.43,155.1,2546.3,peak,383.89,8.0,0.5,0,none,0.0
2071-04-11,M15,Compressor,2.18,59.5,13.18,105.0,1682.5,normal,384.39,9.4,0.5,0,none,0.0
2071-04-12,M15,Compressor,0.96,46.65,6.66,44.1,759.8,idle,384.55,9.4,0.5,0,none,0.0
2071-04-13,M15,Compressor,2.37,64.48,13.8,119.9,1700.3,normal,384.69,11.7,0.5,0,none,0.0
2071-04-14,M15,Compressor,2.39,61.38,14.35,116.5,1669.2,normal,384.84,12.6,0.5,0,none,0.0
2071-04-15,M15,Compressor,2.4,59.11,14.04,103.7,1676.0,normal,385.04,12.4,0.5,0,none,0.0
2071-04-16,M15,Compressor,1.03,44.94,6.74,45.6,756.3,idle,385.12,17.6,0.5,0,none,0.0
2071-04-17,M15,Compressor,2.14,51.68,13.59,114.5,1732.6,normal,385.22,8.2,0.5,0,none,0.0
2071-04-18,M15,Compressor,0.96,50.8,5.79,44.1,766.6,idle,385.29,14.2,0.5,0,none,0.0
2071-04-19,M15,Compressor,2.11,53.97,14.3,117.9,1695.2,normal,385.65,10.4,0.5,0,none,0.0
2071-04-20,M15,Compressor,2.21,67.55,14.31,96.6,1697.0,normal,386.09,12.5,0.5,0,none,0.0
2071-04-21,M15,Compressor,1.01,44.58,6.54,46.2,762.6,idle,386.55,16.2,0.5,0,none,0.0
2071-04-22,M15,Compressor,2.27,57.56,15.32,100.3,1656.7,normal,386.72,16.8,0.5,0,none,0.0
2071-04-23,M15,Compressor,2.59,50.13,15.22,115.7,1732.9,normal,386.84,12.9,0.5,0,none,0.0
2071-04-24,M15,Compressor,2.45,51.89,14.91,114.6,1658.7,normal,386.87,10.0,0.5,0,none,0.0
2071-04-25,M15,Compressor,2.35,67.07,15.38,119.6,1761.6,normal,386.92,16.3,0.5,0,none,0.0
2071-04-26,M15,Compressor,2.17,57.43,15.38,102.1,1787.7,normal,387.1,10.3,0.5,0,none,0.0
2071-04-27,M15,Compressor,2.53,63.74,13.86,113.5,1662.3,normal,387.5,11.9,0.5,0,none,0.0
2071-04-28,M15,Compressor,0.97,50.12,6.69,44.5,777.6,idle,387.74,15.6,0.5,0,none,0.0
2071-04-29,M15,Compressor,2.24,61.88,15.2,108.8,1720.1,normal,387.99,11.8,0.5,0,none,0.0
2071-04-30,M15,Compressor,2.21,53.54,13.4,106.1,1743.2,normal,388.35,15.9,0.5,0,none,0.0
2071-05-01,M15,Compressor,1.07,45.74,6.63,47.5,758.1,idle,388.7,17.5,0.5,0,none,0.0
2071-05-02,M15,Compressor,0.97,46.54,6.64,44.2,739.8,idle,388.89,14.0,0.5,0,none,0.0
2071-05-03,M15,Compressor,2.58,67.97,13.0,112.2,1741.0,normal,389.25,15.9,0.5,0,none,0.0
2071-05-04,M15,Compressor,2.33,54.96,14.27,106.4,1718.2,normal,389.54,12.2,0.5,0,none,0.0
2071-05-05,M15,Compressor,3.51,60.41,20.39,162.3,2595.8,peak,390.0,11.3,0.5,0,none,0.0
2071-05-06,M15,Compressor,3.36,60.41,21.36,148.8,2526.0,peak,390.17,17.7,0.5,0,none,0.0
2071-05-07,M15,Compressor,2.13,61.88,14.99,96.6,1794.2,normal,390.54,10.6,0.5,0,none,0.0
2071-05-08,M15,Compressor,3.07,58.52,21.35,147.5,2534.8,peak,390.72,11.4,0.5,0,none,0.0
2071-05-09,M15,Compressor,0.96,45.99,6.48,42.9,754.5,idle,390.99,9.2,0.5,0,none,0.0
2071-05-10,M15,Compressor,1.08,50.81,6.78,44.4,762.1,idle,391.39,14.3,0.5,0,none,0.0
2071-05-11,M15,Compressor,2.49,66.23,13.66,114.0,1689.5,normal,391.47,10.5,0.5,0,none,0.0
2071-05-12,M15,Compressor,2.11,58.67,14.91,100.4,1658.3,normal,391.74,13.8,0.5,0,none,0.0
2071-05-13,M15,Compressor,0.97,45.62,6.07,49.4,764.6,idle,392.1,13.2,0.5,0,none,0.0
2071-05-14,M15,Compressor,2.29,55.85,15.3,117.2,1752.7,normal,392.59,10.1,0.5,0,none,0.0
2071-05-15,M15,Compressor,0.97,50.34,6.5,46.5,764.3,idle,393.04,16.1,0.5,0,none,0.0
2071-05-16,M15,Compressor,2.17,66.74,15.43,103.9,1811.0,normal,393.47,17.6,0.5,0,none,0.0
2071-05-17,M15,Compressor,1.06,51.53,6.88,43.6,735.6,idle,393.64,13.3,0.5,0,none,0.0
2071-05-18,M15,Compressor,2.23,51.7,13.99,104.1,1708.5,normal,393.82,16.6,0.5,0,none,0.0
2071-05-19,M15,Compressor,2.27,51.12,13.46,102.4,1801.1,normal,394.25,16.0,0.5,0,none,0.0
2071-05-20,M15,Compressor,1.09,46.28,6.54,48.8,750.4,idle,394.5,11.4,0.5,0,none,0.0
2071-05-21,M15,Compressor,2.48,67.57,13.41,96.8,1758.8,normal,394.67,9.9,0.5,0,none,0.0
2071-05-22,M15,Compressor,2.48,55.34,15.29,116.2,1695.0,normal,395.09,8.3,0.5,0,none,0.0
2071-05-23,M15,Compressor,2.49,64.91,13.81,97.5,1794.6,normal,395.45,11.0,0.5,0,none,0.0
2071-05-24,M15,Compressor,2.49,58.61,13.49,118.2,1668.2,normal,395.69,15.6,0.5,0,none,0.0
2071-05-25,M15,Compressor,2.16,62.63,13.51,98.3,1678.6,normal,396.19,10.9,0.5,0,none,0.0
2071-05-26,M15,Compressor,2.4,54.01,13.94,98.3,1679.9,normal,396.69,13.5,0.5,0,none,0.0
2071-05-27,M15,Compressor,1.07,50.2,6.75,44.8,748.3,idle,397.0,17.8,0.5,0,none,0.0
2071-05-28,M15,Compressor,2.45,50.67,14.66,98.0,1699.0,normal,397.1,11.1,0.5,0,none,0.0
2071-05-29,M15,Compressor,2.45,50.67,6.43,43.8,760.1,idle,397.3,10.2,0.5,0,none,0.0
2071-05-30,M15,Compressor,0.93,51.72,5.88,48.6,775.2,idle,397.54,16.1,0.5,0,none,0.0
2071-05-31,M15,Compressor,0.93,44.08,6.81,48.1,729.3,idle,397.64,13.2,0.5,0,none,0.0
2071-06-01,M15,Compressor,1.07,50.48,6.19,49.6,754.9,idle,398.05,16.2,0.5,0,none,0.0
2071-06-02,M15,Compressor,0.99,44.11,6.93,43.0,737.8,idle,398.49,11.7,0.5,0,none,0.0
2071-06-03,M15,Compressor,2.46,50.1,14.36,99.0,1653.8,normal,398.84,9.5,0.5,0,none,0.0
2071-06-04,M15,Compressor,2.42,60.85,14.84,110.5,1725.1,normal,398.87,17.8,0.5,0,none,0.0
2071-06-05,M15,Compressor,1.0,45.76,5.63,48.9,761.5,idle,399.34,13.5,0.5,0,none,0.0
2071-06-06,M15,Compressor,0.92,46.11,6.79,49.7,767.5,idle,399.42,16.1,0.5,0,none,0.0
2071-06-07,M15,Compressor,1.01,50.95,6.44,47.6,769.6,idle,399.69,8.7,0.5,0,none,0.0
2071-06-08,M15,Compressor,0.97,50.28,5.81,47.6,768.7,idle,400.04,11.7,0.5,0,none,0.0
2071-06-09,M15,Compressor,1.01,47.31,6.29,49.8,773.6,idle,400.3,8.1,0.5,0,none,0.0
2071-06-10,M15,Compressor,2.35,59.85,14.54,114.8,1798.5,normal,400.49,9.2,0.5,0,none,0.0
2071-06-11,M15,Compressor,0.93,49.03,5.84,47.0,730.3,idle,400.55,15.7,0.5,0,none,0.0
2071-06-12,M15,Compressor,1.06,49.29,6.8,49.6,776.0,idle,400.64,16.4,0.5,0,none,0.0
2071-06-13,M15,Compressor,0.93,47.01,6.22,48.3,720.9,idle,400.77,10.4,0.5,0,none,0.0
2071-06-14,M15,Compressor,1.09,47.26,6.22,49.8,720.9,idle,400.94,8.7,0.5,0,none,0.0
2071-06-15,M15,Compressor,0.97,47.88,6.65,48.0,762.3,idle,401.15,16.8,0.5,0,none,0.0
2071-06-16,M15,Compressor,0.9,45.59,5.83,44.0,725.8,idle,401.39,13.8,0.5,0,none,0.0
2071-06-17,M15,Compressor,1.06,46.73,6.66,49.5,738.8,idle,401.45,17.0,0.5,0,none,0.0
2071-06-18,M15,Compressor,2.33,51.58,13.74,108.7,1680.6,normal,401.72,11.6,0.5,0,none,0.0
2071-06-19,M15,Compressor,2.37,55.63,15.48,104.4,1656.6,normal,401.94,16.2,0.5,0,none,0.0
2071-06-20,M15,Compressor,0.99,46.67,6.06,45.0,772.9,idle,402.29,15.6,0.5,0,none,0.0
2071-06-21,M15,Compressor,0.99,54.55,14.98,106.1,1674.7,normal,402.37,11.7,0.5,0,none,0.0
2071-06-22,M15,Compressor,1.1,44.22,6.56,48.8,741.2,idle,402.42,14.0,0.5,0,none,0.0
2071-06-23,M15,Compressor,0.93,47.49,6.22,50.0,721.2,idle,402.89,8.3,0.5,0,none,0.0
2071-06-24,M15,Compressor,2.43,64.48,14.54,110.8,1798.8,normal,403.22,10.9,0.5,0,none,0.0
2071-06-25,M15,Compressor,1.01,51.05,5.82,46.1,722.0,idle,403.25,12.6,0.5,0,none,0.0
2071-06-26,M15,Compressor,1.06,51.05,6.31,45.2,742.2,idle,403.4,8.1,0.5,0,none,0.0
2071-06-27,M15,Compressor,0.94,47.42,5.96,46.6,767.2,idle,403.64,13.7,0.5,0,none,0.0
2071-06-28,M15,Compressor,1.04,48.11,6.92,43.6,758.4,idle,403.74,12.1,0.5,0,none,0.0
2071-06-29,M15,Compressor,0.92,49.38,6.59,48.3,759.8,idle,403.87,16.3,0.5,0,none,0.0
2071-06-30,M15,Compressor,2.16,50.8,14.79,115.0,1655.5,normal,404.17,16.6,0.5,0,none,0.0
2071-07-01,M15,Compressor,0.93,50.32,14.79,46.2,729.2,idle,404.29,16.1,0.5,0,none,0.0
2071-07-02,M15,Compressor,0.96,50.25,6.31,42.5,738.5,idle,404.54,14.9,0.5,0,none,0.0
2071-07-03,M15,Compressor,2.48,55.86,14.08,117.6,1817.4,normal,404.62,10.5,0.5,0,none,0.0
2071-07-04,M15,Compressor,2.48,54.32,13.61,102.6,1677.3,normal,405.04,11.4,0.5,0,none,0.0
2071-07-05,M15,Compressor,2.19,54.61,14.65,110.3,1708.0,normal,405.52,16.6,0.5,0,none,0.0
2071-07-06,M15,Compressor,0.94,48.99,5.7,43.2,743.0,idle,406.02,17.9,0.5,0,none,0.0
2071-07-07,M15,Compressor,2.38,63.11,14.72,104.5,1761.3,normal,406.19,16.5,0.5,0,none,0.0
2071-07-08,M15,Compressor,2.21,58.89,14.72,104.5,1663.5,normal,406.3,17.0,0.5,0,none,0.0
2071-07-09,M15,Compressor,2.15,51.33,14.37,109.2,1651.9,normal,406.4,8.3,0.5,0,none,0.0
2071-07-10,M15,Compressor,1.03,50.11,5.67,44.7,771.0,idle,406.64,16.0,0.5,0,none,0.0
2071-07-11,M15,Compressor,2.44,55.48,14.86,117.2,1702.6,normal,407.05,9.1,0.5,0,none,0.0
2071-07-12,M15,Compressor,2.44,51.68,13.15,109.7,1733.7,normal,407.19,10.0,0.5,0,none,0.0
2071-07-13,M15,Compressor,1.06,50.24,5.93,46.1,765.4,idle,407.69,16.7,0.5,0,none,0.0
2071-07-14,M15,Compressor,2.24,56.52,13.15,98.3,1753.7,normal,407.75,11.0,0.5,0,none,0.0
2071-07-15,M15,Compressor,2.35,53.03,13.02,99.2,1777.4,normal,408.17,13.4,0.5,0,none,0.0
2071-07-16,M15,Compressor,0.92,47.22,5.86,46.4,750.7,idle,408.52,17.1,0.5,0,none,0.0
2071-07-17,M15,Compressor,2.59,63.91,15.35,109.5,1775.4,normal,409.0,13.3,0.5,0,none,0.0
2071-07-18,M15,Compressor,2.55,50.74,15.29,109.5,1769.8,normal,409.39,10.5,0.5,0,none,0.0
2071-07-19,M15,Compressor,2.55,51.97,15.38,118.2,1761.3,normal,409.84,12.9,0.5,0,none,0.0
2071-07-20,M15,Compressor,2.18,60.19,13.86,118.3,1719.1,normal,410.04,13.1,0.5,0,none,0.0
2071-07-21,M15,Compressor,2.45,61.47,13.68,108.4,1719.7,normal,410.37,16.2,0.5,0,none,0.0
2071-07-22,M15,Compressor,2.29,65.55,13.35,105.3,1651.2,normal,410.74,16.2,0.5,0,none,0.0
2071-07-23,M15,Compressor,3.16,67.43,18.35,150.4,2576.1,peak,411.0,13.6,0.5,0,none,0.0
2071-07-24,M15,Compressor,2.45,51.27,15.48,118.6,1674.1,normal,411.34,9.9,0.5,0,none,0.0
2071-07-25,M15,Compressor,2.56,59.9,15.32,119.2,1767.9,normal,411.79,11.4,0.5,0,none,0.0
2071-07-26,M15,Compressor,2.25,66.64,14.43,119.2,1728.2,normal,411.97,14.5,0.5,0,none,0.0
2071-07-27,M15,Compressor,2.3,66.84,15.05,95.8,1651.7,normal,412.14,8.2,0.5,0,none,0.0
2071-07-28,M15,Compressor,2.13,60.99,15.04,107.9,1740.9,normal,412.22,13.9,0.5,0,none,0.0
2071-07-29,M15,Compressor,2.22,58.27,13.64,101.8,1716.5,normal,412.45,15.6,0.5,0,none,0.0
2071-07-30,M15,Compressor,2.12,67.19,15.29,114.9,1746.7,normal,412.92,13.3,0.5,0,none,0.0
2071-07-31,M15,Compressor,2.51,67.53,13.71,104.1,1773.9,normal,413.37,10.1,0.5,0,none,0.0
2071-08-01,M15,Compressor,1.03,50.6,6.02,104.1,755.1,idle,413.79,8.3,0.5,0,none,0.0
2071-08-02,M15,Compressor,2.17,50.71,13.61,99.0,1651.1,normal,414.0,14.2,0.5,0,none,0.0
2071-08-03,M15,Compressor,2.49,59.78,14.67,99.1,1693.6,normal,414.24,9.3,0.5,0,none,0.0
2071-08-04,M15,Compressor,2.13,67.95,13.26,97.3,1754.4,normal,414.65,9.8,0.5,0,none,0.0
2071-08-05,M15,Compressor,2.27,65.98,15.08,116.7,1775.0,normal,415.1,13.7,0.5,0,none,0.0
2071-08-06,M15,Compressor,2.17,51.15,13.16,115.0,1761.7,normal,415.55,17.3,0.5,0,none,0.0
2071-08-07,M15,Compressor,2.59,61.58,13.62,97.2,1761.7,normal,416.02,15.5,0.5,0,none,0.0
2071-08-08,M15,Compressor,0.94,49.03,5.64,48.2,761.8,idle,416.39,14.5,0.5,0,none,0.0
2071-08-09,M15,Compressor,2.47,67.38,14.63,114.7,1664.5,normal,416.8,10.0,0.5,0,none,0.0
2071-08-10,M15,Compressor,1.09,45.75,6.24,49.7,730.8,idle,417.0,9.8,0.5,0,none,0.0
2071-08-11,M15,Compressor,2.12,55.35,13.39,111.7,1697.3,normal,417.37,14.9,0.5,0,none,0.0
2071-08-12,M15,Compressor,0.91,51.14,5.57,44.2,734.4,idle,417.64,12.9,0.5,0,none,0.0
2071-08-13,M15,Compressor,2.11,52.97,15.04,95.9,1654.0,normal,418.05,9.8,0.5,0,none,0.0
2071-08-14,M15,Compressor,2.42,51.6,13.93,95.0,1711.6,normal,418.27,11.6,0.5,0,none,0.0
2071-08-15,M15,Compressor,0.96,48.9,6.25,47.4,776.1,idle,418.69,16.1,0.5,0,none,0.0
2071-08-16,M15,Compressor,2.5,66.8,13.14,47.4,1704.8,normal,418.77,8.9,0.5,0,none,0.0
2071-08-17,M15,Compressor,2.24,57.26,14.96,118.9,1744.2,normal,419.24,12.4,0.5,0,none,0.0
2071-08-18,M15,Compressor,2.18,53.85,14.01,104.1,1690.5,normal,419.32,14.7,0.5,0,none,0.0
2071-08-19,M15,Compressor,2.53,55.04,14.48,107.0,1807.0,normal,419.54,12.1,0.5,0,none,0.0
2071-08-20,M15,Compressor,2.41,55.98,14.6,103.0,1665.5,normal,420.04,13.6,0.5,0,none,0.0
2071-08-21,M15,Compressor,1.0,50.88,6.86,46.4,762.0,idle,420.15,8.9,0.5,0,none,0.0
2071-08-22,M15,Compressor,1.02,50.49,6.86,45.2,735.2,idle,420.4,11.1,0.5,0,none,0.0
2071-08-23,M15,Compressor,0.9,50.64,5.7,44.6,772.0,idle,420.72,13.5,0.5,0,none,0.0
2071-08-24,M15,Compressor,1.04,48.54,5.97,46.1,723.4,idle,420.79,8.7,0.5,0,none,0.0
2071-08-25,M15,Compressor,2.46,54.27,14.2,97.4,1770.8,normal,420.99,16.8,0.5,0,none,0.0
2071-08-26,M15,Compressor,2.46,47.65,5.62,49.6,746.8,idle,421.12,15.0,0.5,0,none,0.0
2071-08-27,M15,Compressor,0.92,45.51,5.68,43.6,729.4,idle,421.42,8.8,0.5,0,none,0.0
2071-08-28,M15,Compressor,2.56,53.76,14.1,113.2,1765.1,normal,421.47,15.8,0.5,0,none,0.0
2071-08-29,M15,Compressor,1.09,51.73,6.36,48.0,743.2,idle,421.64,15.7,0.5,0,none,0.0
2071-08-30,M15,Compressor,0.99,44.83,6.51,44.2,724.8,idle,421.75,9.6,0.5,0,none,0.0
2071-08-31,M15,Compressor,0.92,49.78,5.84,48.2,774.4,idle,422.04,12.2,0.5,0,none,0.0
2071-09-01,M15,Compressor,0.97,50.35,6.14,48.2,738.4,idle,422.2,15.8,0.5,0,none,0.0
2071-09-02,M15,Compressor,1.09,51.9,6.08,43.6,761.1,idle,422.69,8.8,0.5,0,none,0.0
2071-09-03,M15,Compressor,1.02,51.93,6.72,48.7,763.6,idle,422.79,14.0,0.5,0,none,0.0
2071-09-04,M15,Compressor,2.28,66.85,14.16,105.0,1683.0,normal,422.89,12.2,0.5,0,none,0.0
2071-09-05,M15,Compressor,0.96,44.02,6.49,46.8,744.2,idle,423.2,15.0,0.5,0,none,0.0
2071-09-06,M15,Compressor,1.09,44.02,5.86,45.0,751.0,idle,423.52,14.7,0.5,0,none,0.0
2071-09-07,M15,Compressor,1.01,46.21,5.87,44.4,777.8,idle,423.8,9.0,0.5,0,none,0.0
2071-09-08,M15,Compressor,0.97,46.99,6.58,43.3,758.6,idle,423.95,12.4,0.5,0,none,0.0
2071-09-09,M15,Compressor,1.03,44.52,5.78,45.7,770.1,idle,424.05,13.9,0.5,0,none,0.0
2071-09-10,M15,Compressor,2.47,65.72,15.13,107.8,1755.8,normal,424.54,17.4,0.5,0,none,0.0
2071-09-11,M15,Compressor,1.08,49.93,6.04,44.8,742.0,idle,424.59,11.8,0.5,0,none,0.0
2071-09-12,M15,Compressor,1.0,46.9,5.78,46.8,772.1,idle,424.92,17.3,0.5,0,none,0.0
2071-09-13,M15,Compressor,2.35,53.94,15.03,46.8,1769.0,normal,425.02,13.5,0.5,0,none,0.0
2071-09-14,M15,Compressor,1.03,50.26,6.75,49.2,756.6,idle,425.5,13.2,0.5,0,none,0.0
2071-09-15,M15,Compressor,2.3,51.62,14.81,98.5,1797.7,normal,425.84,10.9,0.5,0,none,0.0
2071-09-16,M15,Compressor,0.98,51.01,6.28,45.6,741.8,idle,426.09,13.7,0.5,0,none,0.0
2071-09-17,M15,Compressor,0.91,44.09,6.26,49.2,755.2,idle,426.22,17.1,0.5,0,none,0.0
2071-09-18,M15,Compressor,1.07,52.0,5.77,47.3,745.0,idle,426.29,15.6,0.5,0,none,0.0
2071-09-19,M15,Compressor,0.94,45.93,5.87,47.3,745.0,idle,426.69,11.1,0.5,0,none,0.0
2071-09-20,M15,Compressor,0.95,51.09,5.55,47.9,777.6,idle,426.72,15.5,0.5,0,none,0.0
2071-09-21,M15,Compressor,1.03,48.39,5.59,46.0,741.7,idle,426.82,8.4,0.5,0,none,0.0
2071-09-22,M15,Compressor,1.06,50.49,5.75,46.2,771.6,idle,427.22,15.8,0.5,0,none,0.0
2071-09-23,M15,Compressor,1.02,47.85,6.85,49.7,734.1,idle,427.62,17.8,0.5,0,none,0.0
2071-09-24,M15,Compressor,0.94,50.92,5.86,48.8,738.1,idle,427.77,14.8,0.5,0,none,0.0
2071-09-25,M15,Compressor,2.11,57.59,13.1,100.2,1731.5,normal,428.19,11.3,0.5,0,none,0.0
2071-09-26,M15,Compressor,2.12,50.6,13.39,106.6,1815.6,normal,428.3,14.6,0.5,0,none,0.0
2071-09-27,M15,Compressor,0.92,48.98,6.25,42.5,722.0,idle,428.55,12.0,0.5,0,none,0.0
2071-09-28,M15,Compressor,0.94,49.48,6.94,46.5,722.8,idle,428.69,8.6,0.5,0,none,0.0
2071-09-29,M15,Compressor,0.95,51.54,5.52,46.5,730.7,idle,428.95,10.4,0.5,0,none,0.0
2071-09-30,M15,Compressor,2.13,54.58,15.34,114.0,1679.1,normal,429.3,12.4,0.5,0,none,0.0
2071-10-01,M15,Compressor,0.91,47.95,5.58,45.2,768.0,idle,429.67,13.1,0.5,0,none,0.0
2071-10-02,M15,Compressor,2.35,66.14,14.98,108.9,1784.4,normal,430.05,10.7,0.5,0,none,0.0
2071-10-03,M15,Compressor,2.15,53.62,14.75,95.1,1650.8,normal,430.54,8.0,0.5,0,none,0.0
2071-10-04,M15,Compressor,2.29,65.61,15.45,111.2,1811.5,normal,430.9,11.4,0.5,0,none,0.0
2071-10-05,M15,Compressor,1.07,45.61,6.11,111.2,729.1,idle,431.29,17.7,0.5,0,none,0.0
2071-10-06,M15,Compressor,2.26,63.61,13.86,118.2,1719.2,normal,431.7,17.2,0.5,0,none,0.0
2071-10-07,M15,Compressor,2.21,53.78,14.72,104.2,1690.3,normal,431.79,10.9,0.5,0,none,0.0
2071-10-08,M15,Compressor,1.04,47.37,6.77,46.4,778.3,idle,432.04,15.5,0.5,0,none,0.0
2071-10-09,M15,Compressor,2.29,55.08,14.61,112.7,1652.9,normal,432.49,9.0,0.5,0,none,0.0
2071-10-10,M15,Compressor,2.43,53.26,15.4,109.4,1671.5,normal,432.62,10.4,0.5,0,none,0.0
2071-10-11,M15,Compressor,2.13,65.83,15.4,105.8,1664.9,normal,433.05,11.7,0.5,0,none,0.0
2071-10-12,M15,Compressor,2.13,50.08,6.49,48.9,765.1,idle,433.54,16.9,0.5,0,none,0.0
2071-10-13,M15,Compressor,2.27,56.14,14.62,102.8,1797.5,normal,433.94,8.4,0.5,0,none,0.0
2071-10-14,M15,Compressor,0.97,47.91,5.56,42.9,727.9,idle,434.2,12.6,0.5,0,none,0.0
2071-10-15,M15,Compressor,0.97,44.93,6.19,44.1,736.4,idle,434.5,12.0,0.5,0,none,0.0
2071-10-16,M15,Compressor,2.32,65.37,14.9,117.1,1818.3,normal,434.55,8.6,0.5,0,none,0.0
2071-10-17,M15,Compressor,3.01,68.85,18.48,163.7,2445.4,peak,435.02,11.4,0.5,0,none,0.0
2071-10-18,M15,Compressor,0.97,51.83,6.8,42.4,722.8,idle,435.29,11.8,0.5,0,none,0.0
2071-10-19,M15,Compressor,2.51,51.83,15.13,118.1,1654.0,normal,435.54,11.9,0.5,0,none,0.0
2071-10-20,M15,Compressor,0.94,44.19,5.61,118.1,763.8,idle,435.9,8.2,0.5,0,none,0.0
2071-10-21,M15,Compressor,0.94,47.09,5.81,43.9,754.9,idle,436.12,12.3,0.5,0,none,0.0
2071-10-22,M15,Compressor,2.53,57.28,5.81,96.3,1791.0,normal,436.17,14.2,0.5,0,none,0.0
2071-10-23,M15,Compressor,2.27,65.64,15.3,112.5,1710.4,normal,436.39,16.5,0.5,0,none,0.0
2071-10-24,M15,Compressor,2.33,59.93,14.16,114.8,1781.2,normal,436.52,15.6,0.5,0,none,0.0
2071-10-25,M15,Compressor,2.11,52.73,13.91,111.8,1689.0,normal,436.69,16.7,0.5,0,none,0.0
2071-10-26,M15,Compressor,0.96,47.7,13.91,49.2,768.3,idle,437.05,8.6,0.5,0,none,0.0
2071-10-27,M15,Compressor,2.28,63.82,15.08,108.1,1700.3,normal,437.44,14.7,0.5,0,none,0.0
2071-10-28,M15,Compressor,2.28,63.82,15.08,108.1,1657.1,normal,437.9,13.7,0.5,0,none,0.0
2071-10-29,M15,Compressor,2.1,56.33,14.16,108.7,1714.3,normal,438.2,16.4,0.5,0,none,0.0
2071-10-30,M15,Compressor,2.16,56.21,15.05,103.4,1750.7,normal,438.4,15.7,0.5,0,none,0.0
2071-10-31,M15,Compressor,2.44,63.18,14.22,98.1,1803.1,normal,438.45,16.8,0.5,0,none,0.0
2071-11-01,M15,Compressor,0.95,46.71,6.66,48.1,773.8,idle,438.77,9.6,0.5,0,none,0.0
2071-11-02,M15,Compressor,2.12,65.74,14.98,108.1,1677.1,normal,439.27,9.1,0.5,0,none,0.0
2071-11-03,M15,Compressor,2.37,53.49,15.41,112.7,1751.4,normal,439.64,16.9,0.5,0,none,0.0
2071-11-04,M15,Compressor,2.51,59.58,13.15,101.5,1816.9,normal,439.72,15.1,0.5,0,none,0.0
2071-11-05,M15,Compressor,2.51,66.78,13.26,101.2,1660.2,normal,440.05,9.5,47.7,0,none,0.0
2071-11-06,M15,Compressor,2.54,53.25,14.05,101.7,1807.5,normal,440.12,13.1,47.63,0,none,0.0
2071-11-07,M15,Compressor,1.04,50.62,6.42,46.9,1807.5,idle,440.45,13.6,47.3,0,none,0.0
2071-11-08,M15,Compressor,2.3,56.64,13.81,112.3,1719.7,normal,440.94,14.1,46.81,0,none,0.0
2071-11-09,M15,Compressor,1.06,50.63,5.94,45.4,750.0,idle,441.22,9.3,46.53,0,none,0.0
2071-11-10,M15,Compressor,2.24,53.28,13.25,113.8,1697.9,normal,441.47,9.0,46.28,0,none,0.0
2071-11-11,M15,Compressor,3.46,69.08,22.05,161.2,2406.5,peak,441.77,12.7,45.98,0,none,0.0
2071-11-12,M15,Compressor,2.41,51.58,13.27,98.2,1700.6,normal,441.99,15.4,45.76,0,none,0.0
2071-11-13,M15,Compressor,2.38,57.07,15.21,114.9,1705.5,normal,442.07,17.7,45.68,0,none,0.0
2071-11-14,M15,Compressor,1.11,47.78,6.15,47.4,741.1,idle,442.32,14.8,45.43,0,none,0.0
2071-11-15,M15,Compressor,1.1,45.79,6.38,47.9,771.1,idle,442.52,9.3,45.23,0,none,0.0
2071-11-16,M15,Compressor,2.36,58.29,14.39,117.6,1688.7,normal,442.62,15.8,45.13,0,none,0.0
2071-11-17,M15,Compressor,2.39,53.51,13.56,116.7,1749.8,normal,442.82,13.2,44.93,0,none,0.0
2071-11-18,M15,Compressor,2.54,66.61,13.93,118.2,1773.0,normal,442.97,9.1,44.78,0,none,0.0
2071-11-19,M15,Compressor,3.36,65.4,21.7,152.9,2587.5,peak,443.42,12.0,44.33,0,none,0.0
2071-11-20,M15,Compressor,2.83,64.78,13.56,97.7,1751.8,normal,443.67,15.5,44.08,0,none,0.0
2071-11-21,M15,Compressor,3.85,59.26,21.8,162.5,2472.4,peak,443.95,10.0,43.8,0,none,0.0
2071-11-22,M15,Compressor,2.73,60.55,13.33,97.3,1774.5,normal,444.09,14.1,43.66,0,none,0.0
2071-11-23,M15,Compressor,1.15,50.39,6.55,45.0,718.2,idle,444.54,10.9,43.21,0,none,0.0
2071-11-24,M15,Compressor,1.22,49.29,5.83,42.2,717.3,idle,444.69,11.3,43.06,0,none,0.0
2071-11-25,M15,Compressor,2.47,54.46,13.88,101.2,1747.7,normal,445.09,15.4,42.66,0,none,0.0
2071-11-26,M15,Compressor,2.62,63.92,15.42,104.6,1761.6,normal,445.47,16.0,42.28,0,none,0.0
2071-11-27,M15,Compressor,1.1,48.55,6.69,49.5,752.1,idle,445.92,11.4,41.83,0,none,0.0
2071-11-28,M15,Compressor,2.73,57.63,14.35,111.3,1694.4,normal,446.07,12.2,41.68,0,none,0.0
2071-11-29,M15,Compressor,1.19,52.11,6.02,47.7,760.5,idle,446.29,16.6,41.46,0,none,0.0
2071-11-30,M15,Compressor,1.31,46.39,5.84,47.7,722.2,idle,446.79,12.4,40.96,0,none,0.0
2071-12-01,M15,Compressor,1.24,47.7,6.93,42.8,719.4,idle,447.29,15.7,40.46,0,none,0.0
2071-12-02,M15,Compressor,1.24,48.29,6.7,47.5,749.2,idle,447.37,14.0,40.38,0,none,0.0
2071-12-03,M15,Compressor,1.33,52.04,5.97,42.6,758.6,idle,447.64,9.0,40.11,0,none,0.0
2071-12-04,M15,Compressor,1.32,53.33,6.0,43.8,748.2,idle,447.84,14.9,39.91,0,none,0.0
2071-12-05,M15,Compressor,1.32,53.33,6.95,44.7,714.4,idle,448.09,8.9,39.66,0,none,0.0
2071-12-06,M15,Compressor,3.09,55.99,13.98,95.4,1732.3,normal,448.5,10.0,39.25,0,none,0.0
2071-12-07,M15,Compressor,1.29,47.53,5.79,45.9,759.8,idle,448.59,11.3,39.16,0,none,0.0
2071-12-08,M15,Compressor,1.4,47.4,6.81,43.5,715.3,idle,448.72,12.0,39.03,0,none,0.0
2071-12-09,M15,Compressor,1.25,51.52,6.65,42.4,768.1,idle,449.12,17.9,38.63,0,none,0.0
2071-12-10,M15,Compressor,1.18,48.75,6.4,49.6,771.7,idle,449.37,17.6,38.38,0,none,0.0
2071-12-11,M15,Compressor,1.18,48.89,6.51,47.6,751.6,idle,449.64,11.0,38.11,0,none,0.0
2071-12-12,M15,Compressor,1.26,48.8,5.76,48.7,734.8,idle,450.05,15.0,37.7,0,none,0.0
2071-12-13,M15,Compressor,1.26,49.87,6.92,42.6,760.3,idle,450.24,13.4,37.51,0,none,0.0
2071-12-14,M15,Compressor,1.44,49.42,5.96,43.6,763.6,idle,450.32,16.9,37.43,0,none,0.0
2071-12-15,M15,Compressor,1.29,49.24,7.29,47.4,761.2,idle,450.6,17.8,37.15,0,none,0.0
2071-12-16,M15,Compressor,1.42,50.5,7.11,46.7,750.6,idle,450.99,15.6,36.76,0,none,0.0
2071-12-17,M15,Compressor,1.33,55.52,7.11,43.2,723.3,idle,451.49,11.3,36.26,0,none,0.0
2071-12-18,M15,Compressor,3.4,54.23,14.54,108.3,1663.7,normal,451.8,17.6,35.95,0,none,0.0
2071-12-19,M15,Compressor,1.48,54.93,7.29,43.2,715.5,idle,451.97,17.0,35.78,0,none,0.0
2071-12-20,M15,Compressor,3.31,68.15,14.44,101.0,1715.5,normal,452.19,15.7,35.56,0,none,0.0
2071-12-21,M15,Compressor,3.26,62.58,14.75,113.2,1731.4,normal,452.39,11.1,35.36,0,none,0.0
2071-12-22,M15,Compressor,3.29,67.04,14.39,117.3,1692.0,normal,452.77,8.5,34.98,0,none,0.0
2071-12-23,M15,Compressor,1.38,52.53,6.24,44.1,714.5,idle,453.17,11.2,34.58,0,none,0.0
2071-12-24,M15,Compressor,3.47,70.7,15.55,109.2,1745.8,normal,453.42,17.2,34.33,0,none,0.0
2071-12-25,M15,Compressor,1.57,51.09,6.51,44.3,710.4,idle,453.82,13.5,33.93,0,none,0.0
2071-12-26,M15,Compressor,3.3,55.83,16.07,112.9,1676.0,normal,454.27,12.8,33.48,0,none,0.0
2071-12-27,M15,Compressor,3.3,64.88,15.93,113.0,1629.4,normal,454.55,11.1,33.2,0,none,0.0
2071-12-28,M15,Compressor,3.65,64.88,14.04,114.2,1666.5,normal,454.67,10.4,33.08,0,none,0.0
2071-12-29,M15,Compressor,3.24,64.59,15.3,114.2,1774.4,normal,455.12,15.0,32.63,0,none,0.0
2071-12-30,M15,Compressor,1.42,53.78,6.51,49.0,715.9,idle,455.62,10.5,32.13,0,none,0.0
2071-12-31,M15,Compressor,1.39,57.05,6.8,49.3,731.8,idle,456.1,8.3,31.65,0,none,0.0
2072-01-01,M15,Compressor,1.55,54.73,7.46,42.9,714.9,idle,456.32,16.3,31.43,0,none,0.0
2072-01-02,M15,Compressor,3.59,56.21,15.85,119.8,1756.9,normal,456.42,15.2,31.33,0,none,0.0
2072-01-03,M15,Compressor,4.84,76.31,21.96,147.4,2468.6,peak,456.77,12.2,30.98,0,none,0.0
2072-01-04,M15,Compressor,3.92,60.61,15.7,96.0,1759.6,normal,457.0,15.6,30.75,0,none,0.0
2072-01-05,M15,Compressor,1.46,54.39,6.75,46.4,721.7,idle,457.4,16.8,30.35,0,none,0.0
2072-01-06,M15,Compressor,3.73,66.51,15.12,110.8,1650.8,normal,457.87,8.5,29.88,0,none,0.0
2072-01-07,M15,Compressor,1.57,55.44,6.51,45.3,716.0,idle,458.02,10.3,29.73,0,none,0.0
2072-01-08,M15,Compressor,3.8,58.0,15.35,100.3,1650.6,normal,458.25,14.8,29.5,0,none,0.0
2072-01-09,M15,Compressor,3.41,62.3,16.36,110.1,1747.6,normal,458.52,16.5,29.23,0,none,0.0
2072-01-10,M15,Compressor,3.41,62.3,6.56,48.9,745.0,idle,458.57,17.0,29.18,0,none,0.0
2072-01-11,M15,Compressor,3.41,61.41,16.09,117.2,1706.4,normal,458.95,10.0,28.8,0,none,0.0
2072-01-12,M15,Compressor,4.88,66.53,22.68,152.8,2473.9,peak,459.24,15.5,28.51,0,none,0.0
2072-01-13,M15,Compressor,3.83,72.57,14.91,106.2,1626.5,normal,459.67,9.9,28.08,0,none,0.0
2072-01-14,M15,Compressor,4.09,62.21,16.05,95.1,1759.4,normal,460.07,8.1,27.68,0,none,0.0
2072-01-15,M15,Compressor,5.9,70.87,16.05,157.3,2539.1,peak,460.45,10.8,27.3,0,none,0.0
2072-01-16,M15,Compressor,1.67,51.17,6.91,45.4,748.9,idle,460.8,11.4,26.95,0,none,0.0
2072-01-17,M15,Compressor,3.76,73.35,16.34,103.2,1671.6,normal,461.24,12.8,26.51,0,none,0.0
2072-01-18,M15,Compressor,3.97,58.62,16.07,110.2,1665.4,normal,461.62,16.8,26.13,0,none,0.0
2072-01-19,M15,Compressor,1.74,51.67,7.57,42.5,722.8,idle,461.75,17.2,26.0,0,none,0.0
2072-01-20,M15,Compressor,6.09,69.99,23.56,148.0,2356.9,peak,462.22,8.5,25.53,0,none,0.0
2072-01-21,M15,Compressor,1.57,58.82,6.16,47.2,728.9,idle,462.29,12.4,25.46,0,none,0.0
2072-01-22,M15,Compressor,4.33,62.42,14.31,113.7,1708.6,normal,462.52,12.4,25.23,0,none,0.0
2072-01-23,M15,Compressor,3.99,62.99,16.71,98.0,1633.9,normal,462.74,17.5,25.01,0,none,0.0
2072-01-24,M15,Compressor,3.64,62.99,16.6,114.8,1627.2,normal,462.9,15.9,24.85,0,none,0.0
2072-01-25,M15,Compressor,1.84,56.45,6.67,42.7,737.7,idle,463.19,14.4,24.56,0,none,0.0
2072-01-26,M15,Compressor,4.39,64.98,15.45,115.7,1644.2,normal,463.45,13.1,24.3,0,none,0.0
2072-01-27,M15,Compressor,3.82,69.98,16.1,117.8,1664.3,normal,463.64,13.0,24.11,0,none,0.0
2072-01-28,M15,Compressor,1.65,55.02,6.7,49.5,755.5,idle,464.04,14.2,23.71,1,bearing,3956.0
2072-01-29,M15,Compressor,1.75,54.97,6.8,49.5,733.7,idle,464.3,12.8,23.45,1,bearing,2905.0
2072-01-30,M15,Compressor,1.7,57.88,7.57,47.7,712.8,idle,464.49,8.9,23.26,1,bearing,4964.0
2072-01-31,M15,Compressor,4.47,75.68,16.25,47.7,1607.6,normal,464.95,8.7,22.8,1,bearing,2721.0
2072-02-01,M15,Compressor,4.11,66.41,16.89,110.5,1652.9,normal,465.19,17.1,22.56,1,bearing,3224.0
2072-02-02,M15,Compressor,4.43,59.75,14.99,110.5,1654.7,normal,465.64,15.2,22.11,1,bearing,3951.0
2072-02-03,M15,Compressor,3.84,67.06,16.24,114.7,1656.0,normal,465.72,16.6,22.03,1,bearing,3336.0
2072-02-04,M15,Compressor,1.78,56.6,6.22,43.6,722.0,idle,465.82,14.7,21.93,1,bearing,4129.0
2072-02-05,M15,Compressor,4.06,66.6,16.23,108.5,1732.8,normal,466.05,12.3,21.7,1,bearing,4983.0
2072-02-06,M15,Compressor,4.42,63.57,14.78,111.0,1639.2,normal,466.39,9.5,21.36,1,bearing,2585.0
2072-02-07,M15,Compressor,4.15,72.68,15.06,108.5,1619.6,normal,466.54,11.9,21.21,1,bearing,3855.0
2072-02-08,M15,Compressor,4.25,76.03,17.11,118.7,1702.2,normal,466.59,18.0,21.16,1,bearing,3797.0
2072-02-09,M15,Compressor,4.14,64.81,15.04,97.4,1631.6,normal,466.69,9.0,21.06,1,bearing,3189.0
2072-02-10,M15,Compressor,1.82,64.81,7.69,46.5,709.9,idle,466.74,18.0,21.01,1,bearing,4031.0
2072-02-11,M15,Compressor,4.29,65.35,16.82,98.0,1673.8,normal,467.22,16.1,20.53,1,bearing,3384.0
2072-02-12,M15,Compressor,4.59,65.37,15.49,103.5,1728.2,normal,467.42,13.6,20.33,1,bearing,4958.0
2072-02-13,M15,Compressor,4.04,74.13,14.71,103.0,1666.3,normal,467.64,8.5,20.11,1,bearing,4833.0
2072-02-14,M15,Compressor,1.84,54.29,7.15,45.6,731.9,idle,467.89,8.7,19.86,1,bearing,2624.0
2072-02-15,M15,Compressor,1.93,54.42,7.7,48.6,746.9,idle,468.2,17.7,19.55,1,bearing,4823.0
2072-02-16,M15,Compressor,1.91,59.49,7.21,45.6,742.4,idle,468.32,13.9,19.43,1,bearing,2720.0
2072-02-17,M15,Compressor,1.94,53.01,7.84,45.4,731.7,idle,468.5,10.1,19.25,1,bearing,4237.0
2072-02-18,M15,Compressor,1.87,53.88,7.57,47.5,746.4,idle,468.82,8.7,18.93,1,bearing,4825.0
2072-02-19,M15,Compressor,1.92,59.5,7.52,44.7,698.2,idle,469.09,11.8,18.66,1,bearing,2965.0
2072-02-20,M15,Compressor,4.88,62.6,17.05,110.5,1703.5,normal,469.45,10.0,18.3,1,bearing,3728.0
2072-02-21,M15,Compressor,1.84,56.62,6.72,43.5,739.6,idle,469.82,15.5,17.93,1,bearing,3649.0
2072-02-22,M15,Compressor,1.8,57.63,7.1,49.6,747.6,idle,470.24,16.5,17.51,1,bearing,3910.0
2072-02-23,M15,Compressor,1.97,60.41,7.55,42.2,750.4,idle,470.65,14.7,17.1,1,bearing,4597.0
2072-02-24,M15,Compressor,2.06,59.15,7.43,43.8,698.2,idle,471.02,16.8,16.73,1,bearing,4787.0
2072-02-25,M15,Compressor,1.89,60.28,7.25,44.9,710.2,idle,471.49,13.8,16.26,1,bearing,4900.0
2072-02-26,M15,Compressor,5.01,68.28,16.48,95.3,1665.4,normal,471.89,10.5,15.86,1,bearing,2771.0
2072-02-27,M15,Compressor,4.24,74.25,15.45,99.2,1746.8,normal,472.0,17.1,15.75,1,bearing,2630.0
2072-02-28,M15,Compressor,1.82,55.75,6.65,48.6,736.7,idle,472.3,13.8,15.45,1,bearing,2674.0
2072-02-29,M15,Compressor,2.21,55.75,6.65,43.3,739.2,idle,472.49,15.8,15.26,1,bearing,3218.0
2072-03-01,M15,Compressor,2.19,61.57,7.57,48.4,733.7,idle,472.65,14.8,15.1,1,bearing,2631.0
2072-03-02,M15,Compressor,2.13,55.25,6.81,45.7,733.7,idle,472.79,10.5,14.96,1,bearing,3497.0
2072-03-03,M15,Compressor,2.01,57.46,7.24,45.2,699.1,idle,473.24,10.5,14.51,1,bearing,2817.0
2072-03-04,M15,Compressor,2.24,61.92,6.34,46.2,736.1,idle,473.37,14.3,14.38,1,bearing,3775.0
2072-03-05,M15,Compressor,2.09,57.36,7.64,46.9,708.6,idle,473.44,14.3,14.31,1,bearing,3007.0
2072-03-06,M15,Compressor,2.11,56.87,7.3,48.1,711.9,idle,473.89,17.0,13.86,1,bearing,4111.0
2072-03-07,M15,Compressor,1.99,60.51,7.15,43.1,725.9,idle,474.0,15.6,13.75,1,bearing,4421.0
2072-03-08,M15,Compressor,5.06,69.65,16.66,104.1,1734.4,normal,474.35,14.6,13.4,1,bearing,3705.0
2072-03-09,M15,Compressor,1.99,57.19,7.63,42.5,750.8,idle,474.77,17.5,12.98,1,bearing,4997.0
2072-03-10,M15,Compressor,2.16,61.44,7.31,48.3,718.7,idle,474.89,16.2,12.86,1,bearing,4527.0
2072-03-11,M15,Compressor,2.14,60.31,7.86,42.3,699.9,idle,474.99,10.7,12.76,1,bearing,3046.0
2072-03-12,M15,Compressor,2.19,57.78,7.48,43.8,729.8,idle,475.05,16.9,12.7,1,bearing,4466.0
2072-03-13,M15,Compressor,2.12,56.15,7.92,43.8,738.3,idle,475.49,8.2,12.26,1,bearing,4508.0
2072-03-14,M15,Compressor,2.21,55.46,7.2,48.0,705.4,idle,475.87,10.4,11.88,1,bearing,3421.0
2072-03-15,M15,Compressor,2.17,62.76,7.63,46.4,710.7,idle,475.97,8.6,11.78,1,bearing,3624.0
2072-03-16,M15,Compressor,5.18,74.28,16.81,113.9,1632.8,normal,476.3,8.8,11.45,1,bearing,4219.0
2072-03-17,M15,Compressor,5.06,71.43,15.26,113.9,1636.6,normal,476.7,14.3,11.05,1,bearing,2877.0
2072-03-18,M15,Compressor,4.59,65.86,16.53,108.5,1626.6,normal,477.05,9.7,10.7,1,bearing,2876.0
2072-03-19,M15,Compressor,5.58,70.12,16.87,95.8,1650.8,normal,477.22,8.5,10.53,1,bearing,4237.0
2072-03-20,M15,Compressor,7.25,73.02,21.62,149.0,2395.5,peak,477.42,13.3,10.33,1,bearing,4275.0
2072-03-21,M15,Compressor,4.69,66.13,17.15,100.4,1603.6,normal,477.85,9.6,9.9,1,bearing,3377.0
2072-03-22,M15,Compressor,4.71,79.79,15.33,105.8,1667.5,normal,478.12,15.0,9.63,1,bearing,4337.0
2072-03-23,M15,Compressor,5.7,78.11,15.78,97.1,1655.0,normal,478.39,16.8,9.36,1,bearing,4396.0
2072-03-24,M15,Compressor,4.75,77.78,17.14,118.6,1676.4,normal,478.47,13.8,9.28,1,bearing,4837.0
2072-03-25,M15,Compressor,2.15,60.15,6.67,45.7,748.4,idle,478.6,14.6,9.15,1,bearing,4978.0
2072-03-26,M15,Compressor,5.46,63.4,17.24,97.5,1646.1,normal,479.05,11.8,8.7,1,bearing,4459.0
2072-03-27,M15,Compressor,2.36,57.31,6.91,43.6,740.6,idle,479.09,15.5,8.66,1,bearing,4504.0
2072-03-28,M15,Compressor,4.86,72.05,15.95,107.7,1609.0,normal,479.45,9.3,8.3,1,bearing,4296.0
2072-03-29,M15,Compressor,2.36,61.65,6.5,49.6,741.3,idle,479.79,15.7,7.96,1,bearing,3633.0
2072-03-30,M15,Compressor,5.08,67.82,6.5,110.5,1628.3,normal,479.97,12.4,7.78,1,bearing,3688.0
2072-03-31,M15,Compressor,5.65,64.02,16.34,108.9,1710.9,normal,480.1,17.7,7.65,1,bearing,3398.0
2072-04-01,M15,Compressor,5.77,67.12,15.91,104.2,1649.6,normal,480.45,13.0,7.3,1,bearing,2663.0
2072-04-02,M15,Compressor,8.0,67.12,24.28,149.4,2466.6,peak,480.7,17.7,7.05,1,bearing,4235.0
2072-04-03,M15,Compressor,7.32,78.7,22.66,153.5,2396.3,peak,481.2,16.3,6.55,1,bearing,3759.0
2072-04-04,M15,Compressor,5.7,65.25,22.66,111.0,1673.8,normal,481.62,14.6,6.13,1,bearing,4713.0
2072-04-05,M15,Compressor,5.77,79.16,15.56,112.8,1623.8,normal,481.87,15.3,5.88,1,bearing,3745.0
2072-04-06,M15,Compressor,2.33,62.29,6.74,44.8,744.1,idle,482.22,12.9,5.53,1,bearing,3613.0
2072-04-07,M15,Compressor,2.17,58.05,7.97,44.8,726.6,idle,482.57,15.0,5.18,1,bearing,2531.0
2072-04-08,M15,Compressor,2.25,59.01,6.86,43.6,701.9,idle,482.7,9.4,5.05,1,bearing,4048.0
2072-04-09,M15,Compressor,2.21,64.03,7.44,44.4,707.3,idle,483.02,12.0,4.73,1,bearing,4428.0
2072-04-10,M15,Compressor,6.07,66.84,17.97,113.4,1675.2,normal,483.05,10.1,4.7,1,bearing,4003.0
2072-04-11,M15,Compressor,7.95,66.84,23.34,160.9,2446.0,peak,483.27,15.4,4.48,1,bearing,4511.0
2072-04-12,M15,Compressor,5.66,77.53,17.78,103.3,1675.8,normal,483.59,16.6,4.16,1,bearing,3842.0
2072-04-13,M15,Compressor,2.35,58.57,7.66,46.7,692.8,idle,483.87,17.0,3.88,1,bearing,3828.0
2072-04-14,M15,Compressor,5.1,68.32,17.86,96.6,1648.6,normal,484.0,9.4,3.75,1,bearing,4214.0
2072-04-15,M15,Compressor,5.23,68.45,17.68,116.3,1667.7,normal,484.19,17.1,3.56,1,bearing,2957.0
2072-04-16,M15,Compressor,6.06,79.35,16.07,111.1,1699.5,normal,484.34,9.7,3.41,1,bearing,4386.0
2072-04-17,M15,Compressor,5.71,78.5,17.29,102.1,1684.1,normal,484.55,8.8,3.2,1,bearing,3170.0
2072-04-18,M15,Compressor,5.75,75.33,15.73,98.1,1704.6,normal,484.8,15.5,2.95,1,bearing,4029.0
2072-04-19,M15,Compressor,2.4,59.93,6.71,44.1,702.8,idle,485.22,13.7,2.53,1,bearing,3791.0
2072-04-20,M15,Compressor,8.72,59.93,21.8,44.1,702.8,peak,485.44,14.5,2.31,1,bearing,4316.0
2072-04-21,M15,Compressor,5.38,77.76,15.58,113.3,1716.2,normal,485.59,15.7,2.16,1,bearing,3117.0
2072-04-22,M15,Compressor,8.63,84.89,25.93,159.2,2415.2,peak,485.97,12.2,1.78,1,bearing,3095.0
2072-04-23,M15,Compressor,2.24,59.97,7.97,159.2,726.1,idle,486.42,12.9,1.33,1,bearing,4255.0
2072-04-24,M15,Compressor,5.88,67.89,18.36,111.2,1648.8,normal,486.45,13.6,1.3,1,bearing,4557.0
2072-04-25,M15,Compressor,6.23,81.77,16.64,107.9,1588.3,normal,486.5,8.7,1.25,1,bearing,2700.0
2072-04-26,M15,Compressor,6.36,81.77,18.31,99.8,1716.4,normal,486.6,13.3,1.15,1,bearing,4663.0
2072-04-27,M15,Compressor,2.45,63.5,6.64,45.2,712.7,idle,486.99,10.7,0.76,1,bearing,4383.0
2072-04-28,M15,Compressor,5.22,76.78,18.1,95.6,1647.8,normal,487.35,14.0,0.5,1,bearing,4093.0
2072-04-29,M15,Compressor,5.3,76.78,16.08,96.5,1706.1,normal,487.7,10.4,0.5,1,bearing,3416.0
2072-04-30,M15,Compressor,2.76,55.54,15.18,116.1,1679.9,normal,0.0,13.1,29.66,0,none,0.0
2072-05-01,M15,Compressor,2.71,61.55,15.99,110.3,1650.3,normal,0.45,13.8,29.21,0,none,0.0
2072-05-02,M15,Compressor,2.94,55.33,14.27,83.2,1695.7,normal,0.67,17.6,28.99,0,none,0.0
2072-05-03,M15,Compressor,1.23,54.14,6.39,33.0,701.3,idle,1.15,17.7,28.51,0,none,0.0
2072-05-04,M15,Compressor,3.07,55.46,15.09,85.6,1617.1,normal,1.38,15.4,28.27,0,none,0.0
2072-05-05,M15,Compressor,2.59,71.75,13.69,104.8,1641.5,normal,1.43,16.3,28.22,0,none,0.0
2072-05-06,M15,Compressor,2.82,71.31,14.17,116.0,1687.5,normal,1.83,10.4,27.82,0,none,0.0
2072-05-07,M15,Compressor,2.86,59.05,13.96,77.5,1636.0,normal,2.12,14.3,27.54,0,none,0.0
2072-05-08,M15,Compressor,2.64,72.3,14.72,137.2,1678.8,normal,2.45,8.3,27.21,0,none,0.0
2072-05-09,M15,Compressor,3.8,69.01,19.05,118.1,2385.6,peak,2.62,14.0,27.04,0,none,0.0
2072-05-10,M15,Compressor,3.68,71.37,19.21,129.6,2476.8,peak,2.75,17.3,26.91,0,none,0.0
2072-05-11,M15,Compressor,1.32,51.91,6.87,31.8,692.0,idle,3.22,15.2,26.44,0,none,0.0
2072-05-12,M15,Compressor,3.08,67.05,15.96,93.4,1631.4,normal,3.45,18.0,26.21,0,none,0.0
2072-05-13,M15,Compressor,2.78,62.57,15.34,71.6,1660.5,normal,3.83,9.9,25.82,0,none,0.0
2072-05-14,M15,Compressor,2.78,62.74,13.82,124.8,1624.6,normal,3.88,12.4,25.77,0,none,0.0
2072-05-15,M15,Compressor,1.23,56.35,6.29,45.3,725.3,idle,4.15,13.4,25.51,0,none,0.0
2072-05-16,M15,Compressor,1.32,51.42,5.84,52.8,706.6,idle,4.42,10.3,25.24,0,none,0.0
2072-05-17,M15,Compressor,2.72,71.21,5.84,115.3,1693.9,normal,4.48,8.7,25.17,0,none,0.0
2072-05-18,M15,Compressor,1.3,49.04,6.08,61.1,717.0,idle,4.7,12.4,24.96,0,none,0.0
2072-05-19,M15,Compressor,4.24,67.91,22.0,157.0,2327.4,peak,5.0,13.7,24.66,0,none,0.0
2072-05-20,M15,Compressor,3.24,57.73,16.21,117.2,1684.9,normal,5.13,10.2,24.52,0,none,0.0
2072-05-21,M15,Compressor,1.27,48.94,6.77,41.1,1684.9,idle,5.18,9.6,24.47,0,none,0.0
2072-05-22,M15,Compressor,2.73,64.75,15.09,94.1,1702.6,normal,5.42,15.1,24.24,0,none,0.0
2072-05-23,M15,Compressor,4.27,62.81,18.98,147.6,2288.0,peak,5.58,14.9,24.07,0,none,0.0
2072-05-24,M15,Compressor,2.9,60.14,13.68,83.8,1631.1,normal,5.82,13.3,23.84,1,hydraulic,3980.0
2072-05-25,M15,Compressor,3.22,72.96,13.79,133.4,1644.2,normal,5.9,16.2,23.76,1,hydraulic,1832.0
2072-05-26,M15,Compressor,3.02,64.19,16.09,100.6,1593.3,normal,6.03,11.0,23.62,1,hydraulic,2992.0
2072-05-27,M15,Compressor,3.13,64.39,13.97,128.8,1676.1,normal,6.32,12.7,23.34,1,hydraulic,3955.0
2072-05-28,M15,Compressor,2.84,71.62,15.91,129.4,1572.9,normal,6.63,15.7,23.02,1,hydraulic,3643.0
2072-05-29,M15,Compressor,3.02,62.72,15.59,104.9,1661.0,normal,6.83,12.7,22.82,1,hydraulic,2724.0
2072-05-30,M15,Compressor,3.02,64.82,14.0,119.8,1650.5,normal,7.3,14.5,22.36,1,hydraulic,3649.0
2072-05-31,M15,Compressor,1.39,53.12,6.81,48.8,692.0,idle,7.73,8.1,21.92,1,hydraulic,3911.0
2072-06-01,M15,Compressor,2.79,68.8,15.1,147.9,1705.2,normal,8.03,17.0,21.62,1,hydraulic,3828.0
2072-06-02,M15,Compressor,1.22,50.33,6.35,46.2,724.6,idle,8.15,17.8,21.51,1,hydraulic,2782.0
2072-06-03,M15,Compressor,2.78,50.33,14.83,124.7,1638.0,normal,8.55,11.3,21.11,1,hydraulic,1617.0
2072-06-04,M15,Compressor,3.08,68.27,14.63,99.7,1624.7,normal,8.73,12.7,20.92,1,hydraulic,3987.0
2072-06-05,M15,Compressor,3.24,56.33,15.79,94.9,1658.5,normal,9.02,10.3,20.64,1,hydraulic,2817.0
2072-06-06,M15,Compressor,4.14,71.63,22.98,163.6,2282.4,peak,9.17,16.4,20.49,1,hydraulic,3104.0
2072-06-07,M15,Compressor,1.34,53.79,6.49,54.6,710.4,idle,9.25,12.9,20.41,1,hydraulic,3850.0
2072-06-08,M15,Compressor,3.12,72.49,13.92,54.6,1697.8,normal,9.6,12.6,20.06,1,hydraulic,2079.0
2072-06-09,M15,Compressor,3.12,59.29,14.21,107.2,1641.0,normal,10.0,16.7,19.66,1,hydraulic,1846.0
2072-06-10,M15,Compressor,4.58,79.34,19.38,138.5,2390.8,peak,10.43,17.3,19.22,1,hydraulic,1639.0
2072-06-11,M15,Compressor,3.28,67.35,14.59,107.4,1633.4,normal,10.47,8.1,19.19,1,hydraulic,2988.0
2072-06-12,M15,Compressor,3.35,66.08,13.87,135.2,1557.6,normal,10.88,16.5,18.77,1,hydraulic,3426.0
2072-06-13,M15,Compressor,1.43,54.07,7.38,43.8,705.5,idle,11.32,12.4,18.34,1,hydraulic,3701.0
2072-06-14,M15,Compressor,2.9,67.79,15.14,92.9,1604.0,normal,11.72,11.2,17.94,1,hydraulic,2484.0
2072-06-15,M15,Compressor,2.81,67.79,16.11,124.6,1667.5,normal,12.2,14.5,17.46,1,hydraulic,1979.0
2072-06-16,M15,Compressor,2.85,57.3,13.88,85.7,1623.8,normal,12.45,16.7,17.21,1,hydraulic,1653.0
2072-06-17,M15,Compressor,2.86,62.71,15.26,80.0,1672.0,normal,12.73,8.1,16.92,1,hydraulic,1831.0
2072-06-18,M15,Compressor,3.21,57.06,15.41,88.2,1632.2,normal,12.95,16.8,16.71,1,hydraulic,3828.0
2072-06-19,M15,Compressor,1.3,52.84,6.63,35.8,719.4,idle,13.1,16.9,16.56,1,hydraulic,2088.0
2072-06-20,M15,Compressor,2.94,59.11,16.09,128.0,1545.4,normal,13.58,11.2,16.07,1,hydraulic,2887.0
2072-06-21,M15,Compressor,3.05,71.42,15.02,94.2,1547.3,normal,13.7,9.3,15.96,1,hydraulic,3695.0
2072-06-22,M15,Compressor,3.29,62.94,15.82,85.7,1622.2,normal,14.05,15.7,15.61,1,hydraulic,3842.0
2072-06-23,M15,Compressor,3.2,60.36,14.68,106.2,1667.9,normal,14.38,8.9,15.27,1,hydraulic,3810.0
2072-06-24,M15,Compressor,1.47,55.08,6.0,41.9,693.9,idle,14.73,17.4,14.92,1,hydraulic,1824.0
2072-06-25,M15,Compressor,1.24,58.71,6.33,58.9,678.1,idle,14.93,11.3,14.72,1,hydraulic,3472.0
2072-06-26,M15,Compressor,1.4,58.75,7.46,49.8,713.0,idle,14.97,14.6,14.69,1,hydraulic,3948.0
2072-06-27,M15,Compressor,1.39,57.39,6.42,43.3,688.8,idle,15.18,8.1,14.47,1,hydraulic,2354.0
2072-06-28,M15,Compressor,3.35,71.6,14.58,80.7,1553.8,normal,15.43,14.5,14.22,1,hydraulic,2074.0
2072-06-29,M15,Compressor,2.86,68.08,16.17,132.1,1630.8,normal,15.73,10.9,13.92,1,hydraulic,3558.0
2072-06-30,M15,Compressor,1.44,54.41,7.3,39.3,685.5,idle,16.1,12.5,13.56,1,hydraulic,1601.0
2072-07-01,M15,Compressor,1.39,51.67,6.14,41.5,668.3,idle,16.48,15.9,13.17,1,hydraulic,3672.0
2072-07-02,M15,Compressor,1.28,52.39,7.03,44.0,668.7,idle,16.58,11.1,13.07,1,hydraulic,3627.0
2072-07-03,M15,Compressor,1.49,58.33,6.48,44.5,704.8,idle,16.92,13.8,12.74,1,hydraulic,2052.0
2072-07-04,M15,Compressor,1.48,59.21,6.12,33.0,690.6,idle,17.22,17.4,12.44,1,hydraulic,2266.0
2072-07-05,M15,Compressor,2.94,57.93,7.17,37.0,670.9,idle,17.53,11.6,12.12,1,hydraulic,2971.0
2072-07-06,M15,Compressor,1.31,58.1,6.55,47.4,700.1,idle,17.58,16.6,12.07,1,hydraulic,2277.0
2072-07-07,M15,Compressor,1.35,51.85,6.9,47.8,719.2,idle,18.0,9.0,11.66,1,hydraulic,1718.0
2072-07-08,M15,Compressor,1.44,58.34,7.46,48.7,673.5,idle,18.17,13.5,11.49,1,hydraulic,3663.0
2072-07-09,M15,Compressor,1.47,58.76,5.93,62.5,689.9,idle,18.5,10.6,11.16,1,hydraulic,1778.0
2072-07-10,M15,Compressor,3.23,73.56,14.78,77.7,1574.7,normal,18.82,10.7,10.84,1,hydraulic,2490.0
2072-07-11,M15,Compressor,3.0,64.26,14.48,98.5,1604.2,normal,19.13,16.3,10.52,1,hydraulic,2760.0
2072-07-12,M15,Compressor,1.38,53.25,6.13,53.2,669.6,idle,19.4,15.7,10.26,1,hydraulic,1710.0
2072-07-13,M15,Compressor,3.14,57.97,14.21,104.0,1547.5,normal,19.78,10.5,9.87,1,hydraulic,3668.0
2072-07-14,M15,Compressor,1.33,54.83,6.0,34.7,705.3,idle,20.07,12.0,9.59,1,hydraulic,1612.0
2072-07-15,M15,Compressor,1.36,53.59,6.27,59.9,669.9,idle,20.55,15.3,9.11,1,hydraulic,3107.0
2072-07-16,M15,Compressor,1.52,52.75,7.36,39.8,695.2,idle,20.58,18.0,9.07,1,hydraulic,3102.0
2072-07-17,M15,Compressor,1.34,59.4,6.9,36.0,691.6,idle,21.07,8.1,8.59,1,hydraulic,2405.0
2072-07-18,M15,Compressor,1.31,58.94,6.26,41.0,697.4,idle,21.27,11.9,8.39,1,hydraulic,3040.0
2072-07-19,M15,Compressor,1.3,59.77,6.16,56.7,695.2,idle,21.52,16.5,8.14,1,hydraulic,1619.0
2072-07-20,M15,Compressor,1.47,55.82,6.58,60.4,704.8,idle,21.73,16.3,7.92,1,hydraulic,3026.0
2072-07-21,M15,Compressor,1.42,53.89,7.42,48.3,666.7,idle,22.13,11.3,7.52,1,hydraulic,3853.0
2072-07-22,M15,Compressor,1.42,56.79,6.79,50.7,682.5,idle,22.27,12.8,7.39,1,hydraulic,2518.0
2072-07-23,M15,Compressor,3.12,63.13,15.44,95.9,1564.1,normal,22.6,14.0,7.06,1,hydraulic,2424.0
2072-07-24,M15,Compressor,3.16,61.73,14.52,104.0,1533.3,normal,22.87,13.7,6.79,1,hydraulic,2281.0
2072-07-25,M15,Compressor,1.39,53.44,7.44,54.0,685.6,idle,23.07,8.8,6.59,1,hydraulic,3820.0
2072-07-26,M15,Compressor,4.49,81.05,23.17,176.0,2324.6,peak,23.48,11.9,6.17,1,hydraulic,3926.0
2072-07-27,M15,Compressor,3.15,68.73,16.51,147.2,1534.6,normal,23.57,12.6,6.09,1,hydraulic,2614.0
2072-07-28,M15,Compressor,3.7,60.04,16.61,139.7,1646.7,normal,23.85,15.6,5.81,1,hydraulic,2267.0
2072-07-29,M15,Compressor,1.4,60.35,7.32,33.4,675.0,idle,24.02,10.3,5.64,1,hydraulic,1804.0
2072-07-30,M15,Compressor,3.3,69.52,14.65,101.8,1513.3,normal,24.48,8.5,5.17,1,hydraulic,3206.0
2072-07-31,M15,Compressor,1.41,58.34,6.95,43.2,669.2,idle,24.92,10.3,4.74,1,hydraulic,3761.0
2072-08-01,M15,Compressor,1.41,53.59,6.42,55.9,664.7,idle,25.0,17.5,4.66,1,hydraulic,1530.0
2072-08-02,M15,Compressor,4.48,81.02,20.67,55.9,2265.7,peak,25.35,13.4,4.31,1,hydraulic,2577.0
2072-08-03,M15,Compressor,4.78,67.87,22.07,162.2,2265.7,peak,25.57,10.5,4.09,1,hydraulic,1553.0
2072-08-04,M15,Compressor,3.72,77.03,15.63,97.6,1598.4,normal,25.7,10.2,3.96,1,hydraulic,2240.0
2072-08-05,M15,Compressor,3.45,74.9,16.84,141.8,1614.7,normal,26.0,14.3,3.66,1,hydraulic,3207.0
2072-08-06,M15,Compressor,3.43,64.61,15.73,118.0,1501.0,normal,26.2,17.0,3.46,1,hydraulic,3195.0
2072-08-07,M15,Compressor,3.27,65.75,16.35,140.7,1561.0,normal,26.63,15.5,3.02,1,hydraulic,3768.0
2072-08-08,M15,Compressor,3.76,69.07,16.2,138.6,1627.5,normal,26.68,15.2,2.97,1,hydraulic,3858.0
2072-08-09,M15,Compressor,3.7,77.26,15.27,114.2,1610.9,normal,27.07,16.8,2.59,1,hydraulic,3730.0
2072-08-10,M15,Compressor,3.74,60.46,15.14,114.2,1598.8,normal,27.15,16.3,2.51,1,hydraulic,1717.0
2072-08-11,M15,Compressor,1.55,57.84,6.65,53.9,681.8,idle,27.22,10.7,2.44,1,hydraulic,2864.0
2072-08-12,M15,Compressor,3.49,72.78,14.77,80.0,1539.3,normal,27.48,13.6,2.17,1,hydraulic,3469.0
2072-08-13,M15,Compressor,3.12,73.08,15.55,138.8,1568.4,normal,27.75,17.1,1.91,1,hydraulic,1936.0
2072-08-14,M15,Compressor,3.13,67.06,14.73,119.4,1558.5,normal,28.2,13.3,1.46,1,hydraulic,1968.0
2072-08-15,M15,Compressor,1.49,56.66,6.89,55.0,674.7,idle,28.42,16.4,1.24,1,hydraulic,1967.0
2072-08-16,M15,Compressor,3.62,66.48,15.35,143.0,1570.9,normal,28.6,12.1,1.06,1,hydraulic,3932.0
2072-08-17,M15,Compressor,3.56,65.16,15.61,69.5,1553.9,normal,28.8,12.5,0.86,1,hydraulic,3165.0
2072-08-18,M15,Compressor,3.73,62.78,16.38,97.8,1491.4,normal,29.02,9.4,0.64,1,hydraulic,3253.0
2072-08-19,M15,Compressor,3.86,63.19,15.21,125.2,1631.5,normal,29.33,10.9,0.5,1,hydraulic,2862.0
2072-08-20,M15,Compressor,1.53,61.2,6.98,41.0,678.7,idle,29.48,14.3,0.5,1,hydraulic,3538.0
2072-08-21,M15,Compressor,2.15,52.11,13.29,95.3,1675.7,normal,0.0,14.2,83.01,0,none,0.0
2072-08-22,M15,Compressor,0.97,44.58,5.51,42.9,776.2,idle,0.05,10.3,82.96,0,none,0.0
2072-08-23,M15,Compressor,0.97,57.83,5.51,42.9,776.2,normal,0.23,16.0,82.77,0,none,0.0
2072-08-24,M15,Compressor,2.39,65.02,14.4,117.1,1673.5,normal,0.38,13.6,82.62,0,none,0.0
2072-08-25,M15,Compressor,1.07,49.3,6.41,46.7,727.1,idle,0.85,9.8,82.16,0,none,0.0
2072-08-26,M15,Compressor,1.07,57.18,13.16,100.1,1725.2,normal,1.1,13.1,81.91,0,none,0.0
2072-08-27,M15,Compressor,2.21,57.18,5.72,49.2,722.1,idle,1.28,9.1,81.72,0,none,0.0
2072-08-28,M15,Compressor,0.93,47.79,5.64,46.6,729.5,idle,1.65,11.1,81.36,0,none,0.0
2072-08-29,M15,Compressor,1.03,44.94,6.72,47.9,775.5,idle,2.15,13.2,80.86,0,none,0.0
2072-08-30,M15,Compressor,0.91,48.44,6.56,49.2,748.9,idle,2.38,11.4,80.62,0,none,0.0
2072-08-31,M15,Compressor,1.09,44.98,6.15,44.0,729.3,idle,2.43,15.5,80.57,0,none,0.0
2072-09-01,M15,Compressor,0.96,49.32,6.22,43.5,721.9,idle,2.57,11.6,80.44,0,none,0.0
2072-09-02,M15,Compressor,1.08,46.51,5.69,43.2,735.2,idle,2.93,14.8,80.07,0,none,0.0
2072-09-03,M15,Compressor,0.95,46.24,5.84,45.5,765.9,idle,3.07,9.1,79.94,0,none,0.0
2072-09-04,M15,Compressor,2.11,53.43,14.78,98.7,1776.0,normal,3.15,17.0,79.86,0,none,0.0
2072-09-05,M15,Compressor,1.0,51.05,5.52,48.3,754.3,idle,3.27,10.9,79.74,0,none,0.0
2072-09-06,M15,Compressor,0.99,45.17,5.85,48.3,728.9,idle,3.4,12.6,79.61,0,none,0.0
2072-09-07,M15,Compressor,1.01,45.66,6.23,44.0,741.1,idle,3.87,9.9,79.14,0,none,0.0
2072-09-08,M15,Compressor,1.06,44.3,6.89,44.6,755.8,idle,3.98,10.3,79.02,0,none,0.0
2072-09-09,M15,Compressor,2.21,56.46,14.15,112.2,1798.4,normal,4.33,15.5,78.67,0,none,0.0
2072-09-10,M15,Compressor,1.07,46.7,14.15,49.4,721.8,idle,4.62,8.8,78.39,0,none,0.0
2072-09-11,M15,Compressor,2.54,50.46,15.44,95.3,1652.9,normal,5.02,12.1,77.99,0,none,0.0
2072-09-12,M15,Compressor,2.35,62.0,13.88,110.2,1793.8,normal,5.13,11.5,77.87,0,none,0.0
2072-09-13,M15,Compressor,1.06,51.07,5.74,43.8,755.3,idle,5.45,17.5,77.56,0,none,0.0
2072-09-14,M15,Compressor,1.04,44.86,5.76,49.4,721.5,idle,5.92,10.0,77.09,0,none,0.0
2072-09-15,M15,Compressor,0.98,44.86,6.66,48.9,721.5,idle,6.05,15.5,76.96,0,none,0.0
2072-09-16,M15,Compressor,1.02,50.75,6.4,46.8,744.8,idle,6.45,13.0,76.56,0,none,0.0
2072-09-17,M15,Compressor,1.03,51.68,5.95,43.6,777.5,idle,6.48,11.1,76.52,0,none,0.0
2072-09-18,M15,Compressor,0.91,50.72,6.86,43.8,745.5,idle,6.65,12.5,76.36,0,none,0.0
2072-09-19,M15,Compressor,0.92,46.94,6.19,46.1,727.4,idle,7.0,13.7,76.01,0,none,0.0
2072-09-20,M15,Compressor,0.98,49.0,6.25,48.7,777.1,idle,7.25,12.9,75.76,0,none,0.0
2072-09-21,M15,Compressor,1.06,44.38,5.82,42.7,746.0,idle,7.5,12.9,75.51,0,none,0.0
2072-09-22,M15,Compressor,1.04,44.26,5.9,42.8,744.6,idle,7.83,8.6,75.17,0,none,0.0
2072-09-23,M15,Compressor,2.56,57.43,14.59,104.7,1774.3,normal,7.92,10.4,75.09,0,none,0.0
2072-09-24,M15,Compressor,2.47,52.48,14.63,104.7,1796.2,normal,8.1,11.3,74.91,0,none,0.0
2072-09-25,M15,Compressor,2.47,66.15,14.63,104.7,1796.2,normal,8.17,14.0,74.84,0,none,0.0
2072-09-26,M15,Compressor,2.1,67.1,13.56,117.7,1795.0,normal,8.33,8.8,74.67,0,none,0.0
2072-09-27,M15,Compressor,3.21,59.22,19.71,163.7,2571.0,peak,8.83,9.3,74.17,0,none,0.0
2072-09-28,M15,Compressor,2.34,59.82,14.02,118.6,1818.1,normal,8.92,9.3,74.09,0,none,0.0
2072-09-29,M15,Compressor,2.24,67.09,14.02,106.8,1720.5,normal,9.17,13.5,73.84,0,none,0.0
2072-09-30,M15,Compressor,2.53,66.98,14.01,107.3,1706.8,normal,9.2,12.3,73.81,0,none,0.0
2072-10-01,M15,Compressor,2.2,67.93,13.47,115.3,1721.5,normal,9.63,12.5,73.37,0,none,0.0
2072-10-02,M15,Compressor,0.92,46.6,5.62,49.9,735.9,idle,10.13,14.7,72.87,0,none,0.0
2072-10-03,M15,Compressor,2.47,57.66,14.7,101.4,1666.0,normal,10.3,9.2,72.71,0,none,0.0
2072-10-04,M15,Compressor,2.5,62.9,13.27,113.3,1751.6,normal,10.48,18.0,72.52,0,none,0.0
2072-10-05,M15,Compressor,0.93,50.6,6.55,46.0,730.7,idle,10.77,11.5,72.24,0,none,0.0
2072-10-06,M15,Compressor,2.37,52.93,13.46,101.0,1761.3,normal,10.88,16.2,72.12,0,none,0.0
2072-10-07,M15,Compressor,2.44,51.31,14.63,95.9,1803.8,normal,11.12,10.8,71.89,0,none,0.0
2072-10-08,M15,Compressor,2.49,63.04,13.6,119.7,1807.1,normal,11.5,14.8,71.51,0,none,0.0
2072-10-09,M15,Compressor,3.29,55.69,20.05,148.1,2518.5,peak,11.68,11.5,71.32,0,none,0.0
2072-10-10,M15,Compressor,2.59,63.62,20.05,104.8,1810.6,normal,11.97,12.8,71.04,0,none,0.0
2072-10-11,M15,Compressor,3.07,72.8,18.3,153.3,2549.1,peak,12.47,10.7,70.54,0,none,0.0
2072-10-12,M15,Compressor,2.3,60.28,14.23,110.1,1679.1,normal,12.88,10.0,70.12,0,none,0.0
2072-10-13,M15,Compressor,2.39,67.77,13.48,96.7,1716.6,normal,12.95,13.1,70.06,0,none,0.0
2072-10-14,M15,Compressor,2.29,52.26,14.43,105.9,1792.3,normal,12.98,12.9,70.02,0,none,0.0
2072-10-15,M15,Compressor,2.31,67.74,14.95,107.2,1743.9,normal,13.32,14.4,69.69,0,none,0.0
2072-10-16,M15,Compressor,3.52,70.48,20.63,150.3,2482.1,peak,13.7,17.0,69.31,0,none,0.0
2072-10-17,M15,Compressor,2.49,61.29,15.39,116.8,1722.6,normal,13.78,11.6,69.22,0,none,0.0
2072-10-18,M15,Compressor,2.25,52.23,14.02,100.7,1652.8,normal,13.95,14.9,69.06,0,none,0.0
2072-10-19,M15,Compressor,2.17,58.15,15.23,103.0,1725.0,normal,14.17,15.7,68.84,0,none,0.0
2072-10-20,M15,Compressor,2.29,56.64,14.81,107.7,1719.4,normal,14.48,10.1,68.52,0,none,0.0
2072-10-21,M15,Compressor,2.57,54.97,15.08,107.9,1725.1,normal,14.8,16.7,68.21,0,none,0.0
2072-10-22,M15,Compressor,2.13,65.45,13.68,112.0,1798.7,normal,14.92,12.3,68.09,0,none,0.0
2072-10-23,M15,Compressor,1.01,49.13,6.01,47.8,759.4,idle,14.98,13.2,68.02,0,none,0.0
2072-10-24,M15,Compressor,2.32,61.42,6.01,111.5,1764.4,normal,15.3,16.9,67.71,0,none,0.0
2072-10-25,M15,Compressor,0.99,45.99,6.7,48.0,723.4,idle,15.6,11.8,67.41,0,none,0.0
2072-10-26,M15,Compressor,2.35,51.66,13.8,105.6,1680.1,normal,15.92,9.4,67.09,0,none,0.0
2072-10-27,M15,Compressor,0.99,49.65,6.16,43.9,744.9,idle,16.18,17.8,66.82,0,none,0.0
2072-10-28,M15,Compressor,1.02,51.49,6.25,49.1,779.1,idle,16.55,16.2,66.46,0,none,0.0
2072-10-29,M15,Compressor,2.38,52.65,6.25,116.6,1797.7,normal,16.9,17.3,66.11,0,none,0.0
2072-10-30,M15,Compressor,2.58,54.98,13.83,112.2,1745.9,normal,17.35,17.4,65.66,0,none,0.0
2072-10-31,M15,Compressor,2.53,54.58,14.65,118.5,1686.7,normal,17.52,8.0,65.49,0,none,0.0
2072-11-01,M15,Compressor,0.96,47.26,5.63,43.4,742.9,idle,17.55,11.8,65.46,0,none,0.0
2072-11-02,M15,Compressor,2.14,56.53,13.61,116.6,1753.4,normal,17.58,15.1,65.42,0,none,0.0
2072-11-03,M15,Compressor,1.08,45.62,5.62,44.8,723.4,idle,17.67,14.1,65.34,0,none,0.0
2072-11-04,M15,Compressor,2.54,53.39,13.35,114.7,1771.1,normal,17.97,13.1,65.04,0,none,0.0
2072-11-05,M15,Compressor,2.13,59.17,14.12,104.7,1671.5,normal,18.12,8.3,64.89,0,none,0.0
2072-11-06,M15,Compressor,2.49,54.32,14.15,117.0,1704.1,normal,18.4,11.8,64.61,0,none,0.0
2072-11-07,M15,Compressor,3.02,72.78,19.98,154.9,2510.3,peak,18.8,16.1,64.21,0,none,0.0
2072-11-08,M15,Compressor,2.19,62.87,13.58,102.5,1757.3,normal,19.07,10.1,63.94,0,none,0.0
2072-11-09,M15,Compressor,2.47,63.15,13.21,113.9,1762.7,normal,19.35,12.3,63.66,0,none,0.0
2072-11-10,M15,Compressor,2.4,67.4,13.87,112.1,1747.5,normal,19.83,10.6,63.17,0,none,0.0
2072-11-11,M15,Compressor,2.29,64.19,14.01,109.0,1745.3,normal,19.97,14.5,63.04,0,none,0.0
2072-11-12,M15,Compressor,2.36,58.23,13.42,101.0,1671.0,normal,20.47,13.9,62.54,0,none,0.0
2072-11-13,M15,Compressor,2.46,63.4,14.6,117.9,1695.0,normal,20.63,11.6,62.37,0,none,0.0
2072-11-14,M15,Compressor,1.06,45.49,5.6,42.0,754.8,idle,20.83,9.6,62.17,0,none,0.0
2072-11-15,M15,Compressor,1.06,50.58,6.21,42.5,722.1,idle,21.27,17.1,61.74,0,none,0.0
2072-11-16,M15,Compressor,2.56,51.67,14.96,96.7,1681.2,normal,21.43,8.5,61.57,0,none,0.0
2072-11-17,M15,Compressor,0.93,46.22,6.11,43.0,778.4,idle,21.88,11.4,61.12,0,none,0.0
2072-11-18,M15,Compressor,3.0,70.44,20.11,146.7,2424.0,peak,22.02,13.6,60.99,0,none,0.0
2072-11-19,M15,Compressor,2.39,55.67,14.13,108.7,1747.5,normal,22.52,11.1,60.49,0,none,0.0
2072-11-20,M15,Compressor,2.39,51.26,14.85,102.3,1669.5,normal,22.73,14.8,60.27,0,none,0.0
2072-11-21,M15,Compressor,0.92,45.9,6.44,45.8,726.4,idle,22.95,13.9,60.06,0,none,0.0
2072-11-22,M15,Compressor,2.12,62.32,14.05,114.7,1747.5,normal,23.13,8.6,59.87,0,none,0.0
2072-11-23,M15,Compressor,1.06,46.56,5.71,48.4,763.7,idle,23.37,15.2,59.64,0,none,0.0
2072-11-24,M15,Compressor,1.02,51.1,6.45,46.2,750.1,idle,23.72,15.1,59.29,0,none,0.0
2072-11-25,M15,Compressor,1.02,48.13,5.91,49.6,777.5,idle,23.83,16.8,59.17,0,none,0.0
2072-11-26,M15,Compressor,0.93,48.24,6.68,42.4,727.4,idle,24.23,10.6,58.77,0,none,0.0
2072-11-27,M15,Compressor,1.01,48.24,6.75,49.0,764.2,idle,24.63,17.2,58.37,0,none,0.0
2072-11-28,M15,Compressor,1.06,48.24,5.71,42.2,770.9,idle,24.87,15.9,58.14,0,none,0.0
2072-11-29,M15,Compressor,1.04,47.19,6.7,42.4,739.1,idle,25.22,8.9,57.79,0,none,0.0
2072-11-30,M15,Compressor,0.97,44.84,6.61,48.2,755.0,idle,25.35,12.2,57.66,0,none,0.0
2072-12-01,M15,Compressor,0.98,48.86,6.85,44.9,740.0,idle,25.75,14.4,57.26,0,none,0.0
2072-12-02,M15,Compressor,1.02,49.47,6.19,48.9,740.0,idle,26.18,11.6,56.82,0,none,0.0
2072-12-03,M15,Compressor,2.42,62.02,13.74,95.5,1790.5,normal,26.37,9.7,56.64,0,none,0.0
2072-12-04,M15,Compressor,1.0,44.76,6.94,44.4,748.5,idle,26.42,9.3,56.59,0,none,0.0
2072-12-05,M15,Compressor,1.0,46.97,5.73,47.6,731.7,idle,26.85,14.6,56.16,0,none,0.0
2072-12-06,M15,Compressor,1.04,50.42,5.53,47.9,758.3,idle,26.97,10.6,56.04,0,none,0.0
2072-12-07,M15,Compressor,2.2,61.16,14.05,97.1,1739.0,normal,27.18,14.1,55.82,0,none,0.0
2072-12-08,M15,Compressor,1.09,49.19,6.0,46.5,764.3,idle,27.53,14.5,55.47,0,none,0.0
2072-12-09,M15,Compressor,2.18,59.52,14.27,104.4,1777.0,normal,27.73,11.0,55.27,0,none,0.0
2072-12-10,M15,Compressor,2.38,62.58,14.49,114.5,1757.8,normal,28.23,13.7,54.77,0,none,0.0
2072-12-11,M15,Compressor,1.04,45.8,6.77,43.2,740.4,idle,28.33,14.4,54.67,0,none,0.0
2072-12-12,M15,Compressor,2.54,51.95,15.17,106.9,1681.2,normal,28.5,11.2,54.51,0,none,0.0
2072-12-13,M15,Compressor,1.05,46.27,6.52,48.3,754.2,idle,28.85,12.5,54.16,0,none,0.0
2072-12-14,M15,Compressor,1.06,51.48,6.33,43.2,762.6,idle,29.07,11.1,53.94,0,none,0.0
2072-12-15,M15,Compressor,0.98,48.25,6.44,47.7,758.4,idle,29.18,15.8,53.82,0,none,0.0
2072-12-16,M15,Compressor,0.95,49.99,6.71,42.3,738.5,idle,29.48,14.2,53.52,0,none,0.0
2072-12-17,M15,Compressor,2.59,53.2,13.46,109.8,1707.5,normal,29.68,10.0,53.32,0,none,0.0
2072-12-18,M15,Compressor,1.03,46.1,6.14,50.0,742.4,idle,29.82,12.1,53.19,0,none,0.0
2072-12-19,M15,Compressor,0.92,49.94,6.38,45.6,774.5,idle,30.03,8.6,52.97,0,none,0.0
2072-12-20,M15,Compressor,0.93,47.92,5.79,42.7,746.5,idle,30.1,8.8,52.91,0,none,0.0
2072-12-21,M15,Compressor,1.09,49.78,5.85,45.7,767.9,idle,30.2,10.5,52.81,0,none,0.0
2072-12-22,M15,Compressor,0.94,45.63,5.77,46.9,721.7,idle,30.57,15.0,52.44,0,none,0.0
2072-12-23,M15,Compressor,1.02,50.6,6.67,47.3,733.2,idle,30.87,15.9,52.14,0,none,0.0
2072-12-24,M15,Compressor,1.06,51.66,5.78,49.3,771.2,idle,31.23,15.9,51.77,0,none,0.0
2072-12-25,M15,Compressor,1.1,46.55,6.9,43.4,730.5,idle,31.35,10.9,51.66,0,none,0.0
2072-12-26,M15,Compressor,0.92,47.42,5.52,45.0,757.6,idle,31.65,15.9,51.36,0,none,0.0
2072-12-27,M15,Compressor,0.92,50.55,5.94,42.4,742.5,idle,31.83,15.6,51.17,0,none,0.0
2072-12-28,M15,Compressor,0.93,50.36,6.0,42.9,747.2,idle,32.27,10.9,50.74,0,none,0.0
2072-12-29,M15,Compressor,2.33,54.96,13.82,114.2,1758.6,normal,32.57,14.3,50.44,0,none,0.0
2072-12-30,M15,Compressor,2.21,67.07,13.76,108.3,1747.1,normal,32.92,13.2,50.09,0,none,0.0
2072-12-31,M15,Compressor,2.21,55.24,14.2,101.4,1702.0,normal,33.05,9.3,49.96,0,none,0.0
2073-01-01,M15,Compressor,2.21,63.21,15.0,98.0,1775.3,normal,33.15,10.9,49.86,0,none,0.0
2073-01-02,M15,Compressor,2.57,60.45,14.51,118.9,1797.8,normal,33.2,9.9,49.81,0,none,0.0
2073-01-03,M15,Compressor,1.01,50.13,5.77,45.3,762.9,idle,33.4,17.3,49.61,0,none,0.0
2073-01-04,M15,Compressor,2.24,58.17,13.43,117.5,1802.3,normal,33.6,8.6,49.41,0,none,0.0
2073-01-05,M15,Compressor,2.24,53.46,14.7,100.3,1688.9,normal,33.67,14.8,49.34,0,none,0.0
2073-01-06,M15,Compressor,1.09,44.8,6.07,46.4,726.5,idle,33.85,12.2,49.16,0,none,0.0
2073-01-07,M15,Compressor,2.12,59.76,13.29,101.3,1734.5,normal,34.33,15.9,48.67,0,none,0.0
2073-01-08,M15,Compressor,0.97,49.68,6.94,48.0,780.0,idle,34.65,14.4,48.36,0,none,0.0
2073-01-09,M15,Compressor,0.98,46.44,5.82,49.1,743.4,idle,35.1,17.8,47.91,0,none,0.0
2073-01-10,M15,Compressor,2.46,62.15,13.14,117.0,743.4,normal,35.52,9.0,47.49,0,none,0.0
2073-01-11,M15,Compressor,2.21,67.62,14.88,110.4,1818.0,normal,35.73,11.2,47.27,0,none,0.0
2073-01-12,M15,Compressor,2.48,52.18,15.48,109.9,1700.9,normal,36.23,13.5,46.77,0,none,0.0
2073-01-13,M15,Compressor,2.48,55.96,20.62,109.9,2417.5,peak,36.62,8.4,46.39,0,none,0.0
2073-01-14,M15,Compressor,0.97,46.85,6.4,46.5,761.3,idle,36.75,9.6,46.26,0,none,0.0
2073-01-15,M15,Compressor,2.19,65.68,15.15,100.4,1730.5,normal,37.25,9.4,45.76,0,none,0.0
2073-01-16,M15,Compressor,2.34,66.58,15.26,96.7,1812.9,normal,37.58,11.6,45.42,0,none,0.0
2073-01-17,M15,Compressor,2.13,66.58,13.78,104.8,1756.5,normal,37.7,16.1,45.31,0,none,0.0
2073-01-18,M15,Compressor,2.39,53.01,15.42,95.7,1708.4,normal,38.05,9.4,44.96,0,none,0.0
2073-01-19,M15,Compressor,2.5,65.32,14.99,104.3,1764.5,normal,38.15,17.1,44.86,0,none,0.0
2073-01-20,M15,Compressor,2.48,60.4,14.7,108.8,1659.3,normal,38.23,9.3,44.77,0,none,0.0
2073-01-21,M15,Compressor,2.24,62.65,13.6,106.4,1740.9,normal,38.35,10.3,44.66,0,none,0.0
2073-01-22,M15,Compressor,2.44,54.66,14.49,109.9,1793.7,normal,38.45,18.0,44.56,0,none,0.0
2073-01-23,M15,Compressor,2.38,55.31,14.31,97.7,1753.3,normal,38.55,10.6,44.46,0,none,0.0
2073-01-24,M15,Compressor,3.55,65.6,19.17,153.1,2580.4,peak,38.68,9.1,44.32,0,none,0.0
2073-01-25,M15,Compressor,2.51,64.46,19.17,104.9,1672.5,normal,39.05,11.2,43.96,0,none,0.0
2073-01-26,M15,Compressor,2.59,53.22,13.63,114.1,1709.6,normal,39.52,12.9,43.49,0,none,0.0
2073-01-27,M15,Compressor,2.39,63.71,14.39,107.3,1658.6,normal,40.0,13.5,43.01,0,none,0.0
2073-01-28,M15,Compressor,2.34,58.19,15.2,106.2,1757.1,normal,40.45,16.3,42.56,0,none,0.0
2073-01-29,M15,Compressor,1.05,47.74,5.89,49.1,773.7,idle,40.52,14.4,42.49,0,none,0.0
2073-01-30,M15,Compressor,2.55,54.91,13.79,118.0,1671.4,normal,40.95,10.1,42.06,0,none,0.0
2073-01-31,M15,Compressor,2.43,55.26,14.8,115.8,1719.4,normal,41.2,9.9,41.81,0,none,0.0
2073-02-01,M15,Compressor,0.93,49.86,5.58,42.1,772.6,idle,41.32,11.9,41.69,0,none,0.0
2073-02-02,M15,Compressor,2.51,60.48,14.66,118.8,1660.7,normal,41.52,10.7,41.49,0,none,0.0
2073-02-03,M15,Compressor,0.94,49.83,5.9,43.7,746.5,idle,41.87,10.1,41.14,0,none,0.0
2073-02-04,M15,Compressor,2.46,53.79,14.07,108.0,1679.3,normal,42.27,15.4,40.74,0,none,0.0
2073-02-05,M15,Compressor,2.34,65.59,14.87,108.0,1671.3,normal,42.67,8.4,40.34,0,none,0.0
2073-02-06,M15,Compressor,0.9,44.54,6.63,47.6,764.8,idle,43.17,12.4,39.84,0,none,0.0
2073-02-07,M15,Compressor,2.25,51.62,14.79,118.1,1726.9,normal,43.5,9.8,39.51,0,none,0.0
2073-02-08,M15,Compressor,2.48,51.62,15.13,118.1,1726.9,normal,43.9,11.5,39.11,0,none,0.0
2073-02-09,M15,Compressor,2.53,65.78,15.49,118.1,1663.9,normal,44.1,12.5,38.91,0,none,0.0
2073-02-10,M15,Compressor,1.06,45.08,6.61,45.4,720.4,idle,44.42,12.4,38.59,0,none,0.0
2073-02-11,M15,Compressor,2.32,64.34,13.22,95.1,1727.0,normal,44.85,11.8,38.16,0,none,0.0
2073-02-12,M15,Compressor,2.1,66.83,15.06,110.8,1652.9,normal,45.35,10.2,37.66,0,none,0.0
2073-02-13,M15,Compressor,2.38,62.08,14.47,118.7,1791.3,normal,45.6,17.9,37.41,0,none,0.0
2073-02-14,M15,Compressor,2.28,62.51,14.47,118.7,1755.1,normal,45.93,14.2,37.07,0,none,0.0
2073-02-15,M15,Compressor,2.39,59.01,13.94,98.7,1696.6,normal,46.37,12.3,36.64,0,none,0.0
2073-02-16,M15,Compressor,3.2,58.08,21.25,145.0,2583.2,peak,46.72,14.0,36.29,0,none,0.0
2073-02-17,M15,Compressor,2.16,50.92,15.49,120.0,1682.6,normal,46.93,15.0,36.07,0,none,0.0
2073-02-18,M15,Compressor,2.17,53.56,14.28,103.0,1707.2,normal,47.18,13.7,35.82,0,none,0.0
2073-02-19,M15,Compressor,2.5,66.02,15.42,107.9,1691.8,normal,47.42,14.1,35.59,0,none,0.0
2073-02-20,M15,Compressor,1.01,50.97,5.55,49.3,733.6,idle,47.55,17.5,35.46,0,none,0.0
2073-02-21,M15,Compressor,2.26,56.55,15.28,99.4,1687.9,normal,47.88,9.2,35.12,0,none,0.0
2073-02-22,M15,Compressor,1.05,51.48,5.66,46.2,774.9,idle,48.38,10.9,34.62,0,none,0.0
2073-02-23,M15,Compressor,2.54,67.07,5.66,102.9,1685.4,normal,48.85,12.6,34.16,0,none,0.0
2073-02-24,M15,Compressor,1.08,49.7,6.07,47.7,738.4,idle,49.08,10.3,33.92,0,none,0.0
2073-02-25,M15,Compressor,1.02,45.87,6.34,49.4,766.3,idle,49.47,15.0,33.54,0,none,0.0
2073-02-26,M15,Compressor,1.03,45.97,5.6,47.7,754.6,idle,49.5,10.9,33.51,0,none,0.0
2073-02-27,M15,Compressor,0.94,51.48,6.33,46.6,737.9,idle,49.72,12.9,33.29,0,none,0.0
2073-02-28,M15,Compressor,1.08,51.13,6.57,42.8,725.1,idle,49.92,12.0,33.09,0,none,0.0
2073-03-01,M15,Compressor,2.33,52.56,13.83,99.3,1702.7,normal,50.05,17.2,32.96,0,none,0.0
2073-03-02,M15,Compressor,1.09,50.03,5.71,47.4,721.8,idle,50.18,10.0,32.82,0,none,0.0
2073-03-03,M15,Compressor,1.1,48.25,5.71,43.9,747.5,idle,50.68,9.3,32.32,0,none,0.0
2073-03-04,M15,Compressor,1.01,49.27,5.57,44.7,743.2,idle,51.12,14.0,31.89,0,none,0.0
2073-03-05,M15,Compressor,2.17,54.32,13.59,115.3,1766.8,normal,51.37,13.0,31.64,0,none,0.0
2073-03-06,M15,Compressor,2.56,55.58,15.2,116.6,1726.2,normal,51.82,13.3,31.19,0,none,0.0
2073-03-07,M15,Compressor,2.56,48.78,5.96,44.1,730.1,idle,52.28,15.5,30.72,0,none,0.0
2073-03-08,M15,Compressor,1.07,48.27,6.01,46.1,724.8,idle,52.42,11.9,30.59,0,none,0.0
2073-03-09,M15,Compressor,0.92,50.07,6.85,44.6,744.5,idle,52.48,14.7,30.52,0,none,0.0
2073-03-10,M15,Compressor,0.97,47.83,6.12,45.1,759.6,idle,52.72,16.5,30.29,0,none,0.0
2073-03-11,M15,Compressor,0.95,51.54,5.96,43.7,778.3,idle,52.78,14.2,30.22,0,none,0.0
2073-03-12,M15,Compressor,0.95,48.29,5.99,42.6,777.2,idle,53.25,15.9,29.76,0,none,0.0
2073-03-13,M15,Compressor,0.97,49.16,6.79,46.4,762.8,idle,53.48,14.8,29.52,0,none,0.0
2073-03-14,M15,Compressor,1.06,47.05,6.44,43.6,723.3,idle,53.67,8.8,29.34,0,none,0.0
2073-03-15,M15,Compressor,1.1,44.74,6.14,42.5,775.4,idle,53.87,13.0,29.14,0,none,0.0
2073-03-16,M15,Compressor,0.92,50.29,6.57,42.4,763.3,idle,54.25,10.0,28.76,0,none,0.0
2073-03-17,M15,Compressor,2.58,59.38,13.72,108.6,1670.6,normal,54.3,15.7,28.71,0,none,0.0
2073-03-18,M15,Compressor,1.09,59.38,6.19,45.2,721.7,idle,54.57,12.1,28.44,0,none,0.0
2073-03-19,M15,Compressor,2.12,60.12,14.26,119.7,1694.8,normal,54.88,13.5,28.12,0,none,0.0
2073-03-20,M15,Compressor,0.97,51.9,5.57,47.1,726.1,idle,55.22,13.5,27.79,0,none,0.0
2073-03-21,M15,Compressor,1.09,46.3,6.72,49.3,770.8,idle,55.57,9.9,27.44,0,none,0.0
2073-03-22,M15,Compressor,1.09,51.79,6.51,48.3,734.6,idle,55.77,11.0,27.24,0,none,0.0
2073-03-23,M15,Compressor,3.25,66.96,18.58,164.3,2421.9,peak,55.93,9.9,27.07,0,none,0.0
2073-03-24,M15,Compressor,2.47,51.04,13.26,110.6,1726.9,normal,56.1,15.7,26.91,0,none,0.0
2073-03-25,M15,Compressor,0.9,47.15,5.88,49.0,762.5,idle,56.22,9.7,26.79,0,none,0.0
2073-03-26,M15,Compressor,1.05,51.61,6.56,43.3,776.2,idle,56.62,17.3,26.39,0,none,0.0
2073-03-27,M15,Compressor,2.16,53.47,13.71,99.4,1653.1,normal,56.87,9.4,26.14,0,none,0.0
2073-03-28,M15,Compressor,2.33,62.38,14.05,100.9,1800.1,normal,57.3,14.2,25.71,0,none,0.0
2073-03-29,M15,Compressor,2.29,65.1,13.45,103.3,1786.6,normal,57.6,8.4,25.41,0,none,0.0
2073-03-30,M15,Compressor,2.12,66.57,13.99,119.5,1769.2,normal,57.77,13.7,25.24,0,none,0.0
2073-03-31,M15,Compressor,2.12,44.53,6.58,49.0,779.2,idle,58.25,15.3,24.76,0,none,0.0
2073-04-01,M15,Compressor,2.12,51.5,14.83,96.0,1651.9,normal,58.6,11.2,24.41,0,none,0.0
2073-04-02,M15,Compressor,3.33,51.5,20.45,145.3,2500.7,peak,59.05,15.5,23.96,0,none,0.0
2073-04-03,M15,Compressor,2.24,63.61,20.45,103.9,1761.2,normal,59.23,15.9,23.77,0,none,0.0
2073-04-04,M15,Compressor,2.43,51.05,14.57,111.5,1727.8,normal,59.55,14.7,23.46,0,none,0.0
2073-04-05,M15,Compressor,2.51,50.16,15.42,104.4,1751.3,normal,59.95,10.7,23.06,0,none,0.0
2073-04-06,M15,Compressor,2.12,62.76,14.36,119.0,1721.8,normal,60.32,9.6,22.69,0,none,0.0
2073-04-07,M15,Compressor,1.04,44.59,5.6,49.6,735.2,idle,60.67,17.1,22.34,0,none,0.0
2073-04-08,M15,Compressor,2.56,51.58,14.59,108.8,1814.2,normal,61.12,8.7,21.89,0,none,0.0
2073-04-09,M15,Compressor,2.3,50.87,14.19,115.6,1658.9,normal,61.23,12.1,21.77,0,none,0.0
2073-04-10,M15,Compressor,2.12,64.79,15.06,100.0,1761.8,normal,61.5,14.9,21.51,0,none,0.0
2073-04-11,M15,Compressor,2.13,63.78,13.76,100.8,1765.2,normal,61.9,13.7,21.11,0,none,0.0
2073-04-12,M15,Compressor,2.56,50.75,13.36,101.4,1807.7,normal,62.38,11.4,20.62,0,none,0.0
2073-04-13,M15,Compressor,3.53,73.14,19.51,149.6,2438.3,peak,62.73,12.0,20.27,0,none,0.0
2073-04-14,M15,Compressor,2.54,54.16,14.33,103.3,1734.8,normal,63.22,10.5,19.79,0,none,0.0
2073-04-15,M15,Compressor,3.21,60.86,19.71,151.7,2567.9,peak,63.53,12.5,19.47,0,none,0.0
2073-04-16,M15,Compressor,2.39,53.17,13.59,96.3,1701.0,normal,63.93,9.4,19.07,0,none,0.0
2073-04-17,M15,Compressor,2.43,53.29,13.25,103.0,1754.1,normal,64.32,13.7,18.69,0,none,0.0
2073-04-18,M15,Compressor,0.99,46.66,6.82,45.8,747.3,idle,64.72,16.1,18.29,0,none,0.0
2073-04-19,M15,Compressor,2.12,61.51,14.15,98.6,1691.4,normal,64.95,11.4,18.06,0,none,0.0
2073-04-20,M15,Compressor,2.2,52.2,14.09,104.1,1711.2,normal,65.32,15.9,17.69,0,none,0.0
2073-04-21,M15,Compressor,2.23,57.86,14.37,110.3,1687.4,normal,65.57,9.8,17.44,0,none,0.0
2073-04-22,M15,Compressor,2.46,50.49,14.88,102.1,1712.9,normal,65.9,14.5,17.11,0,none,0.0
2073-04-23,M15,Compressor,2.39,60.99,14.05,118.5,1795.9,normal,65.98,11.1,17.02,0,none,0.0
2073-04-24,M15,Compressor,2.39,60.6,14.8,100.4,1653.1,normal,66.42,9.2,16.59,0,none,0.0
2073-04-25,M15,Compressor,1.1,51.67,5.98,43.9,729.3,idle,66.58,15.8,16.42,0,none,0.0
2073-04-26,M15,Compressor,2.44,63.6,14.05,101.1,1726.3,normal,66.9,16.0,16.11,0,none,0.0
2073-04-27,M15,Compressor,2.36,59.78,14.11,95.1,1730.2,normal,66.93,14.1,16.07,0,none,0.0
2073-04-28,M15,Compressor,2.27,60.02,13.17,117.0,1798.8,normal,67.4,15.1,15.61,0,none,0.0
2073-04-29,M15,Compressor,2.38,63.27,14.09,109.8,1755.0,normal,67.75,10.5,15.26,0,none,0.0
2073-04-30,M15,Compressor,3.21,74.22,20.41,164.8,2486.5,peak,68.23,16.3,14.77,0,none,0.0
2073-05-01,M15,Compressor,2.12,55.44,14.63,117.8,1754.6,normal,68.62,8.8,14.39,0,none,0.0
2073-05-02,M15,Compressor,2.34,55.44,13.36,96.3,1770.9,normal,68.9,10.1,14.11,0,none,0.0
2073-05-03,M15,Compressor,2.34,52.96,13.81,107.0,1674.3,normal,68.98,9.4,14.02,0,none,0.0
2073-05-04,M15,Compressor,2.31,67.4,14.8,99.2,1666.8,normal,69.47,10.0,13.54,0,none,0.0
2073-05-05,M15,Compressor,2.32,67.78,14.98,102.3,1654.5,normal,69.75,8.0,13.26,0,none,0.0
2073-05-06,M15,Compressor,2.31,52.89,13.45,99.1,1772.3,normal,69.98,17.0,13.02,0,none,0.0
2073-05-07,M15,Compressor,2.12,60.17,14.88,98.9,1801.8,normal,70.13,12.8,12.87,0,none,0.0
2073-05-08,M15,Compressor,2.14,62.29,13.43,115.2,1747.1,normal,70.35,9.8,12.66,0,none,0.0
2073-05-09,M15,Compressor,2.39,56.23,13.71,106.6,1778.8,normal,70.57,8.9,12.44,0,none,0.0
2073-05-10,M15,Compressor,2.18,64.69,14.2,106.3,1652.8,normal,70.67,9.1,12.34,0,none,0.0
2073-05-11,M15,Compressor,2.16,57.78,15.45,101.2,1651.7,normal,70.82,8.2,12.19,0,none,0.0
2073-05-12,M15,Compressor,3.26,55.32,19.34,152.1,2400.5,peak,70.95,9.9,12.06,0,none,0.0
2073-05-13,M15,Compressor,2.49,66.43,15.5,107.7,1702.1,normal,71.18,16.1,11.82,0,none,0.0
2073-05-14,M15,Compressor,2.46,63.26,13.95,109.1,1789.7,normal,71.35,10.5,11.66,0,none,0.0
2073-05-15,M15,Compressor,0.94,44.16,6.31,47.3,754.5,idle,71.85,17.2,11.16,0,none,0.0
2073-05-16,M15,Compressor,1.02,47.14,6.48,42.3,729.1,idle,72.0,9.0,11.01,0,none,0.0
2073-05-17,M15,Compressor,0.99,51.54,6.47,44.8,747.5,idle,72.07,13.0,10.94,0,none,0.0
2073-05-18,M15,Compressor,1.07,48.34,5.57,45.3,743.3,idle,72.42,13.4,10.59,0,none,0.0
2073-05-19,M15,Compressor,1.08,46.44,5.57,44.8,722.6,idle,72.87,9.6,10.14,0,none,0.0
2073-05-20,M15,Compressor,1.07,48.72,5.57,44.9,745.1,idle,73.12,10.0,9.89,0,none,0.0
2073-05-21,M15,Compressor,1.06,45.44,5.61,44.9,771.5,idle,73.33,10.1,9.67,0,none,0.0
2073-05-22,M16,Robotic Arm,0.41,33.57,2.56,14.5,153.8,idle,358.18,13.7,84.6,0,none,0.0
2073-05-23,M16,Robotic Arm,0.43,32.5,2.44,18.7,155.6,idle,358.33,16.2,84.45,0,none,0.0
2073-05-24,M16,Robotic Arm,0.4,28.31,2.45,15.3,148.8,idle,358.7,16.6,84.08,0,none,0.0
2073-05-25,M16,Robotic Arm,0.42,31.17,2.49,16.4,158.1,idle,359.1,13.0,83.68,0,none,0.0
2073-05-26,M16,Robotic Arm,0.39,31.46,2.25,17.0,148.6,idle,359.23,12.2,83.55,0,none,0.0
2073-05-27,M16,Robotic Arm,0.43,33.0,2.21,17.0,145.7,idle,359.63,8.8,83.15,0,none,0.0
2073-05-28,M16,Robotic Arm,0.41,34.31,2.55,15.5,147.1,idle,359.81,9.8,82.96,0,none,0.0
2073-05-29,M16,Robotic Arm,0.43,31.82,2.37,18.9,148.8,idle,360.25,10.1,82.53,0,none,0.0
2073-05-30,M16,Robotic Arm,0.37,32.28,2.31,16.6,151.8,idle,360.75,10.2,82.03,0,none,0.0
2073-05-31,M16,Robotic Arm,0.37,28.43,2.31,18.7,154.0,idle,360.93,11.2,81.85,0,none,0.0
2073-06-01,M16,Robotic Arm,0.36,31.33,2.27,19.3,155.5,idle,361.05,14.0,81.73,0,none,0.0
2073-06-02,M16,Robotic Arm,0.35,28.01,2.59,19.3,158.0,idle,361.48,10.1,81.3,0,none,0.0
2073-06-03,M16,Robotic Arm,0.45,30.16,2.42,17.9,152.8,idle,361.65,12.1,81.13,0,none,0.0
2073-06-04,M16,Robotic Arm,0.37,32.07,2.3,15.0,152.6,idle,361.91,13.5,80.86,0,none,0.0
2073-06-05,M16,Robotic Arm,0.39,28.19,2.58,14.2,158.5,idle,362.28,9.8,80.5,0,none,0.0
2073-06-06,M16,Robotic Arm,0.37,28.99,2.23,16.6,153.8,idle,362.66,8.0,80.11,0,none,0.0
2073-06-07,M16,Robotic Arm,0.44,33.49,2.26,15.0,145.1,idle,363.05,8.1,79.73,0,none,0.0
2073-06-08,M16,Robotic Arm,0.42,33.49,2.26,17.8,147.2,idle,363.3,9.4,79.48,0,none,0.0
2073-06-09,M16,Robotic Arm,0.93,38.04,5.51,38.1,362.4,normal,363.7,15.4,79.08,0,none,0.0
2073-06-10,M16,Robotic Arm,0.43,30.57,2.52,15.7,159.8,idle,363.76,8.4,79.01,0,none,0.0
2073-06-11,M16,Robotic Arm,0.39,32.68,2.33,16.7,154.7,idle,363.95,12.6,78.83,0,none,0.0
2073-06-12,M16,Robotic Arm,0.38,32.6,2.26,16.9,149.1,idle,364.08,17.5,78.7,0,none,0.0
2073-06-13,M16,Robotic Arm,1.36,45.72,5.59,42.5,149.1,normal,364.58,9.1,78.2,0,none,0.0
2073-06-14,M16,Robotic Arm,1.23,43.88,5.64,46.6,345.7,normal,364.71,14.3,78.06,0,none,0.0
2073-06-15,M16,Robotic Arm,0.44,31.65,2.45,19.8,151.4,idle,364.85,13.7,77.93,0,none,0.0
2073-06-16,M16,Robotic Arm,1.22,41.79,5.95,42.9,347.7,normal,365.01,8.2,77.76,0,none,0.0
2073-06-17,M16,Robotic Arm,1.12,46.92,5.6,42.9,356.2,normal,365.23,17.5,77.55,0,none,0.0
2073-06-18,M16,Robotic Arm,1.06,43.45,5.39,41.2,355.5,normal,365.6,16.2,77.18,0,none,0.0
2073-06-19,M16,Robotic Arm,1.54,44.74,8.3,64.4,518.8,peak,365.85,9.7,76.93,0,none,0.0
2073-06-20,M16,Robotic Arm,0.44,44.74,2.53,64.4,148.5,idle,365.95,9.9,76.83,0,none,0.0
2073-06-21,M16,Robotic Arm,1.09,40.17,5.78,42.8,350.8,normal,366.43,17.5,76.35,0,none,0.0
2073-06-22,M16,Robotic Arm,1.3,40.17,5.5,42.2,366.8,normal,366.81,10.8,75.96,0,none,0.0
2073-06-23,M16,Robotic Arm,1.25,43.97,5.77,39.0,356.9,normal,367.05,13.1,75.73,0,none,0.0
2073-06-24,M16,Robotic Arm,1.01,36.1,5.78,41.0,349.3,normal,367.48,17.6,75.3,0,none,0.0
2073-06-25,M16,Robotic Arm,0.41,32.66,2.39,17.3,157.7,idle,367.76,11.9,75.01,0,none,0.0
2073-06-26,M16,Robotic Arm,0.36,28.46,2.46,17.6,147.8,idle,368.13,9.9,74.65,0,none,0.0
2073-06-27,M16,Robotic Arm,1.14,44.69,5.79,44.0,343.9,normal,368.48,15.1,74.3,0,none,0.0
2073-06-28,M16,Robotic Arm,0.38,30.84,2.52,17.3,156.0,idle,368.51,8.9,74.26,0,none,0.0
2073-06-29,M16,Robotic Arm,1.36,43.11,5.39,39.4,340.0,normal,368.66,9.3,74.11,0,none,0.0
2073-06-30,M16,Robotic Arm,0.37,29.88,2.31,18.0,147.2,idle,369.01,15.4,73.76,0,none,0.0
2073-07-01,M16,Robotic Arm,1.09,35.06,5.41,38.4,361.3,normal,369.43,9.3,73.35,0,none,0.0
2073-07-02,M16,Robotic Arm,0.39,31.36,2.5,19.2,152.8,idle,369.51,8.0,73.26,0,none,0.0
2073-07-03,M16,Robotic Arm,1.69,51.57,7.79,62.1,506.1,peak,369.88,14.7,72.9,0,none,0.0
2073-07-04,M16,Robotic Arm,1.09,39.43,5.98,47.9,360.9,normal,370.16,13.7,72.61,0,none,0.0
2073-07-05,M16,Robotic Arm,1.06,44.77,5.74,43.5,344.0,normal,370.23,14.0,72.55,0,none,0.0
2073-07-06,M16,Robotic Arm,1.37,38.03,5.51,41.4,344.6,normal,370.58,13.4,72.2,0,none,0.0
2073-07-07,M16,Robotic Arm,0.86,47.09,5.79,38.2,360.6,normal,370.66,12.6,72.11,0,none,0.0
2073-07-08,M16,Robotic Arm,1.54,51.41,8.01,64.8,497.3,peak,370.91,17.7,71.86,0,none,0.0
2073-07-09,M16,Robotic Arm,1.26,35.54,5.95,43.6,349.4,normal,371.33,10.1,71.45,0,none,0.0
2073-07-10,M16,Robotic Arm,0.92,43.33,5.8,38.9,344.9,normal,371.51,11.3,71.26,0,none,0.0
2073-07-11,M16,Robotic Arm,1.06,43.33,5.8,45.5,344.9,normal,371.91,8.3,70.86,0,none,0.0
2073-07-12,M16,Robotic Arm,1.35,35.35,5.92,42.1,362.2,normal,372.16,9.8,70.61,0,none,0.0
2073-07-13,M16,Robotic Arm,4.36,44.14,7.95,55.4,495.6,peak,372.28,12.6,70.5,0,none,0.0
2073-07-14,M16,Robotic Arm,0.43,32.58,2.34,14.1,149.1,idle,372.48,8.7,70.3,0,none,0.0
2073-07-15,M16,Robotic Arm,1.28,39.43,5.5,38.7,358.1,normal,372.91,8.1,69.86,0,none,0.0
2073-07-16,M16,Robotic Arm,1.19,40.6,5.81,38.7,362.5,normal,373.15,14.7,69.63,0,none,0.0
2073-07-17,M16,Robotic Arm,1.15,47.16,5.51,44.5,357.3,normal,373.36,14.2,69.41,0,none,0.0
2073-07-18,M16,Robotic Arm,1.31,41.49,5.64,42.5,344.2,normal,373.5,11.4,69.28,0,none,0.0
2073-07-19,M16,Robotic Arm,1.34,46.2,5.76,41.5,350.6,normal,373.76,8.5,69.01,0,none,0.0
2073-07-20,M16,Robotic Arm,0.87,36.01,5.61,38.5,343.0,normal,374.08,16.0,68.7,0,none,0.0
2073-07-21,M16,Robotic Arm,0.99,39.86,5.59,41.2,368.2,normal,374.13,8.1,68.65,0,none,0.0
2073-07-22,M16,Robotic Arm,0.45,28.39,2.59,15.0,150.0,idle,374.18,16.8,68.6,0,none,0.0
2073-07-23,M16,Robotic Arm,1.31,43.94,5.25,45.8,359.9,normal,374.33,15.5,68.45,0,none,0.0
2073-07-24,M16,Robotic Arm,0.45,34.37,2.59,16.7,155.6,idle,374.61,16.2,68.16,0,none,0.0
2073-07-25,M16,Robotic Arm,0.45,28.01,2.52,14.3,160.0,idle,375.05,8.8,67.73,0,none,0.0
2073-07-26,M16,Robotic Arm,0.86,42.21,5.62,41.0,362.0,normal,375.1,10.1,67.68,0,none,0.0
2073-07-27,M16,Robotic Arm,0.38,30.04,2.27,41.0,147.6,idle,375.56,9.4,67.21,0,none,0.0
2073-07-28,M16,Robotic Arm,0.44,30.01,2.41,16.9,155.5,idle,375.71,14.3,67.06,0,none,0.0
2073-07-29,M16,Robotic Arm,0.98,45.9,5.79,41.4,343.6,normal,375.93,16.3,66.85,0,none,0.0
2073-07-30,M16,Robotic Arm,0.4,34.86,2.21,19.1,155.5,idle,376.33,9.0,66.45,0,none,0.0
2073-07-31,M16,Robotic Arm,0.95,41.19,5.7,45.0,367.6,normal,376.71,14.3,66.06,0,none,0.0
2073-08-01,M16,Robotic Arm,1.33,39.27,5.3,39.0,369.1,normal,376.76,9.5,66.01,0,none,0.0
2073-08-02,M16,Robotic Arm,0.45,33.74,2.59,15.7,157.4,idle,376.81,10.4,65.96,0,none,0.0
2073-08-03,M16,Robotic Arm,1.13,45.39,5.69,46.5,351.9,normal,377.23,10.2,65.55,0,none,0.0
2073-08-04,M16,Robotic Arm,1.39,37.85,5.74,46.0,357.6,normal,377.56,14.8,65.21,0,none,0.0
2073-08-05,M16,Robotic Arm,1.01,42.3,5.6,39.9,362.9,normal,377.63,9.2,65.15,0,none,0.0
2073-08-06,M16,Robotic Arm,1.0,45.82,5.37,39.9,360.9,normal,377.78,17.9,65.0,0,none,0.0
2073-08-07,M16,Robotic Arm,1.4,38.52,5.71,39.9,364.6,normal,378.11,15.4,64.66,0,none,0.0
2073-08-08,M16,Robotic Arm,1.32,46.54,5.96,41.6,360.0,normal,378.56,16.2,64.21,0,none,0.0
2073-08-09,M16,Robotic Arm,1.02,45.45,5.53,43.5,344.0,normal,378.83,12.4,63.95,0,none,0.0
2073-08-10,M16,Robotic Arm,1.32,41.28,5.71,44.7,348.2,normal,379.1,12.4,63.68,0,none,0.0
2073-08-11,M16,Robotic Arm,0.43,33.83,2.41,19.4,147.4,idle,379.41,10.5,63.36,0,none,0.0
2073-08-12,M16,Robotic Arm,1.08,35.58,5.52,48.0,353.9,normal,379.45,15.1,63.33,0,none,0.0
2073-08-13,M16,Robotic Arm,1.08,43.94,5.24,41.5,356.0,normal,379.56,15.7,63.21,0,none,0.0
2073-08-14,M16,Robotic Arm,0.4,32.5,2.26,16.4,154.5,idle,380.01,16.5,62.76,0,none,0.0
2073-08-15,M16,Robotic Arm,0.38,32.29,2.58,16.4,155.9,idle,380.26,11.0,62.51,0,none,0.0
2073-08-16,M16,Robotic Arm,0.37,33.49,2.38,19.7,154.2,idle,380.65,13.1,62.13,0,none,0.0
2073-08-17,M16,Robotic Arm,0.37,30.19,2.33,15.7,156.6,idle,380.85,10.0,61.93,0,none,0.0
2073-08-18,M16,Robotic Arm,0.38,29.37,2.44,16.8,145.3,idle,381.35,16.2,61.43,0,none,0.0
2073-08-19,M16,Robotic Arm,0.38,28.27,2.51,19.7,152.5,idle,381.58,11.1,61.2,0,none,0.0
2073-08-20,M16,Robotic Arm,0.38,45.99,5.22,39.6,359.6,normal,381.96,13.6,60.81,0,none,0.0
2073-08-21,M16,Robotic Arm,0.42,32.38,2.58,39.6,153.3,idle,382.15,14.1,60.63,0,none,0.0
2073-08-22,M16,Robotic Arm,0.45,34.3,2.58,16.1,156.1,idle,382.23,15.0,60.55,0,none,0.0
2073-08-23,M16,Robotic Arm,0.35,34.04,2.4,14.5,151.6,idle,382.33,16.4,60.45,0,none,0.0
2073-08-24,M16,Robotic Arm,0.4,30.57,2.38,19.4,149.9,idle,382.63,10.1,60.15,0,none,0.0
2073-08-25,M16,Robotic Arm,0.45,32.81,2.56,15.2,152.4,idle,383.06,10.7,59.71,0,none,0.0
2073-08-26,M16,Robotic Arm,0.41,28.6,2.4,19.2,145.8,idle,383.43,9.2,59.35,0,none,0.0
2073-08-27,M16,Robotic Arm,1.2,47.85,5.62,41.0,357.6,normal,383.61,13.8,59.16,0,none,0.0
2073-08-28,M16,Robotic Arm,0.4,28.74,2.29,18.0,153.9,idle,383.93,17.9,58.85,0,none,0.0
2073-08-29,M16,Robotic Arm,1.04,47.72,5.72,40.3,354.1,normal,384.33,12.4,58.45,0,none,0.0
2073-08-30,M16,Robotic Arm,0.42,32.7,2.3,17.9,150.0,idle,384.58,10.0,58.2,0,none,0.0
2073-08-31,M16,Robotic Arm,0.4,32.68,2.43,18.3,150.7,idle,384.95,8.0,57.83,0,none,0.0
2073-09-01,M16,Robotic Arm,0.43,28.11,2.28,19.8,146.3,idle,385.21,10.8,57.56,0,none,0.0
2073-09-02,M16,Robotic Arm,0.42,34.42,2.54,19.5,159.8,idle,385.41,10.8,57.36,0,none,0.0
2073-09-03,M16,Robotic Arm,0.39,30.31,2.25,15.2,154.8,idle,385.56,9.7,57.21,0,none,0.0
2073-09-04,M16,Robotic Arm,0.38,30.39,2.46,14.6,145.8,idle,385.65,13.9,57.13,0,none,0.0
2073-09-05,M16,Robotic Arm,0.43,33.53,2.35,17.6,148.6,idle,385.98,14.5,56.8,0,none,0.0
2073-09-06,M16,Robotic Arm,0.39,33.53,2.31,14.1,151.4,idle,386.01,13.2,56.76,0,none,0.0
2073-09-07,M16,Robotic Arm,0.4,31.47,2.34,15.2,151.8,idle,386.38,17.3,56.4,0,none,0.0
2073-09-08,M16,Robotic Arm,0.44,34.88,2.33,19.9,151.5,idle,386.83,8.9,55.95,0,none,0.0
2073-09-09,M16,Robotic Arm,0.41,33.63,2.34,15.2,149.1,idle,387.06,17.8,55.71,0,none,0.0
2073-09-10,M16,Robotic Arm,0.43,34.54,2.25,18.2,145.5,idle,387.31,10.7,55.46,0,none,0.0
2073-09-11,M16,Robotic Arm,0.44,34.0,2.51,18.2,154.1,idle,387.36,13.3,55.41,0,none,0.0
2073-09-12,M16,Robotic Arm,0.93,46.89,5.31,40.2,353.0,normal,387.56,9.1,55.21,0,none,0.0
2073-09-13,M16,Robotic Arm,0.4,28.67,2.5,14.8,154.8,idle,388.06,12.3,54.71,0,none,0.0
2073-09-14,M16,Robotic Arm,0.4,33.68,2.32,19.0,148.8,idle,388.16,9.0,54.61,0,none,0.0
2073-09-15,M16,Robotic Arm,1.17,41.32,5.48,38.1,351.9,normal,388.45,17.0,54.33,0,none,0.0
2073-09-16,M16,Robotic Arm,0.92,37.93,5.75,43.7,355.8,normal,388.65,14.6,54.13,0,none,0.0
2073-09-17,M16,Robotic Arm,1.16,36.56,5.33,43.4,352.2,normal,388.71,12.8,54.06,0,none,0.0
2073-09-18,M16,Robotic Arm,1.1,46.43,5.35,43.4,365.7,normal,388.83,16.5,53.95,0,none,0.0
2073-09-19,M16,Robotic Arm,1.35,43.34,5.89,47.9,354.1,normal,389.03,9.2,53.75,0,none,0.0
2073-09-20,M16,Robotic Arm,1.32,46.75,5.45,42.4,357.2,normal,389.23,17.3,53.55,0,none,0.0
2073-09-21,M16,Robotic Arm,1.04,39.19,5.5,42.2,347.6,normal,389.68,13.3,53.1,0,none,0.0
2073-09-22,M16,Robotic Arm,0.4,33.45,2.45,16.3,147.3,idle,389.75,10.3,53.03,0,none,0.0
2073-09-23,M16,Robotic Arm,1.3,41.65,5.98,40.5,345.3,normal,390.03,17.9,52.75,0,none,0.0
2073-09-24,M16,Robotic Arm,0.85,36.07,5.51,40.0,341.1,normal,390.11,15.9,52.66,0,none,0.0
2073-09-25,M16,Robotic Arm,0.37,33.1,2.49,14.9,159.1,idle,390.28,12.1,52.5,0,none,0.0
2073-09-26,M16,Robotic Arm,0.94,36.16,5.33,39.4,358.9,normal,390.58,12.8,52.2,0,none,0.0
2073-09-27,M16,Robotic Arm,0.94,43.25,5.42,40.5,366.9,normal,391.05,14.8,51.73,0,none,0.0
2073-09-28,M16,Robotic Arm,0.97,46.24,5.44,47.9,369.4,normal,391.4,17.0,51.38,0,none,0.0
2073-09-29,M16,Robotic Arm,1.31,46.29,5.86,44.3,364.3,normal,391.83,9.8,50.95,0,none,0.0
2073-09-30,M16,Robotic Arm,1.2,45.95,5.95,45.5,368.9,normal,392.18,17.4,50.6,0,none,0.0
2073-10-01,M16,Robotic Arm,0.39,34.48,2.29,14.2,368.9,idle,392.48,17.2,50.3,0,none,0.0
2073-10-02,M16,Robotic Arm,0.39,33.77,2.36,15.4,157.2,idle,392.86,14.9,49.91,0,none,0.0
2073-10-03,M16,Robotic Arm,0.96,36.01,5.57,38.7,348.4,normal,393.33,11.7,49.45,0,none,0.0
2073-10-04,M16,Robotic Arm,0.96,46.87,7.59,59.0,500.5,peak,393.4,16.3,49.38,0,none,0.0
2073-10-05,M16,Robotic Arm,0.99,46.87,5.81,59.0,368.7,normal,393.45,11.8,49.33,0,none,0.0
2073-10-06,M16,Robotic Arm,0.85,43.47,5.31,43.5,345.6,normal,393.55,15.5,49.23,0,none,0.0
2073-10-07,M16,Robotic Arm,0.35,34.02,2.37,15.7,159.2,idle,393.7,14.3,49.08,0,none,0.0
2073-10-08,M16,Robotic Arm,1.52,34.02,7.68,64.9,501.8,peak,394.03,13.1,48.75,0,none,0.0
2073-10-09,M16,Robotic Arm,1.3,37.13,5.44,44.2,345.3,normal,394.33,9.0,48.45,0,none,0.0
2073-10-10,M16,Robotic Arm,1.65,54.11,8.43,58.5,500.6,peak,394.5,13.4,48.28,0,none,0.0
2073-10-11,M16,Robotic Arm,2.24,47.72,5.62,40.1,365.3,normal,394.98,10.4,47.8,0,none,0.0
2073-10-12,M16,Robotic Arm,1.08,43.27,5.87,41.1,357.3,normal,395.23,8.8,47.55,0,none,0.0
2073-10-13,M16,Robotic Arm,0.36,29.64,2.26,17.9,148.8,idle,395.51,12.0,47.26,0,none,0.0
2073-10-14,M16,Robotic Arm,1.27,44.89,5.83,17.9,355.8,normal,395.61,12.0,47.16,0,none,0.0
2073-10-15,M16,Robotic Arm,1.22,39.2,5.41,45.2,350.5,normal,395.95,13.3,46.83,0,none,0.0
2073-10-16,M16,Robotic Arm,0.99,42.32,5.7,45.8,341.2,normal,396.31,10.7,46.46,0,none,0.0
2073-10-17,M16,Robotic Arm,0.95,45.1,5.63,46.1,353.5,normal,396.58,14.9,46.2,0,none,0.0
2073-10-18,M16,Robotic Arm,1.64,46.91,8.19,60.9,495.7,peak,396.85,13.5,45.93,0,none,0.0
2073-10-19,M16,Robotic Arm,1.64,35.03,5.27,39.1,357.1,normal,397.33,16.4,45.45,0,none,0.0
2073-10-20,M16,Robotic Arm,1.27,40.94,5.53,39.3,367.0,normal,397.65,13.0,45.13,0,none,0.0
2073-10-21,M16,Robotic Arm,2.59,40.42,5.28,46.5,345.1,normal,398.15,8.5,44.63,0,none,0.0
2073-10-22,M16,Robotic Arm,1.22,39.41,5.89,43.9,346.8,normal,398.21,16.2,44.56,0,none,0.0
2073-10-23,M16,Robotic Arm,0.35,29.49,2.35,18.2,148.2,idle,398.63,12.7,44.15,0,none,0.0
2073-10-24,M16,Robotic Arm,1.58,47.66,7.54,62.7,483.1,peak,398.66,13.5,44.11,0,none,0.0
2073-10-25,M16,Robotic Arm,1.72,45.48,7.96,59.1,490.1,peak,398.78,9.6,44.0,0,none,0.0
2073-10-26,M16,Robotic Arm,0.99,47.34,5.44,39.8,347.5,normal,398.86,15.0,43.91,0,none,0.0
2073-10-27,M16,Robotic Arm,1.23,39.02,5.34,42.1,343.5,normal,399.26,13.1,43.51,0,none,0.0
2073-10-28,M16,Robotic Arm,1.07,46.21,5.5,43.1,363.7,normal,399.45,16.6,43.33,0,none,0.0
2073-10-29,M16,Robotic Arm,0.4,28.33,2.29,19.4,157.0,idle,399.91,15.4,42.86,0,none,0.0
2073-10-30,M16,Robotic Arm,1.27,42.12,5.48,44.9,359.9,normal,399.95,11.0,42.83,0,none,0.0
2073-10-31,M16,Robotic Arm,1.2,41.55,5.41,42.4,355.4,normal,400.18,13.3,42.6,0,none,0.0
2073-11-01,M16,Robotic Arm,0.97,37.99,5.83,41.2,369.2,normal,400.51,16.0,42.26,0,none,0.0
2073-11-02,M16,Robotic Arm,1.09,42.91,5.6,42.9,366.7,normal,400.85,11.0,41.93,0,none,0.0
2073-11-03,M16,Robotic Arm,0.36,30.42,2.31,16.0,158.7,idle,401.31,15.6,41.46,0,none,0.0
2073-11-04,M16,Robotic Arm,0.89,38.68,5.79,40.4,365.0,normal,401.38,12.2,41.4,0,none,0.0
2073-11-05,M16,Robotic Arm,0.38,28.79,2.41,17.1,145.6,idle,401.8,10.3,40.98,0,none,0.0
2073-11-06,M16,Robotic Arm,1.24,36.84,5.37,43.6,366.7,normal,401.96,8.6,40.81,0,none,0.0
2073-11-07,M16,Robotic Arm,0.86,45.7,5.8,39.6,351.2,normal,402.05,8.9,40.73,0,none,0.0
2073-11-08,M16,Robotic Arm,1.35,36.9,5.29,45.4,354.1,normal,402.11,8.4,40.66,0,none,0.0
2073-11-09,M16,Robotic Arm,1.01,37.23,5.78,42.4,347.2,normal,402.15,11.9,40.63,0,none,0.0
2073-11-10,M16,Robotic Arm,1.37,42.29,5.48,45.2,354.9,normal,402.38,8.0,40.4,0,none,0.0
2073-11-11,M16,Robotic Arm,1.5,52.93,7.57,64.9,494.0,peak,402.78,11.9,40.0,0,none,0.0
2073-11-12,M16,Robotic Arm,1.14,47.99,5.42,42.6,362.6,normal,403.2,15.3,39.58,0,none,0.0
2073-11-13,M16,Robotic Arm,1.11,39.34,5.3,43.1,356.6,normal,403.68,16.0,39.1,0,none,0.0
2073-11-14,M16,Robotic Arm,0.37,30.34,2.32,16.6,157.0,idle,404.0,9.4,38.78,0,none,0.0
2073-11-15,M16,Robotic Arm,1.03,30.34,5.87,46.1,363.8,normal,404.36,17.3,38.41,0,none,0.0
2073-11-16,M16,Robotic Arm,0.42,34.22,2.49,15.0,363.8,idle,404.66,13.3,38.11,0,none,0.0
2073-11-17,M16,Robotic Arm,0.37,30.55,2.22,18.5,154.6,idle,405.1,16.3,37.68,0,none,0.0
2073-11-18,M16,Robotic Arm,0.42,28.67,2.33,16.8,154.0,idle,405.16,13.3,37.61,0,none,0.0
2073-11-19,M16,Robotic Arm,0.43,34.84,2.23,17.9,147.0,idle,405.5,9.4,37.28,0,none,0.0
2073-11-20,M16,Robotic Arm,0.38,33.4,2.6,17.2,150.3,idle,405.93,17.0,36.85,0,none,0.0
2073-11-21,M16,Robotic Arm,0.37,33.48,2.56,19.1,152.7,idle,405.98,12.4,36.8,0,none,0.0
2073-11-22,M16,Robotic Arm,1.17,45.88,5.94,47.4,360.7,normal,406.46,13.0,36.31,0,none,0.0
2073-11-23,M16,Robotic Arm,0.37,30.19,2.31,15.0,148.8,idle,406.73,15.9,36.05,0,none,0.0
2073-11-24,M16,Robotic Arm,0.44,33.39,2.22,14.9,159.8,idle,407.16,16.5,35.61,0,none,0.0
2073-11-25,M16,Robotic Arm,0.97,43.25,5.36,40.3,355.0,normal,407.53,9.5,35.25,0,none,0.0
2073-11-26,M16,Robotic Arm,1.12,43.4,5.33,40.6,358.7,normal,407.93,8.7,34.85,0,none,0.0
2073-11-27,M16,Robotic Arm,0.9,46.82,5.34,42.4,343.3,normal,407.96,17.7,34.81,0,none,0.0
2073-11-28,M16,Robotic Arm,0.42,30.29,2.23,17.6,159.7,idle,408.3,10.9,34.48,0,none,0.0
2073-11-29,M16,Robotic Arm,0.44,32.92,2.21,19.2,158.4,idle,408.38,15.0,34.4,0,none,0.0
2073-11-30,M16,Robotic Arm,0.35,28.86,2.38,16.4,149.4,idle,408.86,16.9,33.91,0,none,0.0
2073-12-01,M16,Robotic Arm,0.37,31.84,2.51,19.6,149.5,idle,408.9,8.6,33.88,0,none,0.0
2073-12-02,M16,Robotic Arm,0.42,33.52,2.39,19.5,145.3,idle,409.35,17.9,33.43,0,none,0.0
2073-12-03,M16,Robotic Arm,1.35,46.6,5.31,42.4,355.5,normal,409.65,10.4,33.13,0,none,0.0
2073-12-04,M16,Robotic Arm,0.39,34.27,2.49,14.7,158.9,idle,409.91,15.0,32.86,0,none,0.0
2073-12-05,M16,Robotic Arm,0.35,34.27,2.41,14.4,155.4,idle,410.36,13.5,32.41,0,none,0.0
2073-12-06,M16,Robotic Arm,0.45,31.21,2.41,16.3,158.1,idle,410.5,13.1,32.28,0,none,0.0
2073-12-07,M16,Robotic Arm,0.44,30.78,2.56,15.2,151.9,idle,410.66,17.2,32.11,0,none,0.0
2073-12-08,M16,Robotic Arm,0.44,29.57,2.54,15.2,146.0,idle,411.03,16.0,31.75,0,none,0.0
2073-12-09,M16,Robotic Arm,0.43,29.57,2.51,17.6,150.7,idle,411.31,16.6,31.46,0,none,0.0
2073-12-10,M16,Robotic Arm,0.4,28.99,2.32,14.1,151.1,idle,411.53,8.9,31.25,0,none,0.0
2073-12-11,M16,Robotic Arm,0.36,32.62,2.57,18.4,148.1,idle,412.03,16.3,30.75,0,none,0.0
2073-12-12,M16,Robotic Arm,1.13,44.26,5.84,40.8,354.3,normal,412.23,11.5,30.55,0,none,0.0
2073-12-13,M16,Robotic Arm,1.53,51.44,7.93,55.4,501.2,peak,412.71,10.8,30.06,0,none,0.0
2073-12-14,M16,Robotic Arm,1.29,35.58,5.52,42.8,370.0,normal,413.1,12.0,29.68,0,none,0.0
2073-12-15,M16,Robotic Arm,0.97,45.65,5.52,47.6,349.2,normal,413.35,11.4,29.43,0,none,0.0
2073-12-16,M16,Robotic Arm,0.36,30.67,2.21,14.7,152.4,idle,413.78,9.1,29.0,0,none,0.0
2073-12-17,M16,Robotic Arm,0.44,31.11,2.46,18.2,152.4,idle,413.85,9.4,28.93,0,none,0.0
2073-12-18,M16,Robotic Arm,1.03,47.96,5.21,42.7,365.1,normal,414.13,13.2,28.65,0,none,0.0
2073-12-19,M16,Robotic Arm,1.01,47.96,5.59,47.1,355.9,normal,414.51,11.4,28.26,0,none,0.0
2073-12-20,M16,Robotic Arm,0.39,32.97,2.58,16.3,355.9,idle,414.81,9.9,27.96,0,none,0.0
2073-12-21,M16,Robotic Arm,1.21,39.92,5.24,41.1,364.9,normal,415.03,12.9,27.75,0,none,0.0
2073-12-22,M16,Robotic Arm,0.36,32.01,2.4,18.0,159.1,idle,415.36,16.0,27.41,0,none,0.0
2073-12-23,M16,Robotic Arm,1.26,41.64,5.86,45.0,366.9,normal,415.86,11.6,26.91,0,none,0.0
2073-12-24,M16,Robotic Arm,1.25,44.79,5.27,38.0,368.7,normal,416.35,11.5,26.43,0,none,0.0
2073-12-25,M16,Robotic Arm,0.99,37.15,5.33,45.4,341.4,normal,416.6,8.3,26.18,0,none,0.0
2073-12-26,M16,Robotic Arm,1.7,49.43,7.65,56.4,485.3,peak,417.0,17.9,25.78,0,none,0.0
2073-12-27,M16,Robotic Arm,0.99,43.34,5.37,44.6,369.1,normal,417.15,16.7,25.63,0,none,0.0
2073-12-28,M16,Robotic Arm,0.44,33.59,2.58,17.7,156.5,idle,417.5,13.1,25.28,0,none,0.0
2073-12-29,M16,Robotic Arm,1.28,47.67,5.72,40.7,345.9,normal,417.66,16.4,25.11,0,none,0.0
2073-12-30,M16,Robotic Arm,1.02,44.9,5.73,40.2,365.8,normal,417.91,12.3,24.86,0,none,0.0
2073-12-31,M16,Robotic Arm,0.45,33.3,2.22,17.8,159.1,idle,418.35,14.4,24.43,0,none,0.0
2074-01-01,M16,Robotic Arm,1.59,49.61,7.73,63.8,514.8,peak,418.76,15.5,24.01,0,none,0.0
2074-01-02,M16,Robotic Arm,1.05,49.61,5.2,41.2,363.4,normal,419.23,10.8,23.55,0,none,0.0
2074-01-03,M16,Robotic Arm,1.05,37.64,5.78,44.5,369.6,normal,419.33,14.0,23.45,0,none,0.0
2074-01-04,M16,Robotic Arm,0.39,28.93,2.47,44.5,146.8,idle,419.71,13.4,23.06,0,none,0.0
2074-01-05,M16,Robotic Arm,1.16,41.14,5.41,42.8,366.1,normal,419.85,16.7,22.93,0,none,0.0
2074-01-06,M16,Robotic Arm,0.42,31.18,2.32,17.5,145.0,idle,420.25,8.6,22.53,0,none,0.0
2074-01-07,M16,Robotic Arm,1.25,45.43,5.3,42.0,344.4,normal,420.4,13.8,22.38,0,none,0.0
2074-01-08,M16,Robotic Arm,0.44,33.78,2.21,19.8,147.1,idle,420.73,8.1,22.05,0,none,0.0
2074-01-09,M16,Robotic Arm,0.9,35.42,5.83,47.2,342.9,normal,420.76,8.5,22.01,0,none,0.0
2074-01-10,M16,Robotic Arm,1.79,46.11,8.18,64.9,480.3,peak,421.05,16.7,21.73,0,none,0.0
2074-01-11,M16,Robotic Arm,1.15,43.53,5.5,39.1,358.6,normal,421.26,16.3,21.51,0,none,0.0
2074-01-12,M16,Robotic Arm,0.35,34.46,2.38,19.5,358.6,idle,421.76,14.6,21.01,0,none,0.0
2074-01-13,M16,Robotic Arm,0.85,40.97,5.91,41.7,349.7,normal,421.8,11.0,20.98,0,none,0.0
2074-01-14,M16,Robotic Arm,1.23,44.17,5.71,41.6,341.9,normal,422.3,11.3,20.48,0,none,0.0
2074-01-15,M16,Robotic Arm,1.36,39.12,5.84,41.5,354.8,normal,422.33,11.5,20.45,0,none,0.0
2074-01-16,M16,Robotic Arm,1.06,36.06,5.46,47.6,343.3,normal,422.65,14.7,20.13,0,none,0.0
2074-01-17,M16,Robotic Arm,0.41,34.78,2.21,14.4,158.6,idle,423.11,8.5,19.66,0,none,0.0
2074-01-18,M16,Robotic Arm,1.25,42.09,5.63,47.8,340.6,normal,423.31,9.4,19.46,0,none,0.0
2074-01-19,M16,Robotic Arm,0.38,30.22,2.25,16.1,340.6,idle,423.58,13.6,19.2,0,none,0.0
2074-01-20,M16,Robotic Arm,1.38,40.75,5.95,46.1,362.1,normal,423.75,11.9,19.03,0,none,0.0
2074-01-21,M16,Robotic Arm,1.03,40.55,5.24,41.8,366.1,normal,424.23,13.9,18.55,0,none,0.0
2074-01-22,M16,Robotic Arm,1.73,52.51,7.72,57.1,506.5,peak,424.56,13.2,18.21,0,none,0.0
2074-01-23,M16,Robotic Arm,0.42,29.37,2.49,16.3,158.3,idle,424.7,12.2,18.08,0,none,0.0
2074-01-24,M16,Robotic Arm,1.05,37.99,5.36,47.0,365.8,normal,424.86,13.4,17.91,0,none,0.0
2074-01-25,M16,Robotic Arm,1.08,38.13,5.43,41.9,341.3,normal,425.1,13.9,17.68,0,none,0.0
2074-01-26,M16,Robotic Arm,0.89,47.06,5.81,46.1,354.4,normal,425.35,15.0,17.43,0,none,0.0
2074-01-27,M16,Robotic Arm,1.61,43.2,8.06,62.4,487.8,peak,425.58,14.7,17.2,0,none,0.0
2074-01-28,M16,Robotic Arm,1.61,34.49,2.54,18.8,487.8,idle,425.86,12.6,16.91,0,none,0.0
2074-01-29,M16,Robotic Arm,0.94,38.98,5.44,39.3,348.7,normal,426.26,9.9,16.51,0,none,0.0
2074-01-30,M16,Robotic Arm,0.39,28.35,2.36,17.0,145.6,idle,426.51,14.8,16.26,0,none,0.0
2074-01-31,M16,Robotic Arm,1.22,36.04,5.72,47.9,341.8,normal,426.91,14.7,15.86,0,none,0.0
2074-02-01,M16,Robotic Arm,0.38,28.91,2.35,19.0,158.9,idle,427.03,14.2,15.75,0,none,0.0
2074-02-02,M16,Robotic Arm,0.43,32.84,2.49,19.0,148.7,idle,427.25,15.1,15.53,0,none,0.0
2074-02-03,M16,Robotic Arm,1.05,35.65,5.86,40.6,341.6,normal,427.61,17.3,15.16,0,none,0.0
2074-02-04,M16,Robotic Arm,0.36,34.79,2.56,19.8,159.3,idle,427.93,14.7,14.85,0,none,0.0
2074-02-05,M16,Robotic Arm,1.29,38.59,5.46,42.0,363.6,normal,428.1,9.4,14.68,0,none,0.0
2074-02-06,M16,Robotic Arm,0.44,31.08,2.32,15.5,148.8,idle,428.3,15.9,14.48,0,none,0.0
2074-02-07,M16,Robotic Arm,0.35,29.64,2.32,18.6,153.2,idle,428.73,8.4,14.05,0,none,0.0
2074-02-08,M16,Robotic Arm,0.38,32.18,2.52,17.7,146.1,idle,428.78,16.0,14.0,0,none,0.0
2074-02-09,M16,Robotic Arm,0.37,30.0,2.35,14.2,156.2,idle,429.06,11.4,13.71,0,none,0.0
2074-02-10,M16,Robotic Arm,0.4,34.28,2.41,19.9,155.5,idle,429.26,10.7,13.51,0,none,0.0
2074-02-11,M16,Robotic Arm,0.4,34.81,2.39,17.8,158.7,idle,429.73,8.8,13.05,0,none,0.0
2074-02-12,M16,Robotic Arm,1.17,35.69,5.76,47.4,363.4,normal,430.15,16.7,12.63,0,none,0.0
2074-02-13,M16,Robotic Arm,0.43,28.55,2.49,14.2,159.0,idle,430.63,13.4,12.15,0,none,0.0
2074-02-14,M16,Robotic Arm,0.44,34.86,2.32,17.2,153.7,idle,431.01,11.9,11.76,0,none,0.0
2074-02-15,M16,Robotic Arm,0.44,40.36,5.99,46.9,358.3,normal,431.31,15.2,11.46,0,none,0.0
2074-02-16,M16,Robotic Arm,0.44,33.0,2.44,18.2,157.2,idle,431.8,10.3,10.98,0,none,0.0
2074-02-17,M16,Robotic Arm,0.45,33.94,2.25,17.3,154.5,idle,432.13,13.8,10.65,0,none,0.0
2074-02-18,M16,Robotic Arm,0.38,31.33,2.57,15.6,149.8,idle,432.43,12.4,10.35,0,none,0.0
2074-02-19,M16,Robotic Arm,0.44,28.66,2.55,15.8,152.5,idle,432.6,8.8,10.18,0,none,0.0
2074-02-20,M16,Robotic Arm,0.41,32.53,2.59,14.2,155.6,idle,433.1,9.0,9.68,0,none,0.0
2074-02-21,M16,Robotic Arm,0.43,32.12,2.59,16.5,155.6,idle,433.26,16.2,9.51,0,none,0.0
2074-02-22,M16,Robotic Arm,0.42,28.22,2.42,15.6,152.9,idle,433.71,11.1,9.06,0,none,0.0
2074-02-23,M16,Robotic Arm,1.34,43.19,5.68,44.7,355.9,normal,434.03,15.5,8.75,0,none,0.0
2074-02-24,M16,Robotic Arm,0.39,30.62,2.48,18.6,151.3,idle,434.35,17.3,8.43,0,none,0.0
2074-02-25,M16,Robotic Arm,0.35,31.8,2.43,16.9,150.4,idle,434.85,10.9,7.93,0,none,0.0
2074-02-26,M16,Robotic Arm,0.44,31.37,2.52,17.8,156.8,idle,434.96,13.3,7.81,0,none,0.0
2074-02-27,M16,Robotic Arm,0.44,29.7,2.53,18.3,153.4,idle,435.35,16.0,7.43,0,none,0.0
2074-02-28,M16,Robotic Arm,0.4,30.18,2.42,16.3,158.3,idle,435.81,15.5,6.96,0,none,0.0
2074-03-01,M16,Robotic Arm,0.41,30.09,2.26,18.2,155.0,idle,435.95,9.6,6.83,0,none,0.0
2074-03-02,M16,Robotic Arm,0.39,29.14,2.49,15.6,157.9,idle,436.1,13.0,6.68,0,none,0.0
2074-03-03,M16,Robotic Arm,1.25,46.6,5.99,41.4,355.1,normal,436.43,11.1,6.35,0,none,0.0
2074-03-04,M16,Robotic Arm,1.07,36.01,5.52,42.4,345.2,normal,436.86,12.0,5.91,0,none,0.0
2074-03-05,M16,Robotic Arm,1.34,38.8,5.81,38.8,340.9,normal,437.16,17.0,5.61,0,none,0.0
2074-03-06,M16,Robotic Arm,1.34,36.6,5.81,44.0,353.6,normal,437.6,8.6,5.18,0,none,0.0
2074-03-07,M16,Robotic Arm,1.51,46.27,8.4,64.0,504.0,peak,438.01,8.4,4.76,0,none,0.0
2074-03-08,M16,Robotic Arm,1.17,40.53,5.82,46.8,361.8,normal,438.36,17.6,4.41,0,none,0.0
2074-03-09,M16,Robotic Arm,1.14,43.25,5.38,47.9,368.1,normal,438.6,9.0,4.18,0,none,0.0
2074-03-10,M16,Robotic Arm,0.45,29.17,2.46,17.9,368.1,idle,438.86,14.7,3.91,0,none,0.0
2074-03-11,M16,Robotic Arm,0.44,33.48,2.49,14.2,159.9,idle,438.91,12.7,3.86,0,none,0.0
2074-03-12,M16,Robotic Arm,1.25,47.6,5.27,44.9,362.3,normal,438.95,8.8,3.83,0,none,0.0
2074-03-13,M16,Robotic Arm,0.36,28.45,2.5,18.8,158.7,idle,439.43,14.1,3.35,0,none,0.0
2074-03-14,M16,Robotic Arm,0.36,29.68,2.59,15.6,155.9,idle,439.8,16.4,2.98,0,none,0.0
2074-03-15,M16,Robotic Arm,0.4,28.86,2.57,17.5,146.4,idle,440.1,16.2,2.68,0,none,0.0
2074-03-16,M16,Robotic Arm,1.06,44.94,5.69,40.2,357.1,normal,440.6,12.5,2.18,0,none,0.0
2074-03-17,M16,Robotic Arm,1.02,41.85,5.45,43.0,365.3,normal,440.66,14.0,2.11,0,none,0.0
2074-03-18,M16,Robotic Arm,0.97,35.02,5.32,43.0,352.4,normal,440.88,15.5,1.9,0,none,0.0
2074-03-19,M16,Robotic Arm,0.42,28.22,2.26,17.4,155.8,idle,441.01,11.5,1.76,0,none,0.0
2074-03-20,M16,Robotic Arm,1.74,50.36,8.26,56.7,506.3,peak,441.43,11.2,1.35,0,none,0.0
2074-03-21,M16,Robotic Arm,1.08,46.89,5.69,43.4,357.4,normal,441.83,8.7,0.95,0,none,0.0
2074-03-22,M16,Robotic Arm,1.31,35.15,5.89,38.3,357.5,normal,442.25,8.3,0.53,0,none,0.0
2074-03-23,M16,Robotic Arm,1.13,39.81,5.3,39.2,362.3,normal,442.55,12.5,0.5,0,none,0.0
2074-03-24,M16,Robotic Arm,1.13,43.93,5.99,44.8,342.3,normal,443.03,15.0,0.5,0,none,0.0
2074-03-25,M16,Robotic Arm,1.15,45.85,5.96,45.3,349.3,normal,443.25,16.0,0.5,0,none,0.0
2074-03-26,M16,Robotic Arm,0.99,45.19,5.81,42.9,342.6,normal,443.68,10.7,0.5,0,none,0.0
2074-03-27,M16,Robotic Arm,1.22,42.68,5.21,44.4,344.0,normal,443.9,16.4,0.5,0,none,0.0
2074-03-28,M16,Robotic Arm,1.3,43.76,5.24,43.3,364.2,normal,444.33,10.4,0.5,0,none,0.0
2074-03-29,M16,Robotic Arm,0.43,28.6,2.23,18.6,148.5,idle,444.55,17.0,0.5,0,none,0.0
2074-03-30,M16,Robotic Arm,1.18,42.91,5.7,41.4,341.2,normal,444.83,9.5,0.5,0,none,0.0
2074-03-31,M16,Robotic Arm,1.66,48.7,7.93,57.8,513.7,peak,445.33,9.9,0.5,0,none,0.0
2074-04-01,M16,Robotic Arm,1.66,36.65,5.81,44.4,349.3,normal,445.45,11.2,0.5,0,none,0.0
2074-04-02,M16,Robotic Arm,0.93,40.72,5.25,44.4,368.9,normal,445.78,17.2,0.5,0,none,0.0
2074-04-03,M16,Robotic Arm,0.93,38.57,5.31,47.1,367.8,normal,445.91,8.2,0.5,0,none,0.0
2074-04-04,M16,Robotic Arm,0.88,46.68,5.31,42.0,357.6,normal,446.05,9.2,0.5,0,none,0.0
2074-04-05,M16,Robotic Arm,1.1,36.77,5.83,44.9,368.2,normal,446.2,15.1,0.5,0,none,0.0
2074-04-06,M16,Robotic Arm,0.39,31.01,2.34,14.4,145.8,idle,446.6,17.7,0.5,0,none,0.0
2074-04-07,M16,Robotic Arm,1.27,38.7,5.59,47.8,340.5,normal,446.98,8.0,0.5,0,none,0.0
2074-04-08,M16,Robotic Arm,1.13,41.74,6.0,46.3,342.0,normal,447.45,16.9,0.5,0,none,0.0
2074-04-09,M16,Robotic Arm,0.94,35.44,5.36,40.1,342.7,normal,447.61,14.1,0.5,0,none,0.0
2074-04-10,M16,Robotic Arm,0.4,34.83,2.52,15.2,156.7,idle,448.08,10.3,0.5,0,none,0.0
2074-04-11,M16,Robotic Arm,0.45,34.83,2.39,15.6,156.2,idle,448.35,12.8,0.5,0,none,0.0
2074-04-12,M16,Robotic Arm,1.28,38.86,5.38,44.7,366.6,normal,448.56,12.8,0.5,0,none,0.0
2074-04-13,M16,Robotic Arm,1.51,54.83,7.69,58.5,482.1,peak,448.73,11.9,0.5,0,none,0.0
2074-04-14,M16,Robotic Arm,0.88,38.55,5.65,47.0,342.1,normal,449.05,16.3,0.5,0,none,0.0
2074-04-15,M16,Robotic Arm,1.15,40.41,5.99,39.9,351.1,normal,449.21,15.6,0.5,0,none,0.0
2074-04-16,M16,Robotic Arm,0.87,46.89,5.7,43.9,341.5,normal,449.51,12.2,0.5,0,none,0.0
2074-04-17,M16,Robotic Arm,0.9,45.27,5.64,43.9,356.5,normal,449.83,17.7,0.5,0,none,0.0
2074-04-18,M16,Robotic Arm,1.38,36.35,5.98,45.8,344.3,normal,450.25,12.9,0.5,0,none,0.0
2074-04-19,M16,Robotic Arm,1.3,44.67,5.66,45.7,344.2,normal,450.46,14.3,0.5,0,none,0.0
2074-04-20,M16,Robotic Arm,1.25,43.33,5.43,44.9,360.4,normal,450.65,11.4,0.5,0,none,0.0
2074-04-21,M16,Robotic Arm,0.37,29.03,2.34,16.4,157.4,idle,450.85,12.4,0.5,0,none,0.0
2074-04-22,M16,Robotic Arm,1.09,44.58,5.57,38.7,359.6,normal,451.06,11.0,0.5,0,none,0.0
2074-04-23,M16,Robotic Arm,0.44,31.63,2.48,18.7,152.0,idle,451.13,13.8,0.5,0,none,0.0
2074-04-24,M16,Robotic Arm,0.99,46.18,5.86,46.6,364.8,normal,451.3,13.7,0.5,0,none,0.0
2074-04-25,M16,Robotic Arm,0.92,40.39,5.35,39.5,363.4,normal,451.46,14.8,0.5,0,none,0.0
2074-04-26,M16,Robotic Arm,0.4,28.63,2.36,20.0,148.2,idle,451.95,14.7,0.5,0,none,0.0
2074-04-27,M16,Robotic Arm,1.07,60.48,5.36,47.7,359.1,normal,452.16,11.5,0.5,0,none,0.0
2074-04-28,M16,Robotic Arm,0.37,31.13,2.34,47.7,149.3,idle,452.28,12.9,0.5,0,none,0.0
2074-04-29,M16,Robotic Arm,0.41,28.62,2.22,17.2,151.5,idle,452.78,9.1,0.5,0,none,0.0
2074-04-30,M16,Robotic Arm,0.37,32.99,2.24,15.6,146.5,idle,453.1,13.3,0.5,0,none,0.0
2074-05-01,M16,Robotic Arm,0.42,32.99,2.28,17.3,155.4,idle,453.25,14.3,0.5,0,none,0.0
2074-05-02,M16,Robotic Arm,0.35,32.64,2.32,14.8,157.3,idle,453.41,17.0,0.5,0,none,0.0
2074-05-03,M16,Robotic Arm,0.41,31.83,2.53,15.6,145.2,idle,453.8,11.0,0.5,0,none,0.0
2074-05-04,M16,Robotic Arm,0.44,29.84,2.45,19.9,148.5,idle,454.05,13.8,0.5,0,none,0.0
2074-05-05,M16,Robotic Arm,0.45,31.77,2.58,14.5,153.0,idle,454.43,17.5,0.5,0,none,0.0
2074-05-06,M16,Robotic Arm,0.44,29.09,2.58,15.3,159.5,idle,454.46,13.2,0.5,0,none,0.0
2074-05-07,M16,Robotic Arm,0.44,29.09,5.84,15.3,159.5,normal,454.73,18.0,0.5,0,none,0.0
2074-05-08,M16,Robotic Arm,0.41,32.29,2.38,19.9,147.6,idle,455.2,12.9,0.5,0,none,0.0
2074-05-09,M16,Robotic Arm,1.38,38.8,5.35,19.9,366.8,normal,455.53,17.7,0.5,0,none,0.0
2074-05-10,M16,Robotic Arm,0.39,28.53,2.41,19.9,150.8,idle,456.01,13.4,0.5,0,none,0.0
2074-05-11,M16,Robotic Arm,0.39,31.51,2.35,14.4,158.1,idle,456.46,11.8,0.5,0,none,0.0
2074-05-12,M16,Robotic Arm,0.41,29.08,2.57,17.5,155.3,idle,456.85,10.8,0.5,0,none,0.0
2074-05-13,M16,Robotic Arm,1.17,47.72,5.91,38.2,340.4,normal,456.96,11.3,0.5,0,none,0.0
2074-05-14,M16,Robotic Arm,0.4,30.2,2.42,16.0,158.2,idle,457.36,16.2,0.5,0,none,0.0
2074-05-15,M16,Robotic Arm,0.37,28.4,2.34,14.8,153.9,idle,457.56,17.7,0.5,0,none,0.0
2074-05-16,M16,Robotic Arm,0.4,32.96,2.23,18.5,149.2,idle,457.8,16.2,0.5,0,none,0.0
2074-05-17,M16,Robotic Arm,0.42,30.04,2.53,19.0,149.6,idle,458.03,15.7,0.5,0,none,0.0
2074-05-18,M16,Robotic Arm,0.44,30.25,2.56,15.2,149.3,idle,458.23,15.2,0.5,0,none,0.0
2074-05-19,M16,Robotic Arm,0.44,28.57,2.48,18.1,159.6,idle,458.71,9.1,0.5,0,none,0.0
2074-05-20,M16,Robotic Arm,0.45,31.36,2.46,14.9,148.4,idle,458.86,8.6,0.5,0,none,0.0
2074-05-21,M16,Robotic Arm,0.41,29.66,2.29,14.1,146.1,idle,459.36,16.6,0.5,0,none,0.0
2074-05-22,M16,Robotic Arm,0.42,28.1,2.56,14.1,147.3,idle,459.76,14.3,0.5,0,none,0.0
2074-05-23,M16,Robotic Arm,0.38,33.09,2.48,15.5,149.9,idle,460.06,12.8,0.5,0,none,0.0
2074-05-24,M16,Robotic Arm,0.43,31.48,2.38,17.8,151.8,idle,460.11,16.3,0.5,0,none,0.0
2074-05-25,M16,Robotic Arm,0.39,33.59,2.57,17.3,149.3,idle,460.36,12.3,0.5,0,none,0.0
2074-05-26,M16,Robotic Arm,1.37,44.13,5.72,44.1,362.2,normal,460.81,14.4,0.5,0,none,0.0
2074-05-27,M16,Robotic Arm,1.37,33.54,2.59,16.5,148.6,idle,461.06,16.1,0.5,0,none,0.0
2074-05-28,M16,Robotic Arm,0.39,33.37,2.42,19.2,148.5,idle,461.51,12.9,0.5,0,none,0.0
2074-05-29,M16,Robotic Arm,0.42,29.75,2.52,16.6,159.8,idle,461.96,11.5,0.5,0,none,0.0
2074-05-30,M16,Robotic Arm,1.22,44.64,2.52,45.0,352.6,normal,462.11,12.6,0.5,0,none,0.0
2074-05-31,M16,Robotic Arm,1.6,52.34,7.73,56.8,494.2,peak,462.2,16.1,0.5,0,none,0.0
2074-06-01,M16,Robotic Arm,1.2,38.35,5.65,41.9,351.9,normal,462.4,16.7,0.5,0,none,0.0
2074-06-02,M16,Robotic Arm,0.96,39.19,5.42,40.4,342.4,normal,462.51,8.8,0.5,0,none,0.0
2074-06-03,M16,Robotic Arm,1.09,38.18,5.97,44.0,353.9,normal,462.61,11.9,0.5,0,none,0.0
2074-06-04,M16,Robotic Arm,1.04,40.99,5.47,46.6,347.7,normal,463.11,9.5,0.5,0,none,0.0
2074-06-05,M16,Robotic Arm,1.58,51.23,8.4,61.8,483.4,peak,463.5,14.0,0.5,0,none,0.0
2074-06-06,M16,Robotic Arm,1.34,45.0,5.39,38.6,361.5,normal,463.9,12.5,0.5,0,none,0.0
2074-06-07,M16,Robotic Arm,1.57,48.81,7.59,60.7,480.9,peak,464.35,10.0,0.5,0,none,0.0
2074-06-08,M16,Robotic Arm,1.14,45.84,5.66,46.9,356.5,normal,464.55,13.4,0.5,0,none,0.0
2074-06-09,M16,Robotic Arm,1.23,39.76,5.44,41.4,343.1,normal,464.65,16.2,0.5,0,none,0.0
2074-06-10,M16,Robotic Arm,0.38,30.71,2.34,17.0,152.3,idle,464.76,12.6,0.5,0,none,0.0
2074-06-11,M16,Robotic Arm,1.25,40.14,5.74,46.9,353.7,normal,464.85,14.5,0.5,0,none,0.0
2074-06-12,M16,Robotic Arm,1.15,43.8,5.6,39.6,348.8,normal,465.15,9.4,0.5,0,none,0.0
2074-06-13,M16,Robotic Arm,0.87,43.89,5.42,46.2,359.7,normal,465.56,13.2,0.5,0,none,0.0
2074-06-14,M16,Robotic Arm,0.42,34.18,2.37,15.1,159.0,idle,465.61,17.8,0.5,0,none,0.0
2074-06-15,M16,Robotic Arm,1.4,37.83,5.79,38.7,340.8,normal,465.78,14.9,0.5,0,none,0.0
2074-06-16,M16,Robotic Arm,0.42,29.79,2.55,17.1,156.7,idle,466.25,11.6,0.5,0,none,0.0
2074-06-17,M16,Robotic Arm,0.91,46.37,5.35,43.7,358.3,normal,466.63,10.9,0.5,0,none,0.0
2074-06-18,M16,Robotic Arm,0.89,47.71,5.44,45.1,358.9,normal,467.0,13.6,0.5,0,none,0.0
2074-06-19,M16,Robotic Arm,0.35,34.04,2.32,15.5,145.9,idle,467.15,8.7,0.5,0,none,0.0
2074-06-20,M16,Robotic Arm,1.58,50.06,7.7,59.7,512.0,peak,467.25,15.1,0.5,0,none,0.0
2074-06-21,M16,Robotic Arm,1.38,44.11,7.7,41.8,356.6,normal,467.31,16.2,0.5,0,none,0.0
2074-06-22,M16,Robotic Arm,1.33,42.12,5.59,40.6,355.0,normal,467.46,13.8,0.5,0,none,0.0
2074-06-23,M16,Robotic Arm,1.6,49.34,5.59,64.5,512.4,peak,467.88,14.2,0.5,0,none,0.0
2074-06-24,M16,Robotic Arm,1.31,39.65,5.76,41.9,340.7,normal,468.03,13.1,0.5,0,none,0.0
2074-06-25,M16,Robotic Arm,1.34,35.68,5.29,38.2,342.0,normal,468.06,11.9,0.5,0,none,0.0
2074-06-26,M16,Robotic Arm,0.36,32.74,2.54,18.8,154.4,idle,468.36,13.0,0.5,0,none,0.0
2074-06-27,M16,Robotic Arm,1.28,40.94,5.93,42.6,340.9,normal,468.46,15.8,0.5,0,none,0.0
2074-06-28,M16,Robotic Arm,1.24,45.8,5.38,42.6,340.9,normal,468.96,10.7,0.5,0,none,0.0
2074-06-29,M16,Robotic Arm,1.17,46.57,5.58,44.7,348.1,normal,469.16,12.7,0.5,0,none,0.0
2074-06-30,M16,Robotic Arm,1.36,39.81,5.63,44.2,347.6,normal,469.66,12.7,0.5,0,none,0.0
2074-07-01,M16,Robotic Arm,1.02,41.53,5.42,39.3,365.1,normal,470.03,17.1,0.5,0,none,0.0
2074-07-02,M16,Robotic Arm,0.38,30.91,2.42,19.1,147.1,idle,470.26,13.3,0.5,0,none,0.0
2074-07-03,M16,Robotic Arm,1.19,39.56,5.9,19.1,344.4,normal,470.48,17.8,0.5,0,none,0.0
2074-07-04,M16,Robotic Arm,1.01,35.47,5.9,42.1,341.5,normal,470.9,8.6,0.5,0,none,0.0
2074-07-05,M16,Robotic Arm,1.5,54.42,8.35,58.3,500.7,peak,471.13,8.3,0.5,0,none,0.0
2074-07-06,M16,Robotic Arm,1.17,41.7,5.45,41.9,345.4,normal,471.31,10.0,0.5,0,none,0.0
2074-07-07,M16,Robotic Arm,0.35,29.08,2.21,16.6,154.9,idle,471.36,9.5,0.5,0,none,0.0
2074-07-08,M16,Robotic Arm,0.95,41.94,5.46,39.2,343.8,normal,471.85,12.1,0.5,0,none,0.0
2074-07-09,M16,Robotic Arm,1.19,36.53,5.64,39.9,366.0,normal,472.05,13.3,0.5,0,none,0.0
2074-07-10,M16,Robotic Arm,0.88,40.03,5.81,45.5,344.3,normal,472.38,13.0,0.5,0,none,0.0
2074-07-11,M16,Robotic Arm,0.96,42.1,5.75,45.5,358.6,normal,472.55,11.0,0.5,0,none,0.0
2074-07-12,M16,Robotic Arm,1.28,42.1,5.65,42.3,362.8,normal,472.7,15.3,0.5,0,none,0.0
2074-07-13,M16,Robotic Arm,1.28,38.28,5.87,45.1,362.1,normal,473.08,9.4,0.5,0,none,0.0
2074-07-14,M16,Robotic Arm,0.9,41.3,5.65,45.8,352.7,normal,473.13,9.7,0.5,0,none,0.0
2074-07-15,M16,Robotic Arm,1.15,38.1,5.87,47.1,353.9,normal,473.31,14.9,0.5,0,none,0.0
2074-07-16,M16,Robotic Arm,1.09,39.27,5.41,43.5,345.1,normal,473.78,13.2,0.5,0,none,0.0
2074-07-17,M16,Robotic Arm,1.17,42.3,5.76,40.3,361.1,normal,474.16,9.4,0.5,0,none,0.0
2074-07-18,M16,Robotic Arm,1.51,48.95,8.34,62.3,514.0,peak,474.28,8.7,0.5,0,none,0.0
2074-07-19,M16,Robotic Arm,0.93,44.35,5.58,41.2,350.7,normal,474.65,9.4,0.5,0,none,0.0
2074-07-20,M16,Robotic Arm,0.91,44.06,5.71,39.5,356.3,normal,475.03,8.8,0.5,0,none,0.0
2074-07-21,M16,Robotic Arm,0.92,39.07,5.24,44.2,340.4,normal,475.26,8.3,0.5,0,none,0.0
2074-07-22,M16,Robotic Arm,0.38,29.87,2.5,16.7,153.6,idle,475.45,15.2,0.5,0,none,0.0
2074-07-23,M16,Robotic Arm,0.99,42.12,5.32,47.9,355.5,normal,475.83,18.0,0.5,0,none,0.0
2074-07-24,M16,Robotic Arm,1.33,36.37,5.67,44.7,363.7,normal,476.11,15.7,0.5,0,none,0.0
2074-07-25,M16,Robotic Arm,1.12,35.47,5.41,40.8,349.6,normal,476.6,13.0,0.5,0,none,0.0
2074-07-26,M16,Robotic Arm,1.12,28.0,2.41,18.4,148.4,idle,476.81,8.5,0.5,0,none,0.0
2074-07-27,M16,Robotic Arm,0.42,33.12,2.36,17.1,149.7,idle,476.86,9.6,0.5,0,none,0.0
2074-07-28,M16,Robotic Arm,0.39,32.12,2.34,17.0,156.2,idle,477.28,12.8,0.5,0,none,0.0
2074-07-29,M16,Robotic Arm,0.45,34.24,2.57,17.0,148.6,idle,477.46,12.6,0.5,0,none,0.0
2074-07-30,M16,Robotic Arm,0.44,29.56,2.57,17.5,157.6,idle,477.88,9.6,0.5,0,none,0.0
2074-07-31,M16,Robotic Arm,1.39,46.38,5.85,40.1,365.8,normal,478.15,16.8,0.5,0,none,0.0
2074-08-01,M16,Robotic Arm,0.37,31.59,2.4,17.1,155.8,idle,478.33,18.0,0.5,0,none,0.0
2074-08-02,M16,Robotic Arm,0.39,31.2,2.46,18.1,151.6,idle,478.48,8.6,0.5,0,none,0.0
2074-08-03,M16,Robotic Arm,0.88,38.37,5.96,47.3,359.5,normal,478.93,9.4,0.5,0,none,0.0
2074-08-04,M16,Robotic Arm,0.37,28.67,2.58,19.2,151.0,idle,479.08,14.6,0.5,0,none,0.0
2074-08-05,M16,Robotic Arm,0.41,34.4,2.26,17.8,158.8,idle,479.3,10.4,0.5,0,none,0.0
2074-08-06,M16,Robotic Arm,0.43,30.01,2.58,15.2,148.1,idle,479.7,16.9,0.5,0,none,0.0
2074-08-07,M16,Robotic Arm,0.36,28.83,2.5,15.7,158.0,idle,479.85,11.6,0.5,0,none,0.0
2074-08-08,M16,Robotic Arm,0.44,28.82,2.41,18.4,155.2,idle,480.05,8.8,0.5,0,none,0.0
2074-08-09,M16,Robotic Arm,0.91,39.18,5.69,43.8,364.4,normal,480.3,10.8,0.5,0,none,0.0
2074-08-10,M16,Robotic Arm,0.36,31.36,2.54,20.0,146.9,idle,480.5,14.1,0.5,0,none,0.0
2074-08-11,M16,Robotic Arm,0.41,28.01,2.34,16.7,150.2,idle,480.81,10.7,0.5,0,none,0.0
2074-08-12,M16,Robotic Arm,1.19,35.2,5.93,41.2,344.5,normal,480.88,14.8,0.5,0,none,0.0
2074-08-13,M16,Robotic Arm,0.39,31.6,2.22,18.8,156.1,idle,481.38,11.6,0.5,0,none,0.0
2074-08-14,M16,Robotic Arm,1.13,37.42,5.94,45.9,347.0,normal,481.6,13.0,0.5,0,none,0.0
2074-08-15,M16,Robotic Arm,0.42,28.71,2.25,16.7,155.5,idle,481.9,14.2,0.5,0,none,0.0
2074-08-16,M16,Robotic Arm,0.44,34.8,2.48,18.7,152.7,idle,482.3,12.8,0.5,0,none,0.0
2074-08-17,M16,Robotic Arm,0.36,28.88,2.59,16.4,156.6,idle,482.38,9.3,0.5,0,none,0.0
2074-08-18,M16,Robotic Arm,0.37,31.73,2.26,18.9,147.5,idle,482.81,12.7,0.5,0,none,0.0
2074-08-19,M16,Robotic Arm,0.42,29.06,2.26,17.0,151.2,idle,483.2,17.0,0.5,0,none,0.0
2074-08-20,M16,Robotic Arm,0.42,32.81,2.24,19.1,156.4,idle,483.46,14.2,0.5,0,none,0.0
2074-08-21,M16,Robotic Arm,0.39,34.84,2.53,15.6,156.4,idle,483.85,15.2,0.5,0,none,0.0
2074-08-22,M16,Robotic Arm,0.9,43.96,5.31,47.8,341.5,normal,484.31,16.4,0.5,0,none,0.0
2074-08-23,M16,Robotic Arm,0.98,41.89,5.67,43.1,362.2,normal,484.5,15.1,0.5,0,none,0.0
2074-08-24,M16,Robotic Arm,0.85,42.33,5.69,40.1,359.8,normal,484.7,16.3,0.5,0,none,0.0
2074-08-25,M16,Robotic Arm,1.21,41.89,5.41,42.2,348.2,normal,484.98,14.0,0.5,0,none,0.0
2074-08-26,M16,Robotic Arm,1.27,43.04,5.32,43.7,367.1,normal,485.25,10.3,0.5,0,none,0.0
2074-08-27,M16,Robotic Arm,1.31,46.59,5.93,39.9,361.6,normal,485.33,15.5,0.5,0,none,0.0
2074-08-28,M16,Robotic Arm,0.41,28.23,2.51,15.2,158.8,idle,485.58,16.3,0.5,0,none,0.0
2074-08-29,M16,Robotic Arm,0.41,45.0,5.76,42.7,363.9,normal,485.71,8.4,0.5,0,none,0.0
2074-08-30,M16,Robotic Arm,1.3,36.28,5.46,41.2,343.7,normal,485.9,16.0,0.5,0,none,0.0
2074-08-31,M16,Robotic Arm,1.39,42.59,5.67,41.8,363.1,normal,486.1,16.0,0.5,0,none,0.0
2074-09-01,M16,Robotic Arm,1.11,42.59,5.9,44.6,358.7,normal,486.6,17.5,0.5,0,none,0.0
2074-09-02,M16,Robotic Arm,1.28,41.54,5.85,38.9,347.3,normal,486.85,11.7,0.5,0,none,0.0
2074-09-03,M16,Robotic Arm,0.44,29.2,2.38,16.9,151.3,idle,486.98,16.1,0.5,0,none,0.0
2074-09-04,M16,Robotic Arm,1.33,44.75,5.85,47.9,369.2,normal,487.43,9.9,0.5,0,none,0.0
2074-09-05,M16,Robotic Arm,1.34,42.35,5.44,45.2,368.5,normal,487.65,11.4,0.5,0,none,0.0
2074-09-06,M16,Robotic Arm,1.39,42.97,5.76,40.8,346.1,normal,488.05,11.8,0.5,0,none,0.0
2074-09-07,M16,Robotic Arm,1.39,37.93,5.52,42.9,368.0,normal,488.43,16.0,0.5,0,none,0.0
2074-09-08,M16,Robotic Arm,1.39,38.21,5.31,40.2,355.6,normal,488.65,9.9,0.5,0,none,0.0
2074-09-09,M16,Robotic Arm,1.28,41.79,5.95,44.4,354.5,normal,489.01,9.5,0.5,0,none,0.0
2074-09-10,M16,Robotic Arm,2.93,47.4,5.47,40.8,346.4,normal,489.2,15.5,0.5,0,none,0.0
2074-09-11,M16,Robotic Arm,1.14,41.09,5.4,45.2,348.9,normal,489.31,15.8,0.5,0,none,0.0
2074-09-12,M16,Robotic Arm,1.27,45.91,5.89,39.5,349.2,normal,489.78,16.5,0.5,0,none,0.0
2074-09-13,M16,Robotic Arm,1.14,45.99,5.52,44.6,353.6,normal,490.25,12.9,0.5,0,none,0.0
2074-09-14,M16,Robotic Arm,1.51,46.11,8.26,62.3,515.4,peak,490.5,17.3,0.5,0,none,0.0
2074-09-15,M16,Robotic Arm,0.41,33.37,2.37,16.1,150.1,idle,491.0,14.4,0.5,0,none,0.0
2074-09-16,M16,Robotic Arm,1.55,47.69,8.31,55.1,503.0,peak,491.33,8.4,0.5,0,none,0.0
2074-09-17,M16,Robotic Arm,1.55,47.69,8.31,39.6,341.3,normal,491.7,11.1,0.5,0,none,0.0
2074-09-18,M16,Robotic Arm,1.09,43.42,5.43,38.4,368.0,normal,492.1,15.3,0.5,0,none,0.0
2074-09-19,M16,Robotic Arm,1.32,41.02,5.86,46.0,356.9,normal,492.48,13.6,0.5,0,none,0.0
2074-09-20,M16,Robotic Arm,0.4,32.56,2.49,18.9,153.6,idle,492.71,16.2,0.5,0,none,0.0
2074-09-21,M16,Robotic Arm,0.42,29.3,2.5,14.3,154.9,idle,492.86,18.0,0.5,0,none,0.0
2074-09-22,M16,Robotic Arm,1.24,47.58,5.54,39.1,350.0,normal,493.01,9.4,0.5,0,none,0.0
2074-09-23,M16,Robotic Arm,1.08,45.01,5.35,39.7,346.6,normal,493.35,8.3,0.5,0,none,0.0
2074-09-24,M16,Robotic Arm,1.08,34.47,2.26,16.5,151.1,idle,493.41,16.6,0.5,0,none,0.0
2074-09-25,M16,Robotic Arm,1.54,34.47,8.41,63.4,517.3,peak,493.91,13.1,0.5,0,none,0.0
2074-09-26,M16,Robotic Arm,0.38,31.69,2.3,16.4,156.9,idle,493.95,17.6,0.5,0,none,0.0
2074-09-27,M16,Robotic Arm,1.11,36.42,5.2,40.4,345.5,normal,494.0,9.4,0.5,0,none,0.0
2074-09-28,M16,Robotic Arm,1.74,50.67,8.34,59.2,503.4,peak,494.1,11.6,0.5,0,none,0.0
2074-09-29,M16,Robotic Arm,0.39,29.55,2.45,16.3,148.7,idle,494.2,8.4,0.5,0,none,0.0
2074-09-30,M16,Robotic Arm,1.37,36.4,5.82,43.5,362.9,normal,494.53,15.2,0.5,0,none,0.0
2074-10-01,M16,Robotic Arm,1.53,47.08,8.3,63.1,511.6,peak,494.76,8.5,0.5,0,none,0.0
2074-10-02,M16,Robotic Arm,1.26,39.9,5.77,39.1,344.9,normal,495.1,10.9,0.5,0,none,0.0
2074-10-03,M16,Robotic Arm,1.15,42.14,5.58,45.4,356.9,normal,495.33,12.5,0.5,0,none,0.0
2074-10-04,M16,Robotic Arm,1.15,34.21,2.45,45.4,151.4,idle,495.8,16.6,0.5,0,none,0.0
2074-10-05,M16,Robotic Arm,0.85,44.91,5.65,38.2,357.2,normal,495.98,13.4,0.5,0,none,0.0
2074-10-06,M16,Robotic Arm,0.44,29.46,2.31,17.9,157.3,idle,496.15,16.2,0.5,0,none,0.0
2074-10-07,M16,Robotic Arm,1.2,43.73,5.46,38.1,365.2,normal,496.65,15.2,0.5,0,none,0.0
2074-10-08,M16,Robotic Arm,1.4,46.26,5.52,41.5,368.8,normal,497.08,12.9,0.5,0,none,0.0
2074-10-09,M16,Robotic Arm,1.39,42.96,5.61,43.2,346.1,normal,497.41,11.9,0.5,0,none,0.0
2074-10-10,M16,Robotic Arm,1.25,37.22,5.37,44.7,366.1,normal,497.61,12.0,0.5,0,none,0.0
2074-10-11,M16,Robotic Arm,1.22,37.22,5.76,42.5,359.6,normal,497.91,13.0,0.5,0,none,0.0
2074-10-12,M16,Robotic Arm,0.43,28.1,2.29,18.2,151.0,idle,498.18,15.8,0.5,0,none,0.0
2074-10-13,M16,Robotic Arm,1.14,43.91,5.62,46.4,351.4,normal,498.3,17.2,0.5,0,none,0.0
2074-10-14,M16,Robotic Arm,1.14,40.53,5.62,39.1,364.9,normal,498.38,10.4,0.5,0,none,0.0
2074-10-15,M16,Robotic Arm,1.03,38.92,5.27,43.1,352.5,normal,498.6,14.9,0.5,0,none,0.0
2074-10-16,M16,Robotic Arm,0.36,33.26,2.23,14.9,151.9,idle,499.1,8.2,0.5,0,none,0.0
2074-10-17,M16,Robotic Arm,0.36,45.58,8.06,60.2,497.3,peak,499.56,10.0,0.5,0,none,0.0
2074-10-18,M16,Robotic Arm,1.28,41.48,5.98,60.2,343.2,normal,499.98,16.4,0.5,0,none,0.0
2074-10-19,M16,Robotic Arm,1.58,48.97,7.97,55.5,343.2,peak,500.03,14.9,0.5,0,none,0.0
2074-10-20,M16,Robotic Arm,0.41,31.24,2.55,17.3,156.8,idle,500.25,17.1,0.5,0,none,0.0
2074-10-21,M16,Robotic Arm,0.41,34.37,2.29,19.0,151.7,idle,500.31,17.4,0.5,0,none,0.0
2074-10-22,M16,Robotic Arm,0.42,31.96,2.24,16.6,155.1,idle,500.66,15.8,0.5,0,none,0.0
2074-10-23,M16,Robotic Arm,0.44,29.53,2.24,16.2,152.9,idle,501.03,12.3,0.5,0,none,0.0
2074-10-24,M16,Robotic Arm,0.44,30.77,2.26,17.0,145.6,idle,501.21,12.2,0.5,0,none,0.0
2074-10-25,M16,Robotic Arm,0.38,31.6,2.26,18.9,157.0,idle,501.48,14.4,0.5,0,none,0.0
2074-10-26,M16,Robotic Arm,0.38,30.11,2.59,16.4,147.1,idle,501.86,10.5,0.5,0,none,0.0
2074-10-27,M16,Robotic Arm,1.21,38.17,5.68,46.2,345.2,normal,502.21,9.2,0.5,0,none,0.0
2074-10-28,M16,Robotic Arm,0.4,30.68,5.68,18.3,146.2,idle,502.33,11.1,0.5,0,none,0.0
2074-10-29,M16,Robotic Arm,0.37,29.1,2.21,15.9,149.9,idle,502.36,17.0,0.5,0,none,0.0
2074-10-30,M16,Robotic Arm,0.37,31.87,2.29,19.6,156.0,idle,502.4,9.1,0.5,0,none,0.0
2074-10-31,M16,Robotic Arm,0.92,38.5,5.99,40.0,343.5,normal,502.83,12.4,0.5,0,none,0.0
2074-11-01,M16,Robotic Arm,0.37,33.0,2.41,14.4,150.4,idle,502.96,10.7,0.5,0,none,0.0
2074-11-02,M16,Robotic Arm,0.36,30.03,2.27,15.3,156.7,idle,503.38,15.6,0.5,0,none,0.0
2074-11-03,M16,Robotic Arm,0.43,33.13,2.48,15.5,151.6,idle,503.53,9.8,0.5,0,none,0.0
2074-11-04,M16,Robotic Arm,0.4,31.74,2.54,19.3,148.2,idle,503.65,16.5,0.5,0,none,0.0
2074-11-05,M16,Robotic Arm,0.39,29.04,2.46,17.4,157.8,idle,504.03,14.9,0.5,0,none,0.0
2074-11-06,M16,Robotic Arm,0.4,33.47,2.33,18.2,145.6,idle,504.18,15.8,0.5,0,none,0.0
2074-11-07,M16,Robotic Arm,0.37,31.13,2.55,18.2,154.0,idle,504.68,15.3,0.5,0,none,0.0
2074-11-08,M16,Robotic Arm,0.92,43.85,5.34,41.5,349.4,normal,505.16,15.2,0.5,0,none,0.0
2074-11-09,M16,Robotic Arm,0.44,32.85,2.23,19.1,151.5,idle,505.33,9.2,0.5,0,none,0.0
2074-11-10,M16,Robotic Arm,0.43,33.44,2.6,16.1,158.0,idle,505.5,12.9,0.5,0,none,0.0
2074-11-11,M16,Robotic Arm,0.38,34.97,2.36,18.0,159.9,idle,505.71,18.0,0.5,0,none,0.0
2074-11-12,M16,Robotic Arm,0.37,32.37,2.6,19.7,148.3,idle,506.18,8.4,0.5,0,none,0.0
2074-11-13,M16,Robotic Arm,0.36,30.98,2.51,18.7,154.1,idle,506.55,8.2,0.5,0,none,0.0
2074-11-14,M16,Robotic Arm,0.41,28.84,2.38,17.5,155.2,idle,506.76,16.5,0.5,0,none,0.0
2074-11-15,M16,Robotic Arm,0.36,32.83,2.58,18.7,154.4,idle,506.85,11.8,0.5,0,none,0.0
2074-11-16,M16,Robotic Arm,0.36,33.56,2.47,17.3,154.4,idle,507.21,13.0,0.5,0,none,0.0
2074-11-17,M16,Robotic Arm,0.42,31.29,2.29,17.0,147.3,idle,507.65,10.2,0.5,0,none,0.0
2074-11-18,M16,Robotic Arm,0.88,38.04,5.49,44.5,355.0,normal,507.78,13.1,0.5,0,none,0.0
2074-11-19,M16,Robotic Arm,0.42,33.16,2.48,44.5,154.9,idle,508.11,8.6,0.5,0,none,0.0
2074-11-20,M16,Robotic Arm,1.79,51.18,8.24,57.9,154.9,peak,508.35,14.4,0.5,0,none,0.0
2074-11-21,M16,Robotic Arm,1.63,46.6,7.96,61.0,505.0,peak,508.58,17.0,0.5,0,none,0.0
2074-11-22,M16,Robotic Arm,1.75,50.53,8.37,61.6,494.0,peak,508.65,17.7,0.5,0,none,0.0
2074-11-23,M16,Robotic Arm,1.2,44.48,5.75,46.5,367.2,normal,508.86,14.8,0.5,0,none,0.0
2074-11-24,M16,Robotic Arm,1.03,36.03,5.73,39.1,366.5,normal,508.91,13.0,0.5,0,none,0.0
2074-11-25,M16,Robotic Arm,1.3,44.28,5.94,46.9,367.7,normal,509.13,11.4,0.5,0,none,0.0
2074-11-26,M16,Robotic Arm,1.25,39.79,5.24,38.6,363.8,normal,509.33,14.9,0.5,0,none,0.0
2074-11-27,M16,Robotic Arm,1.25,39.07,5.67,39.3,369.6,normal,509.41,15.6,0.5,0,none,0.0
2074-11-28,M16,Robotic Arm,0.43,32.09,2.56,17.0,158.4,idle,509.83,9.4,0.5,0,none,0.0
2074-11-29,M16,Robotic Arm,1.3,35.18,5.84,45.8,349.5,normal,509.96,14.7,0.5,0,none,0.0
2074-11-30,M16,Robotic Arm,1.12,36.8,5.73,44.7,369.4,normal,510.28,10.6,0.5,0,none,0.0
2074-12-01,M16,Robotic Arm,1.12,47.82,7.68,62.9,494.1,peak,510.6,11.2,0.5,0,none,0.0
2074-12-02,M16,Robotic Arm,0.44,29.94,2.28,17.7,158.7,idle,510.68,14.3,0.5,0,none,0.0
2074-12-03,M16,Robotic Arm,0.44,35.54,5.97,39.4,358.2,normal,510.75,11.7,0.5,0,none,0.0
2074-12-04,M16,Robotic Arm,0.37,29.17,2.26,18.3,156.4,idle,511.25,16.5,0.5,0,none,0.0
2074-12-05,M16,Robotic Arm,1.54,43.78,8.43,60.9,511.2,peak,511.56,9.8,0.5,0,none,0.0
2074-12-06,M16,Robotic Arm,0.89,35.68,5.52,43.5,351.2,normal,511.71,12.0,0.5,0,none,0.0
2074-12-07,M16,Robotic Arm,1.71,50.7,7.95,55.8,503.8,peak,511.88,12.5,0.5,0,none,0.0
2074-12-08,M16,Robotic Arm,0.98,40.02,5.21,55.8,361.0,normal,511.95,16.1,0.5,0,none,0.0
2074-12-09,M16,Robotic Arm,1.17,44.77,6.0,44.3,346.6,normal,512.21,16.4,0.5,0,none,0.0
2074-12-10,M16,Robotic Arm,0.41,29.72,2.33,16.1,152.8,idle,512.5,8.7,0.5,0,none,0.0
2074-12-11,M16,Robotic Arm,1.14,43.68,5.55,39.9,354.7,normal,512.75,12.0,0.5,0,none,0.0
2074-12-12,M16,Robotic Arm,1.29,44.14,5.29,47.5,349.2,normal,512.96,15.2,0.5,0,none,0.0
2074-12-13,M16,Robotic Arm,1.17,35.42,5.93,47.5,348.3,normal,513.3,9.8,0.5,0,none,0.0
2074-12-14,M16,Robotic Arm,1.23,38.8,5.41,42.5,358.0,normal,513.63,14.3,0.5,0,none,0.0
2074-12-15,M16,Robotic Arm,0.97,44.66,5.66,38.1,356.5,normal,513.95,11.9,0.5,0,none,0.0
2074-12-16,M16,Robotic Arm,1.08,43.7,5.92,40.6,360.2,normal,514.31,12.7,0.5,0,none,0.0
2074-12-17,M16,Robotic Arm,0.37,28.6,2.57,19.2,152.5,idle,514.56,17.2,0.5,0,none,0.0
2074-12-18,M16,Robotic Arm,0.93,38.42,5.65,44.5,360.7,normal,514.91,14.1,0.5,0,none,0.0
2074-12-19,M16,Robotic Arm,1.26,37.73,5.44,44.5,342.2,normal,514.95,8.2,0.5,0,none,0.0
2074-12-20,M16,Robotic Arm,1.02,37.73,5.59,46.5,361.7,normal,515.03,14.2,0.5,0,none,0.0
2074-12-21,M16,Robotic Arm,1.27,42.8,5.76,39.8,356.6,normal,515.26,17.7,0.5,0,none,0.0
2074-12-22,M16,Robotic Arm,1.16,43.17,5.82,47.4,361.4,normal,515.5,16.4,0.5,0,none,0.0
2074-12-23,M16,Robotic Arm,0.44,31.85,2.32,17.9,159.7,idle,515.56,16.6,0.5,0,none,0.0
2074-12-24,M16,Robotic Arm,1.24,47.6,5.22,40.6,348.2,normal,515.68,9.3,0.5,0,none,0.0
2074-12-25,M16,Robotic Arm,0.39,28.22,2.57,18.2,146.3,idle,515.75,17.9,0.5,0,none,0.0
2074-12-26,M16,Robotic Arm,0.95,42.84,5.93,38.9,353.0,normal,515.95,11.0,0.5,0,none,0.0
2074-12-27,M16,Robotic Arm,0.96,37.34,5.78,46.3,367.6,normal,516.16,10.4,0.5,0,none,0.0
2074-12-28,M16,Robotic Arm,1.23,35.85,5.49,42.4,348.3,normal,516.5,10.2,0.5,0,none,0.0
2074-12-29,M16,Robotic Arm,0.4,35.85,2.56,14.9,151.4,idle,516.63,10.0,0.5,0,none,0.0
2074-12-30,M16,Robotic Arm,0.92,39.66,5.59,43.5,349.9,normal,516.8,17.8,0.5,0,none,0.0
2074-12-31,M16,Robotic Arm,1.3,41.7,5.99,39.2,345.5,normal,516.9,13.9,0.5,0,none,0.0
2075-01-01,M16,Robotic Arm,1.29,42.21,5.49,42.1,356.9,normal,517.23,14.9,0.5,0,none,0.0
2075-01-02,M16,Robotic Arm,0.36,33.36,2.38,16.5,156.6,idle,517.31,11.2,0.5,0,none,0.0
2075-01-03,M16,Robotic Arm,1.16,44.8,5.94,47.5,352.9,normal,517.55,10.2,0.5,0,none,0.0
2075-01-04,M16,Robotic Arm,0.89,35.16,5.76,38.8,351.7,normal,518.05,10.7,0.5,0,none,0.0
2075-01-05,M16,Robotic Arm,1.7,54.98,7.72,55.1,481.6,peak,518.38,17.4,0.5,0,none,0.0
2075-01-06,M16,Robotic Arm,1.7,34.95,2.23,18.5,147.2,idle,518.76,9.7,0.5,0,none,0.0
2075-01-07,M16,Robotic Arm,0.37,28.6,2.29,14.7,145.3,idle,519.01,15.7,0.5,0,none,0.0
2075-01-08,M16,Robotic Arm,0.43,29.33,2.25,15.6,156.3,idle,519.51,14.6,0.5,0,none,0.0
2075-01-09,M16,Robotic Arm,0.37,31.79,2.29,16.3,152.8,idle,519.71,13.3,0.5,0,none,0.0
2075-01-10,M16,Robotic Arm,1.27,38.66,5.56,44.4,348.3,normal,519.86,10.0,0.5,0,none,0.0
2075-01-11,M16,Robotic Arm,0.97,42.4,5.96,47.1,358.0,normal,520.33,8.6,0.5,0,none,0.0
2075-01-12,M16,Robotic Arm,0.39,31.96,2.52,14.6,156.7,idle,520.73,15.8,0.5,0,none,0.0
2075-01-13,M16,Robotic Arm,1.21,38.5,5.9,38.8,367.6,normal,520.95,17.9,0.5,0,none,0.0
2075-01-14,M16,Robotic Arm,1.06,38.5,5.32,43.7,341.0,normal,521.1,10.9,0.5,0,none,0.0
2075-01-15,M16,Robotic Arm,0.38,33.81,2.38,18.0,157.1,idle,521.18,16.6,0.5,0,none,0.0
2075-01-16,M16,Robotic Arm,1.14,42.62,5.81,39.2,157.1,normal,521.48,16.4,0.5,0,none,0.0
2075-01-17,M16,Robotic Arm,1.69,54.68,8.14,62.0,506.3,peak,521.66,17.1,0.5,0,none,0.0
2075-01-18,M16,Robotic Arm,1.68,44.57,8.34,60.8,519.1,peak,521.81,16.9,0.5,0,none,0.0
2075-01-19,M16,Robotic Arm,0.36,30.09,2.24,19.1,157.3,idle,522.28,9.9,0.5,0,none,0.0
2075-01-20,M16,Robotic Arm,1.73,50.82,7.61,59.1,508.2,peak,522.7,17.4,0.5,0,none,0.0
2075-01-21,M16,Robotic Arm,1.61,51.33,7.79,60.4,494.2,peak,523.18,17.1,0.5,0,none,0.0
2075-01-22,M16,Robotic Arm,0.44,31.1,2.31,14.3,147.2,idle,523.48,10.9,0.5,0,none,0.0
2075-01-23,M16,Robotic Arm,1.16,44.11,5.96,44.0,360.4,normal,523.76,14.9,0.5,0,none,0.0
2075-01-24,M16,Robotic Arm,0.41,34.32,2.32,17.6,159.4,idle,524.21,17.4,0.5,0,none,0.0
2075-01-25,M16,Robotic Arm,0.35,29.9,2.5,16.8,147.5,idle,524.51,13.6,0.5,0,none,0.0
2075-01-26,M16,Robotic Arm,0.41,31.61,2.38,16.1,145.8,idle,524.75,8.9,0.5,0,none,0.0
2075-01-27,M16,Robotic Arm,0.41,31.62,2.43,14.0,146.2,idle,525.03,8.9,0.5,0,none,0.0
2075-01-28,M16,Robotic Arm,0.37,31.14,2.52,15.5,157.1,idle,525.06,8.4,0.5,0,none,0.0
2075-01-29,M16,Robotic Arm,0.98,44.74,5.9,46.2,362.1,normal,525.11,12.9,0.5,0,none,0.0
2075-01-30,M16,Robotic Arm,0.35,30.31,2.28,16.9,150.3,idle,525.26,13.0,0.5,0,none,0.0
2075-01-31,M16,Robotic Arm,0.41,31.96,2.37,18.6,145.2,idle,525.46,17.9,0.5,0,none,0.0
2075-02-01,M16,Robotic Arm,0.44,28.02,2.38,19.3,151.3,idle,525.55,14.1,0.5,0,none,0.0
2075-02-02,M16,Robotic Arm,0.43,30.82,2.54,20.0,158.5,idle,525.85,13.3,0.5,0,none,0.0
2075-02-03,M16,Robotic Arm,0.36,29.04,2.42,19.8,151.1,idle,525.88,8.3,0.5,0,none,0.0
2075-02-04,M16,Robotic Arm,1.0,47.54,5.77,45.7,343.3,normal,525.91,8.9,0.5,0,none,0.0
2075-02-05,M16,Robotic Arm,0.38,31.53,2.49,16.1,148.1,idle,526.06,16.4,0.5,0,none,0.0
2075-02-06,M16,Robotic Arm,0.39,30.97,2.55,19.6,147.5,idle,526.43,9.2,0.5,0,none,0.0
2075-02-07,M16,Robotic Arm,0.38,33.5,2.3,15.6,155.2,idle,526.9,8.2,0.5,0,none,0.0
2075-02-08,M16,Robotic Arm,0.4,32.93,2.23,17.0,155.1,idle,526.93,15.3,0.5,0,none,0.0
2075-02-09,M16,Robotic Arm,0.4,28.89,2.25,17.5,147.2,idle,527.43,15.9,0.5,0,none,0.0
2075-02-10,M16,Robotic Arm,0.38,31.12,2.44,17.1,151.0,idle,527.8,9.1,47.88,0,none,0.0
2075-02-11,M16,Robotic Arm,1.05,36.35,5.85,47.6,363.2,normal,528.11,16.8,47.56,0,none,0.0
2075-02-12,M16,Robotic Arm,0.36,31.77,2.33,13.8,145.8,idle,528.38,17.4,47.3,0,none,0.0
2075-02-13,M16,Robotic Arm,0.44,34.76,2.36,24.3,149.7,idle,528.53,15.1,47.15,0,none,0.0
2075-02-14,M16,Robotic Arm,0.44,33.43,2.42,18.8,150.4,idle,528.73,13.2,46.95,0,none,0.0
2075-02-15,M16,Robotic Arm,1.29,45.47,5.49,45.3,345.1,normal,529.23,12.3,46.45,0,none,0.0
2075-02-16,M16,Robotic Arm,0.39,45.47,2.39,18.8,157.7,idle,529.31,14.9,46.36,0,none,0.0
2075-02-17,M16,Robotic Arm,0.41,33.0,2.32,19.3,150.3,idle,529.78,17.1,45.9,0,none,0.0
2075-02-18,M16,Robotic Arm,0.42,28.74,2.25,21.9,147.2,idle,530.13,11.1,45.55,0,none,0.0
2075-02-19,M16,Robotic Arm,1.13,47.76,5.92,39.0,339.8,normal,530.5,9.0,45.18,0,none,0.0
2075-02-20,M16,Robotic Arm,0.96,37.18,5.44,33.8,340.2,normal,530.91,9.2,44.76,0,none,0.0
2075-02-21,M16,Robotic Arm,0.42,32.46,2.48,16.5,148.3,idle,531.3,8.1,44.38,0,none,0.0
2075-02-22,M16,Robotic Arm,0.43,35.17,2.38,12.3,154.5,idle,531.45,13.2,44.23,0,none,0.0
2075-02-23,M16,Robotic Arm,0.46,35.59,2.31,16.5,157.2,idle,531.86,12.2,43.81,0,none,0.0
2075-02-24,M16,Robotic Arm,1.05,40.43,5.76,40.5,362.9,normal,532.18,15.8,43.5,0,none,0.0
2075-02-25,M16,Robotic Arm,1.25,42.4,5.31,45.2,349.0,normal,532.68,11.8,43.0,0,none,0.0
2075-02-26,M16,Robotic Arm,1.22,42.65,5.85,53.7,346.4,normal,533.03,11.9,42.65,0,none,0.0
2075-02-27,M16,Robotic Arm,1.21,46.96,5.78,53.7,358.2,normal,533.51,9.6,42.16,0,none,0.0
2075-02-28,M16,Robotic Arm,0.43,34.92,2.41,53.7,152.5,idle,533.78,14.7,41.9,0,none,0.0
2075-03-01,M16,Robotic Arm,0.42,29.5,2.32,17.6,154.8,idle,534.08,12.2,41.6,0,none,0.0
2075-03-02,M16,Robotic Arm,1.34,44.37,6.03,34.9,340.1,normal,534.3,17.1,41.38,0,none,0.0
2075-03-03,M16,Robotic Arm,0.47,33.98,2.45,19.5,340.1,idle,534.61,11.7,41.06,0,none,0.0
2075-03-04,M16,Robotic Arm,0.44,32.49,2.35,24.0,145.2,idle,534.88,11.2,40.8,0,none,0.0
2075-03-05,M16,Robotic Arm,0.93,41.23,5.44,51.4,338.4,normal,535.15,12.8,40.53,0,none,0.0
2075-03-06,M16,Robotic Arm,0.48,30.82,2.6,10.9,143.3,idle,535.6,13.1,40.08,0,none,0.0
2075-03-07,M16,Robotic Arm,1.22,41.34,5.78,42.1,361.8,normal,535.86,15.3,39.81,0,none,0.0
2075-03-08,M16,Robotic Arm,1.49,43.16,5.46,47.3,337.1,normal,535.96,15.3,39.71,0,none,0.0
2075-03-09,M16,Robotic Arm,1.49,43.16,2.39,15.0,156.9,idle,536.11,10.2,39.56,0,none,0.0
2075-03-10,M16,Robotic Arm,0.39,35.24,2.52,23.8,144.4,idle,536.38,14.9,39.3,0,none,0.0
2075-03-11,M16,Robotic Arm,1.24,45.12,5.92,45.1,350.3,normal,536.8,13.0,38.88,0,none,0.0
2075-03-12,M16,Robotic Arm,1.22,49.24,5.46,33.9,336.5,normal,537.26,8.5,38.41,0,none,0.0
2075-03-13,M16,Robotic Arm,1.01,48.45,5.81,40.6,358.9,normal,537.73,17.4,37.95,0,none,0.0
2075-03-14,M16,Robotic Arm,1.13,45.48,5.62,42.8,354.3,normal,537.96,15.4,37.71,0,none,0.0
2075-03-15,M16,Robotic Arm,1.71,47.45,8.34,72.6,490.5,peak,538.03,17.9,37.65,0,none,0.0
2075-03-16,M16,Robotic Arm,1.09,46.05,5.37,49.0,342.5,normal,538.13,10.2,37.55,0,none,0.0
2075-03-17,M16,Robotic Arm,0.44,33.63,2.33,20.6,141.8,idle,538.43,14.8,37.25,0,none,0.0
2075-03-18,M16,Robotic Arm,1.18,39.0,5.62,27.7,343.2,normal,538.88,13.3,36.8,0,none,0.0
2075-03-19,M16,Robotic Arm,1.74,51.56,7.69,76.0,479.7,peak,539.0,15.8,36.68,0,none,0.0
2075-03-20,M16,Robotic Arm,0.43,32.91,2.52,76.0,146.3,idle,539.33,11.5,36.35,0,none,0.0
2075-03-21,M16,Robotic Arm,0.5,53.59,2.42,16.8,149.5,idle,539.81,12.0,35.86,0,none,0.0
2075-03-22,M16,Robotic Arm,1.34,39.31,6.03,41.8,335.8,normal,539.86,13.4,35.81,0,none,0.0
2075-03-23,M16,Robotic Arm,1.29,43.11,5.86,41.7,331.7,normal,540.25,14.0,35.43,0,none,0.0
2075-03-24,M16,Robotic Arm,0.45,31.73,2.32,21.1,145.0,idle,540.31,14.7,35.36,0,none,0.0
2075-03-25,M16,Robotic Arm,1.48,44.33,5.84,45.2,337.6,normal,540.35,9.9,35.33,0,none,0.0
2075-03-26,M16,Robotic Arm,1.06,46.84,5.9,50.0,353.8,normal,540.41,10.8,35.26,0,none,0.0
2075-03-27,M16,Robotic Arm,1.46,43.44,5.87,46.9,333.2,normal,540.6,13.6,35.08,0,none,0.0
2075-03-28,M16,Robotic Arm,0.4,34.11,2.4,14.9,143.1,idle,541.1,8.0,34.58,0,none,0.0
2075-03-29,M16,Robotic Arm,1.13,39.19,5.62,39.0,348.3,normal,541.6,15.4,34.08,0,none,0.0
2075-03-30,M16,Robotic Arm,0.48,36.35,2.62,11.1,143.3,idle,541.68,15.5,34.0,0,none,0.0
2075-03-31,M16,Robotic Arm,1.49,38.39,5.9,41.9,344.6,normal,542.03,11.2,33.65,0,none,0.0
2075-04-01,M16,Robotic Arm,1.59,46.45,5.66,53.8,329.9,normal,542.18,12.2,33.5,0,none,0.0
2075-04-02,M16,Robotic Arm,0.52,33.52,2.67,15.4,144.7,idle,542.6,17.7,33.08,0,none,0.0
2075-04-03,M16,Robotic Arm,1.95,50.1,8.4,73.5,483.1,peak,542.85,14.3,32.83,0,none,0.0
2075-04-04,M16,Robotic Arm,1.13,51.01,5.71,73.5,350.4,normal,543.28,12.6,32.4,0,none,0.0
2075-04-05,M16,Robotic Arm,1.41,48.93,5.37,45.6,337.9,normal,543.58,9.6,32.1,0,none,0.0
2075-04-06,M16,Robotic Arm,1.59,42.87,5.81,29.9,352.1,normal,543.63,15.1,32.05,0,none,0.0
2075-04-07,M16,Robotic Arm,1.06,49.81,5.98,29.9,350.4,normal,543.71,16.5,31.96,0,none,0.0
2075-04-08,M16,Robotic Arm,1.51,48.12,5.92,34.9,340.9,normal,543.76,16.7,31.91,0,none,0.0
2075-04-09,M16,Robotic Arm,1.36,51.01,5.69,39.2,339.8,normal,544.03,9.1,31.65,0,none,0.0
2075-04-10,M16,Robotic Arm,0.47,33.8,2.34,21.0,146.5,idle,544.23,13.7,31.45,0,none,0.0
2075-04-11,M16,Robotic Arm,0.45,36.05,2.32,12.9,148.2,idle,544.63,12.8,31.05,0,none,0.0
2075-04-12,M16,Robotic Arm,0.44,38.31,2.53,16.9,151.8,idle,544.93,13.5,30.75,0,none,0.0
2075-04-13,M16,Robotic Arm,1.2,48.09,5.91,30.2,330.5,normal,544.96,8.8,30.71,0,none,0.0
2075-04-14,M16,Robotic Arm,1.4,47.36,5.49,35.3,329.0,normal,545.28,12.0,30.4,0,none,0.0
2075-04-15,M16,Robotic Arm,1.82,53.35,7.98,70.7,483.7,peak,545.41,11.8,30.26,0,none,0.0
2075-04-16,M16,Robotic Arm,1.28,49.76,5.87,29.6,338.3,normal,545.78,10.4,29.9,0,none,0.0
2075-04-17,M16,Robotic Arm,0.45,33.64,2.39,12.4,141.3,idle,546.06,10.6,29.61,0,none,0.0
2075-04-18,M16,Robotic Arm,0.45,36.79,2.63,12.4,140.6,idle,546.31,11.5,29.36,0,none,0.0
2075-04-19,M16,Robotic Arm,0.53,33.4,2.41,13.6,151.8,idle,546.38,9.8,29.3,0,none,0.0
2075-04-20,M16,Robotic Arm,4.41,56.48,2.41,66.1,151.8,peak,546.51,11.4,29.16,0,none,0.0
2075-04-21,M16,Robotic Arm,0.5,32.78,2.41,17.6,141.0,idle,546.76,15.6,28.91,0,none,0.0
2075-04-22,M16,Robotic Arm,1.44,48.03,5.52,37.3,334.7,normal,546.83,12.1,28.85,0,none,0.0
2075-04-23,M16,Robotic Arm,1.28,51.98,5.57,39.5,333.9,normal,547.23,10.0,28.45,0,none,0.0
2075-04-24,M16,Robotic Arm,1.28,40.72,5.93,32.7,352.4,normal,547.63,12.0,28.05,0,none,0.0
2075-04-25,M16,Robotic Arm,1.99,52.16,8.68,51.0,477.5,peak,547.9,10.6,27.78,0,none,0.0
2075-04-26,M16,Robotic Arm,0.5,37.22,2.34,13.5,150.5,idle,548.4,16.5,27.28,0,none,0.0
2075-04-27,M16,Robotic Arm,0.46,35.72,2.45,18.7,147.0,idle,548.73,11.7,26.95,0,none,0.0
2075-04-28,M16,Robotic Arm,0.46,37.66,2.64,17.6,139.8,idle,549.0,11.9,26.68,0,none,0.0
2075-04-29,M16,Robotic Arm,0.47,35.03,2.39,18.7,143.1,idle,549.25,14.3,26.43,0,none,0.0
2075-04-30,M16,Robotic Arm,0.43,37.11,2.48,17.1,151.8,idle,549.53,9.0,26.15,0,none,0.0
2075-05-01,M16,Robotic Arm,0.52,33.11,2.68,13.1,141.8,idle,549.7,16.0,25.98,0,none,0.0
2075-05-02,M16,Robotic Arm,0.43,33.11,2.71,13.1,144.2,idle,550.18,17.4,25.5,0,none,0.0
2075-05-03,M16,Robotic Arm,0.46,33.11,2.67,12.3,142.4,idle,550.51,16.2,25.16,0,none,0.0
2075-05-04,M16,Robotic Arm,0.46,34.36,2.36,14.6,138.7,idle,550.55,14.7,25.13,0,none,0.0
2075-05-05,M16,Robotic Arm,0.52,33.8,2.42,16.3,143.5,idle,550.76,8.8,24.91,0,none,0.0
2075-05-06,M16,Robotic Arm,0.52,46.17,6.21,35.1,324.4,normal,550.81,11.8,24.86,0,none,0.0
2075-05-07,M16,Robotic Arm,0.48,35.66,2.42,18.0,140.8,idle,550.91,10.6,24.76,0,none,0.0
2075-05-08,M16,Robotic Arm,0.56,36.6,2.53,13.0,146.7,idle,551.13,17.0,24.55,0,none,0.0
2075-05-09,M16,Robotic Arm,0.49,37.76,2.35,15.2,145.9,idle,551.4,8.3,24.28,0,none,0.0
2075-05-10,M16,Robotic Arm,0.53,37.69,2.48,16.3,139.5,idle,551.73,9.7,23.95,1,hydraulic,2647.0
2075-05-11,M16,Robotic Arm,0.49,37.75,2.44,19.8,140.1,idle,552.16,13.2,23.51,1,hydraulic,1605.0
2075-05-12,M16,Robotic Arm,0.47,38.39,2.5,23.2,140.1,idle,552.58,9.0,23.1,1,hydraulic,1570.0
2075-05-13,M16,Robotic Arm,0.49,34.55,2.42,23.1,150.3,idle,552.8,14.1,22.88,1,hydraulic,2365.0
2075-05-14,M16,Robotic Arm,0.45,34.17,2.72,14.6,141.8,idle,552.95,15.3,22.73,1,hydraulic,2498.0
2075-05-15,M16,Robotic Arm,1.36,50.62,6.07,39.3,346.3,normal,553.41,11.9,22.26,1,hydraulic,2401.0
2075-05-16,M16,Robotic Arm,1.29,43.13,5.83,37.8,336.1,normal,553.51,12.3,22.16,1,hydraulic,1990.0
2075-05-17,M16,Robotic Arm,1.33,42.12,6.22,42.5,341.7,normal,553.6,16.6,22.08,1,hydraulic,2700.0
2075-05-18,M16,Robotic Arm,0.53,33.77,2.5,19.6,148.7,idle,553.93,9.4,21.75,1,hydraulic,2367.0
2075-05-19,M16,Robotic Arm,1.52,41.3,5.86,50.1,326.2,normal,553.96,12.3,21.71,1,hydraulic,3679.0
2075-05-20,M16,Robotic Arm,0.48,39.37,2.58,21.5,147.3,idle,554.05,17.1,21.63,1,hydraulic,2196.0
2075-05-21,M16,Robotic Arm,0.57,40.02,2.36,16.7,141.4,idle,554.21,12.1,21.46,1,hydraulic,3521.0
2075-05-22,M16,Robotic Arm,0.52,34.21,2.71,19.5,138.6,idle,554.48,14.8,21.2,1,hydraulic,1532.0
2075-05-23,M16,Robotic Arm,0.49,34.64,2.52,19.0,145.9,idle,554.76,8.9,20.91,1,hydraulic,2111.0
2075-05-24,M16,Robotic Arm,0.53,34.19,2.71,14.0,149.5,idle,554.91,17.8,20.76,1,hydraulic,2003.0
2075-05-25,M16,Robotic Arm,0.51,37.41,2.58,11.8,148.5,idle,555.06,11.6,20.61,1,hydraulic,3029.0
2075-05-26,M16,Robotic Arm,0.58,35.72,2.33,19.8,145.1,idle,555.21,9.7,20.46,1,hydraulic,3385.0
2075-05-27,M16,Robotic Arm,0.46,38.53,2.46,18.0,147.6,idle,555.63,11.1,20.05,1,hydraulic,1590.0
2075-05-28,M16,Robotic Arm,0.47,40.59,2.43,23.4,145.5,idle,556.06,17.3,19.61,1,hydraulic,1614.0
2075-05-29,M16,Robotic Arm,1.48,53.1,6.02,45.1,343.0,normal,556.4,10.7,19.28,1,hydraulic,3533.0
2075-05-30,M16,Robotic Arm,0.55,53.1,2.37,11.9,143.8,idle,556.46,12.3,19.21,1,hydraulic,3998.0
2075-05-31,M16,Robotic Arm,1.34,43.76,6.33,36.2,331.5,normal,556.78,13.4,18.9,1,hydraulic,2669.0
2075-06-01,M16,Robotic Arm,1.74,41.88,5.6,36.0,338.6,normal,557.01,16.1,18.66,1,hydraulic,2297.0
2075-06-02,M16,Robotic Arm,1.66,51.99,5.56,37.4,329.1,normal,557.25,12.9,18.43,1,hydraulic,3266.0
2075-06-03,M16,Robotic Arm,1.71,46.3,6.17,52.6,328.3,normal,557.73,14.4,17.95,1,hydraulic,3298.0
2075-06-04,M16,Robotic Arm,1.46,48.36,6.12,37.0,324.3,normal,558.23,17.7,17.45,1,hydraulic,2069.0
2075-06-05,M16,Robotic Arm,1.46,51.6,5.65,33.9,325.3,normal,558.33,16.6,17.35,1,hydraulic,3778.0
2075-06-06,M16,Robotic Arm,1.24,49.85,5.59,32.9,341.2,normal,558.75,13.1,16.93,1,hydraulic,2894.0
2075-06-07,M16,Robotic Arm,1.39,47.88,5.59,35.3,343.4,normal,558.91,11.4,16.76,1,hydraulic,3635.0
2075-06-08,M16,Robotic Arm,1.66,43.2,5.84,34.5,334.1,normal,559.35,16.1,16.33,1,hydraulic,2922.0
2075-06-09,M16,Robotic Arm,1.67,54.35,5.97,38.6,320.3,normal,559.7,10.6,15.98,1,hydraulic,1869.0
2075-06-10,M16,Robotic Arm,1.26,44.74,5.59,36.2,343.8,normal,559.96,10.1,15.71,1,hydraulic,1514.0
2075-06-11,M16,Robotic Arm,1.62,47.44,5.98,45.0,319.7,normal,560.18,11.0,15.5,1,hydraulic,3083.0
2075-06-12,M16,Robotic Arm,1.33,45.83,5.66,37.3,342.5,normal,560.58,15.6,15.1,1,hydraulic,3871.0
2075-06-13,M16,Robotic Arm,1.33,52.79,5.81,52.9,319.1,normal,560.73,10.7,14.95,1,hydraulic,3702.0
2075-06-14,M16,Robotic Arm,1.33,44.04,5.7,36.5,326.4,normal,561.16,15.3,14.51,1,hydraulic,3905.0
2075-06-15,M16,Robotic Arm,1.3,44.25,6.14,46.5,343.5,normal,561.38,8.1,14.3,1,hydraulic,3972.0
2075-06-16,M16,Robotic Arm,1.61,48.04,5.76,33.0,340.5,normal,561.65,17.2,14.03,1,hydraulic,2058.0
2075-06-17,M16,Robotic Arm,1.74,52.51,5.85,37.1,337.5,normal,562.05,9.2,13.63,1,hydraulic,3345.0
2075-06-18,M16,Robotic Arm,2.32,57.61,8.63,53.3,473.1,peak,562.08,12.2,13.6,1,hydraulic,1502.0
2075-06-19,M16,Robotic Arm,0.53,40.32,2.44,14.2,139.6,idle,562.16,17.4,13.51,1,hydraulic,2731.0
2075-06-20,M16,Robotic Arm,0.59,38.84,2.63,18.8,141.4,idle,562.3,12.5,13.38,1,hydraulic,2561.0
2075-06-21,M16,Robotic Arm,0.59,41.31,2.67,16.3,138.0,idle,562.65,13.5,13.03,1,hydraulic,2654.0
2075-06-22,M16,Robotic Arm,1.45,49.65,5.58,45.1,324.6,normal,562.95,17.7,12.73,1,hydraulic,2927.0
2075-06-23,M16,Robotic Arm,2.38,56.32,8.76,69.5,455.3,peak,563.06,16.7,12.61,1,hydraulic,2473.0
2075-06-24,M16,Robotic Arm,1.62,52.15,6.25,32.9,335.2,normal,563.1,12.2,12.58,1,hydraulic,1710.0
2075-06-25,M16,Robotic Arm,2.18,51.1,8.18,60.4,458.3,peak,563.58,16.6,12.1,1,hydraulic,1587.0
2075-06-26,M16,Robotic Arm,2.18,47.66,5.95,60.4,315.9,normal,564.0,13.0,11.68,1,hydraulic,3554.0
2075-06-27,M16,Robotic Arm,0.61,38.24,2.64,11.4,144.5,idle,564.3,9.7,11.38,1,hydraulic,2029.0
2075-06-28,M16,Robotic Arm,1.52,38.24,6.43,50.8,144.5,normal,564.51,9.2,11.16,1,hydraulic,3930.0
2075-06-29,M16,Robotic Arm,0.58,40.99,2.38,17.9,137.0,idle,564.68,10.0,11.0,1,hydraulic,2561.0
2075-06-30,M16,Robotic Arm,1.87,51.27,6.05,52.2,332.3,normal,564.96,10.1,10.71,1,hydraulic,3506.0
2075-07-01,M16,Robotic Arm,0.59,41.88,2.58,20.0,146.0,idle,565.45,9.3,10.23,1,hydraulic,3876.0
2075-07-02,M16,Robotic Arm,1.8,43.13,6.17,33.4,332.1,normal,565.48,8.9,10.2,1,hydraulic,2187.0
2075-07-03,M16,Robotic Arm,1.6,45.19,6.43,52.2,315.9,normal,565.6,13.6,10.08,1,hydraulic,2979.0
2075-07-04,M16,Robotic Arm,1.9,49.72,5.76,42.0,339.5,normal,566.06,17.8,9.61,1,hydraulic,3599.0
2075-07-05,M16,Robotic Arm,1.53,48.56,6.04,48.0,322.5,normal,566.56,11.3,9.11,1,hydraulic,2526.0
2075-07-06,M16,Robotic Arm,1.52,52.83,6.02,37.9,338.9,normal,566.7,15.9,8.98,1,hydraulic,2199.0
2075-07-07,M16,Robotic Arm,1.94,48.98,5.83,44.1,334.8,normal,566.88,8.0,8.8,1,hydraulic,3439.0
2075-07-08,M16,Robotic Arm,1.26,43.77,6.22,54.8,318.3,normal,567.25,10.3,8.43,1,hydraulic,1926.0
2075-07-09,M16,Robotic Arm,1.25,54.94,5.93,53.8,334.8,normal,567.53,11.5,8.15,1,hydraulic,3720.0
2075-07-10,M16,Robotic Arm,1.4,51.16,6.49,45.6,322.6,normal,567.73,11.8,7.95,1,hydraulic,3802.0
2075-07-11,M16,Robotic Arm,1.81,43.72,5.82,36.2,318.5,normal,568.18,16.2,7.5,1,hydraulic,1704.0
2075-07-12,M16,Robotic Arm,1.81,47.31,5.79,31.7,314.5,normal,568.5,17.5,7.18,1,hydraulic,2265.0
2075-07-13,M16,Robotic Arm,1.87,53.67,5.91,54.0,334.5,normal,568.6,13.1,7.08,1,hydraulic,1686.0
2075-07-14,M16,Robotic Arm,2.54,51.71,8.92,63.7,439.8,peak,568.63,13.8,7.05,1,hydraulic,2686.0
2075-07-15,M16,Robotic Arm,1.27,51.09,5.97,45.8,323.8,normal,568.96,9.1,6.71,1,hydraulic,1950.0
2075-07-16,M16,Robotic Arm,2.36,60.89,8.87,50.2,323.8,peak,569.18,17.0,6.5,1,hydraulic,2711.0
2075-07-17,M16,Robotic Arm,2.16,61.56,8.45,48.5,464.8,peak,569.65,15.2,6.03,1,hydraulic,2015.0
2075-07-18,M16,Robotic Arm,1.28,47.24,6.04,46.6,314.3,normal,570.05,14.7,5.63,1,hydraulic,1587.0
2075-07-19,M16,Robotic Arm,1.26,50.04,5.98,42.7,317.1,normal,570.48,11.2,5.2,1,hydraulic,3573.0
2075-07-20,M16,Robotic Arm,1.64,44.23,5.75,47.7,322.7,normal,570.65,10.0,5.03,1,hydraulic,2054.0
2075-07-21,M16,Robotic Arm,2.48,54.83,8.91,47.7,464.9,peak,570.98,14.9,4.7,1,hydraulic,3246.0
2075-07-22,M16,Robotic Arm,1.61,51.14,6.05,50.6,313.7,normal,571.35,11.4,4.33,1,hydraulic,2254.0
2075-07-23,M16,Robotic Arm,0.57,37.88,2.47,19.8,140.3,idle,571.8,16.2,3.88,1,hydraulic,2891.0
2075-07-24,M16,Robotic Arm,0.53,43.25,2.78,18.8,138.3,idle,572.18,16.9,3.5,1,hydraulic,2827.0
2075-07-25,M16,Robotic Arm,0.63,42.71,2.57,14.0,140.5,idle,572.63,15.9,3.05,1,hydraulic,3534.0
2075-07-26,M16,Robotic Arm,0.57,42.21,2.46,19.1,142.1,idle,572.68,17.8,3.0,1,hydraulic,1841.0
2075-07-27,M16,Robotic Arm,0.65,40.65,2.65,11.5,133.3,idle,573.1,15.4,2.58,1,hydraulic,3001.0
2075-07-28,M16,Robotic Arm,0.55,43.4,2.65,20.2,143.0,idle,573.23,16.1,2.45,1,hydraulic,2108.0
2075-07-29,M16,Robotic Arm,0.53,41.67,2.76,12.1,132.9,idle,573.31,12.7,2.36,1,hydraulic,1545.0
2075-07-30,M16,Robotic Arm,0.52,44.14,2.72,12.9,140.3,idle,573.51,8.9,2.16,1,hydraulic,3725.0
2075-07-31,M16,Robotic Arm,1.51,46.05,6.57,47.4,328.9,normal,573.88,12.2,1.8,1,hydraulic,1951.0
2075-08-01,M16,Robotic Arm,0.65,41.42,2.84,15.1,143.9,idle,574.26,14.7,1.41,1,hydraulic,1731.0
2075-08-02,M16,Robotic Arm,0.54,41.09,2.79,13.6,138.8,idle,574.5,11.4,1.18,1,hydraulic,1974.0
2075-08-03,M16,Robotic Arm,0.55,44.66,2.79,22.1,143.8,idle,574.58,15.0,1.1,1,hydraulic,2884.0
2075-08-04,M16,Robotic Arm,0.57,42.95,2.45,14.2,137.3,idle,574.93,15.1,0.75,1,hydraulic,2105.0
2075-08-05,M16,Robotic Arm,0.54,44.19,2.72,15.7,137.8,idle,575.35,11.3,0.5,1,hydraulic,1981.0
2075-08-06,M16,Robotic Arm,0.57,42.96,2.69,14.1,133.8,idle,575.63,11.9,0.5,1,hydraulic,2751.0
2075-08-07,M16,Robotic Arm,1.24,43.78,5.45,14.1,354.0,normal,0.0,10.6,76.69,0,none,0.0
2075-08-08,M16,Robotic Arm,0.36,32.35,2.31,16.8,146.1,idle,0.43,15.0,76.26,0,none,0.0
2075-08-09,M16,Robotic Arm,1.19,45.91,5.66,44.0,360.2,normal,0.77,16.9,75.92,0,none,0.0
2075-08-10,M16,Robotic Arm,0.96,35.89,5.66,46.5,356.3,normal,1.23,17.0,75.46,0,none,0.0
2075-08-11,M16,Robotic Arm,0.96,35.89,5.66,46.5,352.7,normal,1.38,9.8,75.31,0,none,0.0
2075-08-12,M16,Robotic Arm,0.88,45.62,5.65,41.2,353.6,normal,1.85,9.6,74.84,0,none,0.0
2075-08-13,M16,Robotic Arm,0.44,45.62,5.65,41.2,353.6,idle,2.07,17.7,74.62,0,none,0.0
2075-08-14,M16,Robotic Arm,0.44,30.19,2.42,14.2,157.7,idle,2.4,11.1,74.29,0,none,0.0
2075-08-15,M16,Robotic Arm,0.96,36.49,5.59,45.5,346.3,normal,2.78,14.3,73.91,0,none,0.0
2075-08-16,M16,Robotic Arm,0.98,39.1,5.85,45.5,348.1,normal,3.08,13.8,73.61,0,none,0.0
2075-08-17,M16,Robotic Arm,0.38,34.35,2.45,15.3,147.1,idle,3.38,11.3,73.31,0,none,0.0
2075-08-18,M16,Robotic Arm,0.89,38.2,5.78,41.7,368.9,normal,3.58,12.5,73.11,0,none,0.0
2075-08-19,M16,Robotic Arm,1.03,36.95,5.34,42.9,368.1,normal,3.67,16.7,73.02,0,none,0.0
2075-08-20,M16,Robotic Arm,1.35,37.38,5.8,45.5,345.0,normal,3.9,17.0,72.79,0,none,0.0
2075-08-21,M16,Robotic Arm,0.38,28.53,2.23,16.6,152.3,idle,3.95,17.0,72.74,0,none,0.0
2075-08-22,M16,Robotic Arm,0.38,47.56,5.59,45.9,359.1,normal,4.12,15.1,72.57,0,none,0.0
2075-08-23,M16,Robotic Arm,1.69,45.94,8.39,45.9,518.1,peak,4.43,10.0,72.26,0,none,0.0
2075-08-24,M16,Robotic Arm,0.87,36.49,5.78,44.1,361.5,normal,4.62,8.5,72.07,0,none,0.0
2075-08-25,M16,Robotic Arm,1.2,41.85,5.22,46.1,355.3,normal,4.67,8.7,72.02,0,none,0.0
2075-08-26,M16,Robotic Arm,0.91,37.5,5.73,38.8,366.1,normal,4.7,11.3,71.99,0,none,0.0
2075-08-27,M16,Robotic Arm,1.28,38.98,5.91,46.9,365.1,normal,5.05,14.0,71.64,0,none,0.0
2075-08-28,M16,Robotic Arm,1.02,43.53,5.56,43.4,352.3,normal,5.45,17.3,71.24,0,none,0.0
2075-08-29,M16,Robotic Arm,0.85,35.13,5.82,47.5,346.9,normal,5.95,12.0,70.74,0,none,0.0
2075-08-30,M16,Robotic Arm,1.66,45.98,7.98,56.2,509.0,peak,6.28,9.7,70.41,0,none,0.0
2075-08-31,M16,Robotic Arm,1.13,39.01,5.73,43.1,352.1,normal,6.73,8.2,69.96,0,none,0.0
2075-09-01,M16,Robotic Arm,0.4,34.68,2.23,19.5,146.9,idle,7.2,15.1,69.49,0,none,0.0
2075-09-02,M16,Robotic Arm,0.96,47.73,5.85,41.5,352.1,normal,7.47,11.4,69.22,0,none,0.0
2075-09-03,M16,Robotic Arm,1.01,37.93,5.25,38.3,355.1,normal,7.93,8.3,68.76,0,none,0.0
2075-09-04,M16,Robotic Arm,1.14,44.9,5.28,43.1,367.7,normal,8.18,13.2,68.51,0,none,0.0
2075-09-05,M16,Robotic Arm,1.32,41.95,5.31,39.6,354.3,normal,8.23,9.1,68.46,0,none,0.0
2075-09-06,M16,Robotic Arm,1.19,47.72,5.87,42.1,350.5,normal,8.57,14.2,68.12,0,none,0.0
2075-09-07,M16,Robotic Arm,0.86,35.1,5.58,38.7,344.7,normal,8.78,16.0,67.91,0,none,0.0
2075-09-08,M16,Robotic Arm,1.39,44.32,5.56,46.6,345.3,normal,8.98,16.3,67.71,0,none,0.0
2075-09-09,M16,Robotic Arm,1.06,38.83,6.0,47.0,355.8,normal,9.02,11.3,67.67,0,none,0.0
2075-09-10,M16,Robotic Arm,1.08,47.98,5.37,42.1,361.4,normal,9.43,13.8,67.26,0,none,0.0
2075-09-11,M16,Robotic Arm,0.42,32.02,2.58,15.5,153.5,idle,9.65,15.1,67.04,0,none,0.0
2075-09-12,M16,Robotic Arm,1.3,38.02,5.9,44.4,351.4,normal,9.78,8.9,66.91,0,none,0.0
2075-09-13,M16,Robotic Arm,0.41,34.5,2.6,44.4,158.6,idle,10.0,15.3,66.69,0,none,0.0
2075-09-14,M16,Robotic Arm,0.35,28.05,2.44,16.9,152.0,idle,10.23,11.3,66.46,0,none,0.0
2075-09-15,M16,Robotic Arm,0.98,42.77,5.21,42.3,351.0,normal,10.73,10.5,65.96,0,none,0.0
2075-09-16,M16,Robotic Arm,1.56,48.64,8.19,63.1,498.5,peak,11.0,9.1,65.69,0,none,0.0
2075-09-17,M16,Robotic Arm,0.37,29.47,8.19,16.3,149.8,idle,11.1,12.1,65.59,0,none,0.0
2075-09-18,M16,Robotic Arm,1.14,42.23,5.39,41.8,361.2,normal,11.42,9.2,65.27,0,none,0.0
2075-09-19,M16,Robotic Arm,1.06,40.77,5.71,39.9,366.0,normal,11.7,16.0,64.99,0,none,0.0
2075-09-20,M16,Robotic Arm,1.04,43.94,5.44,44.5,348.3,normal,12.12,11.8,64.57,0,none,0.0
2075-09-21,M16,Robotic Arm,1.26,36.36,5.45,43.7,359.0,normal,12.52,10.4,64.17,0,none,0.0
2075-09-22,M16,Robotic Arm,0.93,39.15,5.28,46.3,369.5,normal,12.57,12.6,64.12,0,none,0.0
2075-09-23,M16,Robotic Arm,0.38,31.38,2.4,15.0,155.0,idle,12.93,8.2,63.76,0,none,0.0
2075-09-24,M16,Robotic Arm,0.4,31.6,2.22,14.5,155.0,idle,13.3,9.2,63.39,0,none,0.0
2075-09-25,M16,Robotic Arm,1.37,35.24,5.63,38.6,363.8,normal,13.72,10.5,62.97,0,none,0.0
2075-09-26,M16,Robotic Arm,0.88,42.14,5.7,39.0,357.8,normal,14.12,11.4,62.57,0,none,0.0
2075-09-27,M16,Robotic Arm,1.37,36.27,5.75,40.7,348.2,normal,14.42,8.8,62.27,0,none,0.0
2075-09-28,M16,Robotic Arm,0.4,34.49,2.29,20.0,146.4,idle,14.83,14.2,61.86,0,none,0.0
2075-09-29,M16,Robotic Arm,0.44,28.12,2.29,19.9,149.0,idle,14.92,12.4,61.77,0,none,0.0
2075-09-30,M16,Robotic Arm,0.35,34.2,2.57,18.5,159.1,idle,15.17,11.6,61.52,0,none,0.0
2075-10-01,M16,Robotic Arm,0.38,32.52,2.5,19.8,158.5,idle,15.25,12.5,61.44,0,none,0.0
2075-10-02,M16,Robotic Arm,0.88,39.41,5.69,46.5,348.4,normal,15.55,11.1,61.14,0,none,0.0
2075-10-03,M16,Robotic Arm,0.35,29.31,2.37,14.4,348.4,idle,15.72,12.3,60.97,0,none,0.0
2075-10-04,M16,Robotic Arm,1.03,32.54,2.48,17.2,151.5,idle,16.12,8.2,60.57,0,none,0.0
2075-10-05,M16,Robotic Arm,0.86,38.41,2.48,42.5,347.9,normal,16.28,17.4,60.41,0,none,0.0
2075-10-06,M16,Robotic Arm,0.98,35.22,5.86,46.8,351.0,normal,16.73,14.1,59.96,0,none,0.0
2075-10-07,M16,Robotic Arm,0.42,28.45,2.56,19.4,147.3,idle,17.23,13.0,59.46,0,none,0.0
2075-10-08,M16,Robotic Arm,0.43,31.31,2.47,16.9,146.2,idle,17.35,11.0,59.34,0,none,0.0
2075-10-09,M16,Robotic Arm,0.43,28.6,2.34,19.9,151.4,idle,17.57,16.0,59.12,0,none,0.0
2075-10-10,M16,Robotic Arm,0.43,29.18,2.53,16.8,152.7,idle,17.83,17.8,58.86,0,none,0.0
2075-10-11,M16,Robotic Arm,0.45,34.2,2.34,19.7,146.6,idle,18.05,11.9,58.64,0,none,0.0
2075-10-12,M16,Robotic Arm,0.35,31.73,2.51,15.3,146.2,idle,18.22,17.0,58.47,0,none,0.0
2075-10-13,M16,Robotic Arm,0.35,47.82,5.76,47.8,365.0,normal,18.25,8.7,58.44,0,none,0.0
2075-10-14,M16,Robotic Arm,0.38,28.77,2.52,18.0,157.2,idle,18.72,10.6,57.97,0,none,0.0
2075-10-15,M16,Robotic Arm,1.25,41.57,5.95,45.5,340.3,normal,19.12,17.6,57.57,0,none,0.0
2075-10-16,M16,Robotic Arm,0.42,31.81,2.26,16.6,152.9,idle,19.32,14.4,57.37,0,none,0.0
2075-10-17,M16,Robotic Arm,1.11,40.65,5.7,44.6,360.9,normal,19.5,12.2,57.19,0,none,0.0
2075-10-18,M16,Robotic Arm,0.43,33.83,2.43,14.4,150.5,idle,19.87,11.7,56.82,0,none,0.0
2075-10-19,M16,Robotic Arm,0.35,32.17,2.59,19.0,152.3,idle,20.33,11.5,56.36,0,none,0.0
2075-10-20,M16,Robotic Arm,1.24,44.64,5.68,46.9,349.7,normal,20.65,14.2,56.04,0,none,0.0
2075-10-21,M16,Robotic Arm,1.04,28.45,2.26,19.6,153.2,idle,21.12,16.1,55.57,0,none,0.0
2075-10-22,M16,Robotic Arm,0.43,34.09,2.57,14.5,155.5,idle,21.25,17.8,55.44,0,none,0.0
2075-10-23,M16,Robotic Arm,1.2,34.09,5.32,45.7,349.5,normal,21.7,8.5,54.99,0,none,0.0
2075-10-24,M16,Robotic Arm,0.37,32.95,2.29,17.0,149.8,idle,22.2,15.4,54.49,0,none,0.0
2075-10-25,M16,Robotic Arm,0.43,34.68,2.53,16.4,147.4,idle,22.48,9.5,54.21,0,none,0.0
2075-10-26,M16,Robotic Arm,1.23,46.75,5.52,38.4,343.7,normal,22.65,9.8,54.04,0,none,0.0
2075-10-27,M16,Robotic Arm,1.06,41.49,5.43,42.9,368.8,normal,23.12,16.4,53.57,0,none,0.0
2075-10-28,M16,Robotic Arm,0.89,45.45,5.56,44.5,369.1,normal,23.55,13.9,53.14,0,none,0.0
2075-10-29,M16,Robotic Arm,1.1,36.25,5.86,44.5,367.2,normal,23.83,17.2,52.86,0,none,0.0
2075-10-30,M16,Robotic Arm,0.36,29.6,2.59,19.3,148.3,idle,24.05,8.7,52.64,0,none,0.0
2075-10-31,M16,Robotic Arm,1.28,36.12,5.33,39.8,341.3,normal,24.15,15.6,52.54,0,none,0.0
2075-11-01,M16,Robotic Arm,1.12,40.08,5.67,44.9,357.9,normal,24.6,13.5,52.09,0,none,0.0
2075-11-02,M16,Robotic Arm,1.0,36.07,5.79,41.1,347.4,normal,24.85,8.4,51.84,0,none,0.0
2075-11-03,M16,Robotic Arm,1.23,40.74,5.36,45.7,364.2,normal,25.3,15.3,51.39,0,none,0.0
2075-11-04,M16,Robotic Arm,0.45,31.28,2.21,17.1,145.3,idle,25.35,13.7,51.34,0,none,0.0
2075-11-05,M16,Robotic Arm,1.37,37.27,5.94,47.5,363.3,normal,25.45,15.6,51.24,0,none,0.0
2075-11-06,M16,Robotic Arm,0.9,42.26,5.48,46.2,349.1,normal,25.7,10.1,50.99,0,none,0.0
2075-11-07,M16,Robotic Arm,1.1,42.46,5.23,44.1,350.3,normal,26.05,11.6,50.64,0,none,0.0
2075-11-08,M16,Robotic Arm,1.14,36.62,5.47,43.8,357.1,normal,26.55,8.8,50.14,0,none,0.0
2075-11-09,M16,Robotic Arm,1.55,47.39,8.02,55.8,504.0,peak,26.92,9.7,49.77,0,none,0.0
2075-11-10,M16,Robotic Arm,0.98,46.96,5.41,45.9,357.5,normal,27.17,13.0,49.52,0,none,0.0
2075-11-11,M16,Robotic Arm,0.42,46.96,2.54,14.8,159.0,idle,27.63,9.3,49.06,0,none,0.0
2075-11-12,M16,Robotic Arm,0.93,39.11,5.62,47.3,358.8,normal,27.88,11.4,48.81,0,none,0.0
2075-11-13,M16,Robotic Arm,1.33,47.24,5.8,42.8,351.6,normal,28.33,9.4,48.36,0,none,0.0
2075-11-14,M16,Robotic Arm,1.58,48.59,7.55,57.3,494.3,peak,28.6,16.8,48.09,0,none,0.0
2075-11-15,M16,Robotic Arm,0.44,30.63,2.3,18.7,159.2,idle,28.67,17.9,48.02,0,none,0.0
2075-11-16,M16,Robotic Arm,1.28,36.64,5.46,44.0,345.9,normal,29.13,10.1,47.56,0,none,0.0
2075-11-17,M16,Robotic Arm,0.41,29.65,2.42,18.2,156.8,idle,29.5,9.3,47.19,0,none,0.0
2075-11-18,M16,Robotic Arm,1.74,52.07,7.64,64.9,510.9,peak,29.87,8.5,46.82,0,none,0.0
2075-11-19,M16,Robotic Arm,0.36,32.88,2.39,16.6,155.2,idle,30.07,14.8,46.62,0,none,0.0
2075-11-20,M16,Robotic Arm,0.94,47.99,5.64,44.0,352.8,normal,30.12,18.0,46.57,0,none,0.0
2075-11-21,M16,Robotic Arm,1.18,43.63,5.64,42.6,347.7,normal,30.53,15.3,46.16,0,none,0.0
2075-11-22,M16,Robotic Arm,0.43,33.16,2.52,18.2,145.3,idle,30.57,8.9,46.12,0,none,0.0
2075-11-23,M16,Robotic Arm,1.56,47.05,7.73,60.3,515.9,peak,31.0,16.0,45.69,0,none,0.0
2075-11-24,M16,Robotic Arm,1.26,38.47,5.52,38.5,340.2,normal,31.15,15.6,45.54,0,none,0.0
2075-11-25,M16,Robotic Arm,1.08,44.46,5.89,42.3,345.4,normal,31.35,15.0,45.34,0,none,0.0
2075-11-26,M16,Robotic Arm,0.99,40.79,5.72,43.4,365.2,normal,31.5,12.1,45.19,0,none,0.0
2075-11-27,M16,Robotic Arm,1.51,54.9,8.43,56.5,481.9,peak,31.97,13.6,44.72,0,none,0.0
2075-11-28,M16,Robotic Arm,1.19,44.38,5.58,40.8,359.2,normal,32.23,14.9,44.46,0,none,0.0
2075-11-29,M16,Robotic Arm,1.2,36.93,5.84,45.5,342.5,normal,32.67,13.4,44.02,0,none,0.0
2075-11-30,M16,Robotic Arm,1.1,40.11,5.57,42.6,355.7,normal,33.15,11.8,43.54,0,none,0.0
2075-12-01,M16,Robotic Arm,1.0,41.11,5.28,39.8,342.6,normal,33.48,11.4,43.21,0,none,0.0
2075-12-02,M16,Robotic Arm,0.37,28.03,2.22,18.8,148.0,idle,33.95,17.3,42.74,0,none,0.0
2075-12-03,M16,Robotic Arm,1.14,39.81,5.46,46.6,354.6,normal,34.2,17.5,42.49,0,none,0.0
2075-12-04,M16,Robotic Arm,0.4,31.21,2.31,18.1,145.7,idle,34.47,11.8,42.22,0,none,0.0
2075-12-05,M16,Robotic Arm,1.0,43.6,5.23,38.3,351.2,normal,34.6,10.1,42.09,0,none,0.0
2075-12-06,M16,Robotic Arm,1.0,43.6,5.8,38.3,351.2,normal,34.65,9.3,42.04,0,none,0.0
2075-12-07,M16,Robotic Arm,1.37,39.07,5.36,43.2,353.5,normal,34.73,17.8,41.96,0,none,0.0
2075-12-08,M16,Robotic Arm,0.37,29.59,2.47,15.9,159.8,idle,35.13,8.5,41.56,0,none,0.0
2075-12-09,M16,Robotic Arm,1.01,42.12,5.26,43.4,353.8,normal,35.17,9.6,41.52,0,none,0.0
2075-12-10,M16,Robotic Arm,0.38,31.01,2.27,18.9,158.8,idle,35.23,16.2,41.46,0,none,0.0
2075-12-11,M16,Robotic Arm,0.43,33.63,2.42,16.0,147.6,idle,35.73,11.4,40.96,0,none,0.0
2075-12-12,M16,Robotic Arm,1.75,42.56,7.68,59.0,487.8,peak,35.9,16.2,40.79,0,none,0.0
2075-12-13,M16,Robotic Arm,0.41,33.07,2.56,15.3,149.2,idle,35.97,17.5,40.72,0,none,0.0
2075-12-14,M16,Robotic Arm,1.24,37.82,5.51,45.5,351.3,normal,36.4,9.8,40.29,0,none,0.0
2075-12-15,M16,Robotic Arm,0.93,38.5,5.26,45.5,341.4,normal,36.72,17.6,39.97,0,none,0.0
2075-12-16,M16,Robotic Arm,1.17,47.35,5.89,38.7,361.4,normal,37.12,8.2,39.57,0,none,0.0
2075-12-17,M16,Robotic Arm,1.23,38.88,5.29,46.5,356.6,normal,37.48,13.8,39.21,0,none,0.0
2075-12-18,M16,Robotic Arm,1.23,40.95,5.38,40.6,356.0,normal,37.55,11.0,39.14,0,none,0.0
2075-12-19,M16,Robotic Arm,1.23,30.79,2.23,20.0,154.2,idle,37.95,14.3,38.74,0,none,0.0
2075-12-20,M16,Robotic Arm,0.93,36.69,5.59,38.2,352.4,normal,38.45,12.4,38.24,0,none,0.0
2075-12-21,M16,Robotic Arm,1.37,45.7,5.94,39.1,351.1,normal,38.68,15.6,38.01,0,none,0.0
2075-12-22,M16,Robotic Arm,0.41,33.04,2.36,15.9,149.6,idle,38.92,10.0,37.77,0,none,0.0
2075-12-23,M16,Robotic Arm,0.43,30.67,2.21,18.6,147.4,idle,39.18,9.0,37.51,0,none,0.0
2075-12-24,M16,Robotic Arm,0.41,28.21,2.35,16.7,159.6,idle,39.27,8.4,37.42,0,none,0.0
2075-12-25,M16,Robotic Arm,0.9,44.77,5.97,40.8,346.8,normal,39.45,14.9,37.24,0,none,0.0
2075-12-26,M16,Robotic Arm,0.45,31.43,2.53,18.8,149.9,idle,39.73,9.2,36.96,0,none,0.0
2075-12-27,M16,Robotic Arm,0.37,32.92,2.4,18.8,153.2,idle,40.0,11.4,36.69,0,none,0.0
2075-12-28,M16,Robotic Arm,0.35,28.04,2.33,15.9,155.8,idle,40.48,15.2,36.21,0,none,0.0
2075-12-29,M16,Robotic Arm,0.38,30.52,2.42,17.6,150.0,idle,40.6,8.1,36.09,0,none,0.0
2075-12-30,M16,Robotic Arm,0.41,32.32,2.3,15.4,158.4,idle,40.7,17.8,35.99,0,none,0.0
2075-12-31,M16,Robotic Arm,0.41,30.18,2.42,18.2,145.3,idle,40.8,17.6,35.89,0,none,0.0
2076-01-01,M16,Robotic Arm,0.41,30.18,2.42,18.2,145.8,idle,40.87,11.9,35.82,0,none,0.0
2076-01-02,M16,Robotic Arm,1.26,41.84,5.73,42.7,344.4,normal,41.02,14.6,35.67,0,none,0.0
2076-01-03,M16,Robotic Arm,0.38,31.24,2.57,14.4,146.6,idle,41.15,16.5,35.54,0,none,0.0
2076-01-04,M16,Robotic Arm,0.37,32.42,2.35,14.9,146.6,idle,41.55,8.8,35.14,0,none,0.0
2076-01-05,M16,Robotic Arm,0.42,31.24,2.55,16.4,154.8,idle,41.9,12.5,34.79,0,none,0.0
2076-01-06,M16,Robotic Arm,0.43,34.68,2.55,18.6,151.2,idle,42.32,8.7,34.37,0,none,0.0
2076-01-07,M16,Robotic Arm,0.45,29.85,2.46,14.8,154.1,idle,42.38,17.6,34.31,0,none,0.0
2076-01-08,M16,Robotic Arm,0.42,28.63,2.46,17.9,154.0,idle,42.73,15.5,33.96,0,none,0.0
2076-01-09,M16,Robotic Arm,0.42,28.87,2.41,19.6,159.3,idle,42.77,17.7,33.92,0,none,0.0
2076-01-10,M16,Robotic Arm,0.36,34.26,2.43,18.5,147.3,idle,43.15,15.3,33.54,0,none,0.0
2076-01-11,M16,Robotic Arm,0.42,28.5,2.45,18.0,155.0,idle,43.4,12.3,33.29,0,none,0.0
2076-01-12,M16,Robotic Arm,0.36,30.69,2.5,18.8,151.2,idle,43.57,14.3,33.12,0,none,0.0
2076-01-13,M16,Robotic Arm,0.37,31.5,2.46,19.5,155.2,idle,43.97,9.2,32.72,0,none,0.0
2076-01-14,M16,Robotic Arm,0.43,29.85,2.53,17.7,153.2,idle,44.4,17.2,32.29,0,none,0.0
2076-01-15,M16,Robotic Arm,0.38,29.43,2.42,19.4,148.5,idle,44.87,18.0,31.82,0,none,0.0
2076-01-16,M16,Robotic Arm,0.38,34.64,2.21,16.9,152.9,idle,44.93,8.4,31.76,0,none,0.0
2076-01-17,M16,Robotic Arm,0.42,29.36,2.43,14.7,149.0,idle,45.42,17.6,31.27,0,none,0.0
2076-01-18,M16,Robotic Arm,0.35,31.17,2.27,14.6,150.2,idle,45.85,8.4,30.84,0,none,0.0
2076-01-19,M16,Robotic Arm,0.36,32.65,2.28,14.6,157.6,idle,46.32,14.5,30.37,0,none,0.0
2076-01-20,M16,Robotic Arm,0.42,33.34,2.46,16.3,150.2,idle,46.37,11.4,30.32,0,none,0.0
2076-01-21,M16,Robotic Arm,0.42,33.34,2.34,16.3,156.7,idle,46.6,13.3,30.09,0,none,0.0
2076-01-22,M16,Robotic Arm,0.42,31.52,2.35,18.2,146.3,idle,46.83,8.9,29.86,0,none,0.0
2076-01-23,M16,Robotic Arm,0.88,44.1,5.64,18.2,146.3,normal,46.97,14.0,29.72,0,none,0.0
2076-01-24,M16,Robotic Arm,0.91,40.59,5.54,45.6,343.7,normal,47.1,14.3,29.59,0,none,0.0
2076-01-25,M16,Robotic Arm,1.37,35.73,5.45,45.0,361.5,normal,47.2,15.1,29.49,0,none,0.0
2076-01-26,M16,Robotic Arm,3.1,35.92,5.89,44.4,362.8,normal,47.5,13.7,29.19,0,none,0.0
2076-01-27,M16,Robotic Arm,0.39,29.7,2.49,18.9,157.2,idle,47.62,8.1,29.07,0,none,0.0
2076-01-28,M16,Robotic Arm,0.42,28.97,2.29,17.0,152.6,idle,47.82,9.8,28.87,0,none,0.0
2076-01-29,M16,Robotic Arm,1.12,45.74,5.3,45.9,340.7,normal,47.98,13.4,28.71,0,none,0.0
2076-01-30,M16,Robotic Arm,1.12,45.74,5.62,43.2,355.2,normal,48.02,18.0,28.67,0,none,0.0
2076-01-31,M16,Robotic Arm,0.38,31.65,2.48,16.4,158.9,idle,48.37,15.1,28.32,0,none,0.0
2076-02-01,M16,Robotic Arm,0.89,47.83,2.48,43.9,346.1,normal,48.58,15.9,28.11,0,none,0.0
2076-02-02,M16,Robotic Arm,1.2,45.43,5.4,38.4,353.3,normal,48.78,13.7,27.91,0,none,0.0
2076-02-03,M16,Robotic Arm,1.59,45.72,8.22,56.5,506.0,peak,49.13,13.5,27.56,0,none,0.0
2076-02-04,M16,Robotic Arm,0.88,46.96,5.67,47.3,366.0,normal,49.22,10.4,27.47,0,none,0.0
2076-02-05,M16,Robotic Arm,1.33,36.56,5.76,42.0,353.8,normal,49.28,14.6,27.41,0,none,0.0
2076-02-06,M16,Robotic Arm,1.0,36.82,5.45,43.5,352.3,normal,49.47,10.4,27.22,0,none,0.0
2076-02-07,M16,Robotic Arm,1.24,45.91,5.37,38.6,369.7,normal,49.73,15.0,26.96,0,none,0.0
2076-02-08,M16,Robotic Arm,0.44,29.86,5.37,19.7,148.5,idle,50.22,17.5,26.47,0,none,0.0
2076-02-09,M16,Robotic Arm,0.97,36.43,5.43,46.4,357.1,normal,50.45,13.1,26.24,0,none,0.0
2076-02-10,M16,Robotic Arm,0.36,34.77,2.42,16.5,156.8,idle,50.83,13.4,25.86,0,none,0.0
2076-02-11,M16,Robotic Arm,0.36,34.77,2.42,16.5,350.1,normal,50.92,9.4,25.77,0,none,0.0
2076-02-12,M16,Robotic Arm,1.39,43.47,5.55,39.5,356.7,normal,51.05,10.7,25.64,0,none,0.0
2076-02-13,M16,Robotic Arm,1.22,39.83,5.25,46.0,359.6,normal,51.22,16.0,25.47,0,none,0.0
2076-02-14,M16,Robotic Arm,1.23,38.19,5.3,42.5,347.2,normal,51.38,16.0,25.31,0,none,0.0
2076-02-15,M16,Robotic Arm,1.28,41.92,5.31,40.0,366.6,normal,51.83,11.0,24.86,0,none,0.0
2076-02-16,M16,Robotic Arm,0.41,30.8,2.49,18.9,146.7,idle,52.05,12.0,24.64,0,none,0.0
2076-02-17,M16,Robotic Arm,0.43,34.63,2.24,15.9,147.5,idle,52.4,15.4,24.29,0,none,0.0
2076-02-18,M16,Robotic Arm,1.63,44.86,7.86,57.4,480.1,peak,52.58,8.8,24.11,0,none,0.0
2076-02-19,M16,Robotic Arm,0.86,41.69,5.61,38.4,480.1,normal,52.75,14.3,23.94,0,none,0.0
2076-02-20,M16,Robotic Arm,0.86,41.33,5.52,46.8,357.3,normal,53.02,15.4,23.67,0,none,0.0
2076-02-21,M16,Robotic Arm,1.3,47.98,5.34,38.6,363.2,normal,53.08,11.8,23.61,0,none,0.0
2076-02-22,M16,Robotic Arm,1.2,43.24,5.45,39.0,361.6,normal,53.13,10.2,23.56,0,none,0.0
2076-02-23,M16,Robotic Arm,1.15,41.52,5.79,47.9,362.2,normal,53.58,10.7,23.11,0,none,0.0
2076-02-24,M16,Robotic Arm,1.36,40.18,5.92,45.3,351.1,normal,54.08,12.4,22.61,0,none,0.0
2076-02-25,M16,Robotic Arm,1.13,37.63,5.27,42.7,369.8,normal,54.53,12.0,22.16,0,none,0.0
2076-02-26,M16,Robotic Arm,1.33,35.22,5.98,42.7,345.4,normal,54.97,15.3,21.72,0,none,0.0
2076-02-27,M16,Robotic Arm,1.35,47.02,5.88,44.2,347.1,normal,55.18,11.7,21.51,0,none,0.0
2076-02-28,M16,Robotic Arm,1.57,54.55,7.78,59.2,510.1,peak,55.55,17.0,21.14,0,none,0.0
2076-02-29,M16,Robotic Arm,1.3,40.35,5.52,41.6,351.6,normal,55.97,9.1,20.72,0,none,0.0
2076-03-01,M16,Robotic Arm,1.27,35.81,5.84,40.1,344.8,normal,56.1,16.4,20.59,0,none,0.0
2076-03-02,M16,Robotic Arm,0.36,29.65,2.53,17.2,149.0,idle,56.13,15.9,20.56,0,none,0.0
2076-03-03,M16,Robotic Arm,0.95,29.65,5.6,39.2,351.3,normal,56.4,14.7,20.29,0,none,0.0
2076-03-04,M16,Robotic Arm,1.63,46.6,7.77,58.3,509.6,peak,56.45,17.6,20.24,0,none,0.0
2076-03-05,M16,Robotic Arm,1.37,35.34,5.7,38.7,346.1,normal,56.72,10.4,19.97,0,none,0.0
2076-03-06,M16,Robotic Arm,1.15,45.32,5.55,46.8,361.5,normal,57.07,10.1,19.62,0,none,0.0
2076-03-07,M16,Robotic Arm,0.96,43.92,5.45,45.7,346.9,normal,57.3,9.6,19.39,0,none,0.0
2076-03-08,M16,Robotic Arm,0.93,43.29,5.69,43.7,347.3,normal,57.7,17.7,18.99,0,none,0.0
2076-03-09,M16,Robotic Arm,0.96,46.86,5.63,42.1,364.6,normal,57.83,16.2,18.86,0,none,0.0
2076-03-10,M16,Robotic Arm,0.36,32.73,2.26,15.4,154.6,idle,57.9,15.8,18.79,0,none,0.0
2076-03-11,M16,Robotic Arm,1.58,52.11,8.02,58.2,514.6,peak,58.23,13.5,18.46,0,none,0.0
2076-03-12,M16,Robotic Arm,1.2,40.48,5.56,40.7,343.2,normal,58.35,14.8,18.34,0,none,0.0
2076-03-13,M16,Robotic Arm,1.02,38.44,5.47,42.7,341.9,normal,58.82,16.4,17.87,0,none,0.0
2076-03-14,M16,Robotic Arm,0.36,33.11,2.27,16.0,154.6,idle,58.95,15.2,17.74,0,none,0.0
2076-03-15,M16,Robotic Arm,1.39,36.73,5.81,42.9,342.8,normal,58.98,14.2,17.71,0,none,0.0
2076-03-16,M16,Robotic Arm,0.94,44.03,5.9,38.1,346.7,normal,59.17,17.4,17.52,0,none,0.0
2076-03-17,M16,Robotic Arm,1.05,47.85,5.72,41.6,346.1,normal,59.37,8.4,17.32,0,none,0.0
2076-03-18,M16,Robotic Arm,0.97,35.64,6.0,47.8,340.3,normal,59.67,8.9,17.02,0,none,0.0
2076-03-19,M16,Robotic Arm,1.0,35.27,5.44,47.0,366.2,normal,59.73,9.3,16.96,0,none,0.0
2076-03-20,M16,Robotic Arm,1.23,47.83,5.8,40.4,365.1,normal,60.03,15.7,16.66,0,none,0.0
2076-03-21,M16,Robotic Arm,1.13,41.55,5.87,43.3,349.8,normal,60.4,8.7,16.29,0,none,0.0
2076-03-22,M16,Robotic Arm,0.44,28.51,2.46,18.7,145.8,idle,60.8,17.3,15.89,0,none,0.0
2076-03-23,M16,Robotic Arm,0.98,37.9,5.91,44.5,346.5,normal,61.18,15.2,15.51,0,none,0.0
2076-03-24,M16,Robotic Arm,1.35,38.17,5.73,42.5,342.9,normal,61.37,13.1,15.32,0,none,0.0
2076-03-25,M16,Robotic Arm,1.73,46.26,7.86,57.1,512.2,peak,61.45,11.1,15.24,0,none,0.0
2076-03-26,M16,Robotic Arm,1.73,37.84,5.53,39.5,343.4,normal,61.93,16.7,14.76,0,none,0.0
2076-03-27,M16,Robotic Arm,1.14,37.84,5.84,39.8,357.6,normal,62.15,16.5,14.54,0,none,0.0
2076-03-28,M16,Robotic Arm,1.29,36.88,5.27,46.9,347.4,normal,62.32,12.5,14.37,0,none,0.0
2076-03-29,M16,Robotic Arm,1.29,36.88,5.27,46.9,151.5,idle,62.45,8.7,14.24,0,none,0.0
2076-03-30,M16,Robotic Arm,0.42,34.0,2.26,15.0,159.2,idle,62.62,10.1,14.07,0,none,0.0
2076-03-31,M16,Robotic Arm,0.39,34.67,2.34,16.1,155.6,idle,62.93,11.2,13.76,0,none,0.0
2076-04-01,M16,Robotic Arm,0.36,30.89,2.35,16.1,149.7,idle,63.13,8.9,13.56,0,none,0.0
2076-04-02,M16,Robotic Arm,0.39,28.41,2.21,17.6,148.1,idle,63.5,8.7,13.19,0,none,0.0
2076-04-03,M16,Robotic Arm,1.05,36.04,5.28,39.5,340.9,normal,63.85,16.0,12.84,0,none,0.0
2076-04-04,M16,Robotic Arm,1.27,46.78,5.62,46.2,344.1,normal,64.22,11.0,12.47,0,none,0.0
2076-04-05,M16,Robotic Arm,0.39,29.0,2.6,14.3,151.7,idle,64.3,9.3,12.39,0,none,0.0
2076-04-06,M16,Robotic Arm,0.91,35.89,5.79,38.8,340.7,normal,64.35,16.8,12.34,0,none,0.0
2076-04-07,M16,Robotic Arm,0.44,29.29,2.54,19.7,156.3,idle,64.5,13.7,12.19,0,none,0.0
2076-04-08,M16,Robotic Arm,0.36,29.19,2.27,17.9,147.7,idle,64.85,8.2,11.84,0,none,0.0
2076-04-09,M16,Robotic Arm,0.35,31.21,2.44,16.8,152.3,idle,65.18,14.5,11.51,0,none,0.0
2076-04-10,M16,Robotic Arm,0.4,29.86,2.58,19.0,149.8,idle,65.3,8.4,11.39,0,none,0.0
2076-04-11,M16,Robotic Arm,0.87,46.15,5.79,38.8,360.9,normal,65.7,11.1,10.99,0,none,0.0
2076-04-12,M16,Robotic Arm,0.4,28.91,2.49,16.1,158.7,idle,65.77,12.3,10.92,0,none,0.0
2076-04-13,M16,Robotic Arm,0.35,34.56,2.24,16.1,153.7,idle,66.22,8.5,10.47,0,none,0.0
2076-04-14,M16,Robotic Arm,1.19,37.57,2.24,46.0,348.5,normal,66.67,14.8,10.02,0,none,0.0
2076-04-15,M16,Robotic Arm,0.39,33.48,2.53,18.8,149.0,idle,67.15,15.0,9.54,0,none,0.0
2076-04-16,M16,Robotic Arm,0.43,32.43,2.41,19.8,154.0,idle,67.27,11.8,9.42,0,none,0.0
2076-04-17,M16,Robotic Arm,0.44,33.27,2.22,15.6,154.1,idle,67.52,8.6,9.17,0,none,0.0
2076-04-18,M16,Robotic Arm,0.39,34.69,2.43,19.6,148.1,idle,67.55,14.0,9.14,0,none,0.0
2076-04-19,M16,Robotic Arm,0.44,31.76,2.29,16.3,159.5,idle,67.93,10.2,8.76,0,none,0.0
2076-04-20,M16,Robotic Arm,1.38,35.29,5.45,47.0,341.0,normal,68.33,13.8,8.36,0,none,0.0
2076-04-21,M16,Robotic Arm,0.45,30.72,2.25,15.8,157.1,idle,68.58,14.7,8.11,0,none,0.0
2076-04-22,M16,Robotic Arm,0.45,28.94,2.46,19.6,158.5,idle,68.93,8.2,7.76,0,none,0.0
2076-04-23,M16,Robotic Arm,0.39,34.06,2.28,17.8,154.0,idle,69.02,10.2,7.67,0,none,0.0
2076-04-24,M16,Robotic Arm,0.39,34.06,2.28,17.8,342.5,normal,69.22,8.5,7.47,0,none,0.0
2076-04-25,M16,Robotic Arm,0.38,29.45,2.6,19.9,148.8,idle,69.33,10.5,7.36,0,none,0.0
2076-04-26,M16,Robotic Arm,0.43,33.72,2.57,14.8,155.0,idle,69.47,10.6,7.22,0,none,0.0
2076-04-27,M16,Robotic Arm,0.37,32.6,2.55,14.5,154.6,idle,69.72,12.7,6.97,0,none,0.0
2076-04-28,M16,Robotic Arm,0.4,29.23,2.3,14.5,157.9,idle,69.97,11.3,6.72,0,none,0.0
2076-04-29,M16,Robotic Arm,0.42,28.19,2.25,19.3,154.8,idle,70.22,8.2,6.47,0,none,0.0
2076-04-30,M16,Robotic Arm,0.86,42.75,5.33,47.2,343.7,normal,70.58,13.2,6.11,0,none,0.0
2076-05-01,M16,Robotic Arm,0.89,43.38,5.83,40.7,349.0,normal,70.7,14.2,5.99,0,none,0.0
2076-05-02,M16,Robotic Arm,1.61,51.96,7.76,55.9,492.4,peak,70.87,11.3,5.82,0,none,0.0
2076-05-03,M16,Robotic Arm,0.45,31.04,2.42,18.6,153.4,idle,71.3,9.8,5.39,0,none,0.0
2076-05-04,M16,Robotic Arm,0.45,34.16,2.35,14.7,146.4,idle,71.8,11.7,4.89,0,none,0.0
2076-05-05,M16,Robotic Arm,1.28,43.51,5.65,47.3,358.8,normal,71.95,12.0,4.74,0,none,0.0
2076-05-06,M16,Robotic Arm,0.35,31.28,2.29,17.7,147.8,idle,72.37,17.1,4.32,0,none,0.0
2076-05-07,M16,Robotic Arm,0.41,34.18,2.23,15.6,155.1,idle,72.8,16.4,3.89,0,none,0.0
2076-05-08,M16,Robotic Arm,0.42,32.11,2.26,15.5,158.6,idle,73.3,11.2,3.39,0,none,0.0
2076-05-09,M16,Robotic Arm,1.3,47.35,5.53,42.4,347.8,normal,73.4,17.2,3.29,0,none,0.0
2076-05-10,M16,Robotic Arm,0.4,44.1,2.3,14.8,156.3,idle,73.58,8.1,3.11,0,none,0.0
2076-05-11,M16,Robotic Arm,0.42,33.8,2.5,16.5,147.3,idle,73.88,15.3,2.81,0,none,0.0
2076-05-12,M16,Robotic Arm,1.24,46.42,5.32,43.2,349.9,normal,73.93,9.5,2.76,0,none,0.0
2076-05-13,M16,Robotic Arm,1.14,35.41,5.48,42.8,344.5,normal,74.25,15.8,2.44,0,none,0.0
2076-05-14,M16,Robotic Arm,1.07,37.29,5.37,47.8,358.1,normal,74.58,17.5,2.11,0,none,0.0
2076-05-15,M16,Robotic Arm,0.39,31.65,2.35,17.6,145.0,idle,74.68,16.3,2.01,0,none,0.0
2076-05-16,M16,Robotic Arm,1.57,54.86,7.61,55.8,145.0,peak,75.05,15.3,1.64,0,none,0.0
2076-05-17,M16,Robotic Arm,1.01,41.94,5.97,39.3,353.2,normal,75.45,11.9,1.24,0,none,0.0
2076-05-18,M16,Robotic Arm,1.27,37.09,5.77,39.3,358.6,normal,75.78,9.0,0.91,0,none,0.0
2076-05-19,M16,Robotic Arm,1.14,40.86,5.58,39.5,353.0,normal,76.02,11.4,0.67,0,none,0.0
2076-05-20,M16,Robotic Arm,0.43,34.28,2.45,19.0,152.6,idle,76.45,15.2,0.5,0,none,0.0
2076-05-21,M16,Robotic Arm,0.97,44.41,5.76,38.1,354.4,normal,76.75,17.6,0.5,0,none,0.0
2076-05-22,M16,Robotic Arm,1.37,47.8,5.57,45.2,340.5,normal,77.17,11.1,0.5,0,none,0.0
2076-05-23,M16,Robotic Arm,1.0,44.38,5.72,44.6,360.9,normal,77.55,18.0,0.5,0,none,0.0
2076-05-24,M16,Robotic Arm,1.63,54.19,7.87,64.0,482.4,peak,77.63,16.7,0.5,0,none,0.0
2076-05-25,M16,Robotic Arm,1.32,38.94,5.73,38.5,342.4,normal,78.07,16.3,0.5,0,none,0.0
2076-05-26,M16,Robotic Arm,0.36,31.39,2.37,15.9,151.7,idle,78.22,8.2,0.5,0,none,0.0
2076-05-27,M16,Robotic Arm,1.02,46.33,5.65,41.1,353.6,normal,78.58,17.1,0.5,0,none,0.0
2076-05-28,M16,Robotic Arm,1.33,40.32,5.54,41.4,347.8,normal,78.98,8.3,0.5,0,none,0.0
2076-05-29,M16,Robotic Arm,1.64,51.58,7.87,57.3,506.4,peak,79.47,16.9,0.5,0,none,0.0
2076-05-30,M16,Robotic Arm,0.43,28.15,2.45,19.4,146.3,idle,79.83,8.5,0.5,0,none,0.0
2076-05-31,M16,Robotic Arm,1.34,36.53,6.0,43.1,361.9,normal,80.2,16.0,0.5,0,none,0.0
2076-06-01,M16,Robotic Arm,0.36,28.72,2.59,19.9,149.2,idle,80.23,12.4,0.5,0,none,0.0
2076-06-02,M16,Robotic Arm,1.6,42.13,8.46,64.2,484.6,peak,80.58,14.0,0.5,0,none,0.0
2076-06-03,M16,Robotic Arm,1.05,47.57,5.3,46.7,484.6,normal,80.85,13.6,0.5,0,none,0.0
2076-06-04,M16,Robotic Arm,0.89,36.85,5.77,39.4,340.1,normal,81.33,17.3,0.5,0,none,0.0
2076-06-05,M16,Robotic Arm,1.28,43.52,5.9,43.8,341.4,normal,81.63,9.0,0.5,0,none,0.0
2076-06-06,M16,Robotic Arm,0.35,33.5,2.56,18.8,150.6,idle,81.85,8.2,0.5,0,none,0.0
2076-06-07,M16,Robotic Arm,0.42,28.54,2.49,15.5,159.0,idle,82.07,9.7,0.5,0,none,0.0
2076-06-08,M16,Robotic Arm,1.04,39.41,5.43,44.3,342.9,normal,82.53,15.6,0.5,0,none,0.0
2076-06-09,M16,Robotic Arm,0.88,44.05,5.96,45.4,347.5,normal,82.83,8.4,0.5,0,none,0.0
2076-06-10,M16,Robotic Arm,0.39,29.42,2.47,15.4,153.6,idle,82.92,13.0,0.5,0,none,0.0
2076-06-11,M16,Robotic Arm,1.31,41.71,5.67,47.7,349.6,normal,83.0,14.8,0.5,0,none,0.0
2076-06-12,M16,Robotic Arm,0.43,32.81,2.25,19.9,155.3,idle,83.48,15.8,0.5,0,none,0.0
2076-06-13,M16,Robotic Arm,0.86,44.39,5.31,40.9,350.4,normal,83.75,13.8,0.5,0,none,0.0
2076-06-14,M16,Robotic Arm,0.38,44.39,2.5,17.2,153.5,idle,83.97,8.8,0.5,0,none,0.0
2076-06-15,M16,Robotic Arm,1.59,42.3,7.85,55.1,514.6,peak,84.37,14.1,0.5,0,none,0.0
2076-06-16,M16,Robotic Arm,1.2,47.73,5.35,44.6,345.6,normal,84.83,13.9,0.5,0,none,0.0
2076-06-17,M16,Robotic Arm,1.2,41.39,5.73,45.2,355.7,normal,85.2,14.3,0.5,0,none,0.0
2076-06-18,M16,Robotic Arm,1.12,35.91,5.49,41.0,358.8,normal,85.53,8.6,0.5,0,none,0.0
2076-06-19,M16,Robotic Arm,1.0,38.02,5.88,46.3,349.9,normal,85.85,14.7,0.5,0,none,0.0
2076-06-20,M16,Robotic Arm,0.36,31.48,2.38,19.2,153.2,idle,86.03,16.5,0.5,0,none,0.0
2076-06-21,M16,Robotic Arm,1.37,41.28,5.73,42.8,349.6,normal,86.43,8.1,0.5,0,none,0.0
2076-06-22,M16,Robotic Arm,0.35,33.55,2.56,18.4,149.1,idle,86.78,17.3,0.5,0,none,0.0
2076-06-23,M16,Robotic Arm,0.43,32.29,2.47,14.4,153.7,idle,86.97,14.4,0.5,0,none,0.0
2076-06-24,M16,Robotic Arm,0.41,32.63,2.51,16.4,147.3,idle,87.05,17.0,0.5,0,none,0.0
2076-06-25,M16,Robotic Arm,1.36,45.1,5.63,41.5,369.5,normal,87.42,13.8,0.5,0,none,0.0
2076-06-26,M16,Robotic Arm,0.9,47.15,5.52,39.0,351.4,normal,87.85,13.0,0.5,0,none,0.0
2076-06-27,M16,Robotic Arm,0.42,30.97,2.4,18.9,154.2,idle,87.95,17.4,0.5,0,none,0.0
2076-06-28,M16,Robotic Arm,0.42,29.08,2.3,16.5,146.7,idle,88.18,16.4,0.5,0,none,0.0
2076-06-29,M16,Robotic Arm,0.38,33.83,2.21,14.3,155.3,idle,88.35,11.4,0.5,0,none,0.0
2076-06-30,M16,Robotic Arm,0.39,33.41,2.57,15.6,145.6,idle,88.78,17.2,0.5,0,none,0.0
2076-07-01,M16,Robotic Arm,0.4,34.75,2.42,16.3,153.3,idle,89.2,17.6,0.5,0,none,0.0
2076-07-02,M16,Robotic Arm,0.4,33.26,2.47,18.3,153.3,idle,89.52,12.2,0.5,0,none,0.0
2076-07-03,M16,Robotic Arm,0.43,34.25,2.58,17.8,150.2,idle,89.9,11.8,0.5,0,none,0.0
2076-07-04,M16,Robotic Arm,0.39,31.96,2.43,18.8,146.3,idle,90.05,14.5,0.5,0,none,0.0
2076-07-05,M16,Robotic Arm,0.41,30.44,2.53,16.1,152.0,idle,90.45,17.6,0.5,0,none,0.0
2076-07-06,M16,Robotic Arm,0.37,30.07,2.42,16.6,148.0,idle,90.9,13.9,0.5,0,none,0.0
2076-07-07,M16,Robotic Arm,1.11,37.15,5.91,47.2,346.8,normal,91.12,9.4,0.5,0,none,0.0
2076-07-08,M16,Robotic Arm,0.88,47.05,5.45,39.9,367.6,normal,91.18,9.2,0.5,0,none,0.0
2076-07-09,M16,Robotic Arm,0.44,28.37,2.28,18.9,149.0,idle,91.48,12.9,0.5,0,none,0.0
2076-07-10,M16,Robotic Arm,0.42,28.28,2.54,16.5,152.1,idle,91.6,14.4,0.5,0,none,0.0
2076-07-11,M16,Robotic Arm,0.43,31.18,2.24,17.0,151.8,idle,91.77,10.0,0.5,0,none,0.0
2076-07-12,M16,Robotic Arm,0.4,29.35,2.27,18.7,154.3,idle,91.97,9.2,0.5,0,none,0.0
2076-07-13,M16,Robotic Arm,0.35,33.85,2.25,18.4,146.4,idle,92.03,14.6,0.5,0,none,0.0
2076-07-14,M16,Robotic Arm,1.38,46.71,5.35,38.1,341.8,normal,92.48,13.2,0.5,0,none,0.0
2076-07-15,M16,Robotic Arm,0.43,28.54,2.51,18.9,149.6,idle,92.88,10.7,0.5,0,none,0.0
2076-07-16,M16,Robotic Arm,0.42,33.74,2.51,18.9,151.7,idle,93.27,10.7,0.5,0,none,0.0
2076-07-17,M16,Robotic Arm,0.36,31.68,2.38,19.4,145.3,idle,93.32,15.4,0.5,0,none,0.0
2076-07-18,M16,Robotic Arm,0.36,33.13,2.39,15.4,154.2,idle,93.37,14.5,0.5,0,none,0.0
2076-07-19,M16,Robotic Arm,0.45,28.29,2.28,16.9,154.0,idle,93.82,10.6,0.5,0,none,0.0
2076-07-20,M16,Robotic Arm,0.41,28.42,2.25,19.7,146.1,idle,94.13,11.1,0.5,0,none,0.0
2076-07-21,M16,Robotic Arm,0.39,32.04,2.33,15.5,149.3,idle,94.42,9.0,0.5,0,none,0.0
2076-07-22,M16,Robotic Arm,0.38,30.66,2.25,19.1,156.4,idle,94.75,10.7,0.5,0,none,0.0
2076-07-23,M16,Robotic Arm,0.87,44.9,5.86,47.2,358.4,normal,94.85,13.0,0.5,0,none,0.0
2076-07-24,M16,Robotic Arm,0.44,33.31,2.21,18.9,153.7,idle,94.97,9.7,0.5,0,none,0.0
2076-07-25,M16,Robotic Arm,0.42,34.19,2.2,14.7,153.6,idle,95.17,13.4,0.5,0,none,0.0
2076-07-26,M16,Robotic Arm,0.39,30.93,2.32,18.9,146.6,idle,95.33,12.8,0.5,0,none,0.0
2076-07-27,M16,Robotic Arm,1.14,40.96,5.64,38.5,360.2,normal,95.37,8.3,0.5,0,none,0.0
2076-07-28,M16,Robotic Arm,0.86,41.86,5.41,41.1,362.1,normal,95.65,9.8,0.5,0,none,0.0
2076-07-29,M16,Robotic Arm,1.39,41.18,5.74,40.5,356.6,normal,95.95,11.6,0.5,0,none,0.0
2076-07-30,M16,Robotic Arm,0.36,41.18,2.38,16.2,152.7,idle,96.12,12.1,0.5,0,none,0.0
2076-07-31,M16,Robotic Arm,1.35,41.18,5.32,45.7,351.8,normal,96.3,10.7,0.5,0,none,0.0
2076-08-01,M16,Robotic Arm,1.07,44.85,5.57,38.7,347.4,normal,96.68,12.6,0.5,0,none,0.0
2076-08-02,M16,Robotic Arm,1.34,42.7,5.89,41.0,360.7,normal,96.8,16.8,0.5,0,none,0.0
2076-08-03,M16,Robotic Arm,1.28,37.38,5.22,44.3,357.3,normal,97.17,15.9,0.5,0,none,0.0
2076-08-04,M16,Robotic Arm,0.87,40.34,5.65,44.3,342.9,normal,97.35,12.4,0.5,0,none,0.0
2076-08-05,M16,Robotic Arm,1.29,47.03,5.56,39.3,352.6,normal,97.72,16.6,0.5,0,none,0.0
2076-08-06,M16,Robotic Arm,0.38,31.43,2.2,19.2,145.9,idle,98.0,9.7,0.5,0,none,0.0
2076-08-07,M16,Robotic Arm,1.09,43.59,5.72,41.0,355.0,normal,98.27,15.8,0.5,0,none,0.0
2076-08-08,M16,Robotic Arm,1.12,36.71,5.5,39.2,341.7,normal,98.7,9.2,0.5,0,none,0.0
2076-08-09,M16,Robotic Arm,0.88,40.65,5.78,47.9,357.1,normal,99.0,17.8,0.5,0,none,0.0
2076-08-10,M16,Robotic Arm,0.38,29.45,2.48,14.3,148.9,idle,99.3,17.4,0.5,0,none,0.0
2076-08-11,M16,Robotic Arm,1.23,40.79,5.6,47.8,352.1,normal,99.45,17.7,0.5,0,none,0.0
2076-08-12,M16,Robotic Arm,0.41,34.99,2.47,17.1,149.9,idle,99.88,11.5,0.5,0,none,0.0
2076-08-13,M16,Robotic Arm,1.39,38.82,5.29,47.3,349.6,normal,100.22,11.6,0.5,0,none,0.0
2076-08-14,M16,Robotic Arm,1.39,43.4,5.41,42.2,344.7,normal,100.72,9.7,0.5,0,none,0.0
2076-08-15,M16,Robotic Arm,0.44,32.09,2.56,15.5,154.5,idle,101.22,14.9,0.5,0,none,0.0
2076-08-16,M16,Robotic Arm,0.44,32.09,2.56,17.3,154.5,idle,101.52,11.2,0.5,0,none,0.0
2076-08-17,M16,Robotic Arm,0.37,28.32,2.51,17.2,149.7,idle,101.92,13.0,0.5,0,none,0.0
2076-08-18,M16,Robotic Arm,0.88,36.36,5.54,42.8,351.3,normal,102.02,10.8,0.5,0,none,0.0
2076-08-19,M16,Robotic Arm,1.16,45.58,5.74,46.7,358.5,normal,102.12,10.0,0.5,0,none,0.0
2076-08-20,M16,Robotic Arm,0.91,36.95,5.51,40.8,359.6,normal,102.52,11.8,0.5,0,none,0.0
2076-08-21,M16,Robotic Arm,1.69,48.01,8.14,40.8,499.7,peak,102.92,14.2,0.5,0,none,0.0
2076-08-22,M16,Robotic Arm,1.04,41.19,5.32,40.8,352.3,normal,103.1,16.8,0.5,0,none,0.0
2076-08-23,M16,Robotic Arm,1.36,46.22,5.74,45.2,365.8,normal,103.6,17.7,0.5,0,none,0.0
2076-08-24,M16,Robotic Arm,1.35,43.57,5.51,39.5,340.2,normal,103.95,10.9,0.5,0,none,0.0
2076-08-25,M16,Robotic Arm,1.35,40.17,5.26,39.5,340.2,normal,104.15,10.3,0.5,0,none,0.0
2076-08-26,M16,Robotic Arm,1.35,39.09,5.26,38.4,368.9,normal,104.43,9.7,0.5,0,none,0.0
2076-08-27,M16,Robotic Arm,1.38,41.87,5.73,45.6,369.1,normal,104.93,16.4,0.5,0,none,0.0
2076-08-28,M16,Robotic Arm,1.15,44.82,5.35,39.5,361.4,normal,105.18,13.4,0.5,0,none,0.0
2076-08-29,M16,Robotic Arm,0.44,31.97,2.41,39.5,158.2,idle,105.63,10.5,0.5,0,none,0.0
2076-08-30,M16,Robotic Arm,1.29,45.42,5.29,45.6,363.1,normal,105.93,17.6,0.5,0,none,0.0
2076-08-31,M16,Robotic Arm,0.92,41.13,5.28,42.0,359.2,normal,105.97,14.4,0.5,0,none,0.0
2076-09-01,M16,Robotic Arm,0.97,36.72,5.71,46.3,344.6,normal,106.32,8.1,0.5,0,none,0.0
2076-09-02,M16,Robotic Arm,1.35,44.58,5.74,39.2,367.9,normal,106.68,15.9,0.5,0,none,0.0
2076-09-03,M16,Robotic Arm,1.11,41.96,5.61,43.3,364.7,normal,106.78,12.2,0.5,0,none,0.0
2076-09-04,M16,Robotic Arm,0.9,41.29,5.69,39.2,357.4,normal,107.15,8.0,0.5,0,none,0.0
2076-09-05,M16,Robotic Arm,1.13,37.9,5.41,38.9,361.2,normal,107.25,17.5,0.5,0,none,0.0
2076-09-06,M16,Robotic Arm,0.93,45.26,5.91,40.4,347.8,normal,107.33,13.5,0.5,0,none,0.0
2076-09-07,M16,Robotic Arm,0.92,42.03,5.97,40.4,344.8,normal,107.57,10.0,0.5,0,none,0.0
2076-09-08,M16,Robotic Arm,0.41,34.0,2.55,16.1,156.8,idle,107.77,16.2,0.5,0,none,0.0
2076-09-09,M16,Robotic Arm,1.68,51.53,8.18,56.3,494.3,peak,108.2,9.7,0.5,0,none,0.0
2076-09-10,M16,Robotic Arm,1.27,44.88,5.3,42.6,366.1,normal,108.7,9.7,0.5,0,none,0.0
2076-09-11,M16,Robotic Arm,1.29,42.55,5.37,41.2,359.6,normal,108.8,10.6,0.5,0,none,0.0
2076-09-12,M16,Robotic Arm,1.28,42.98,5.52,43.8,340.1,normal,108.97,15.7,0.5,0,none,0.0
2076-09-13,M16,Robotic Arm,0.42,33.91,2.22,43.8,157.7,idle,109.2,13.2,0.5,0,none,0.0
2076-09-14,M16,Robotic Arm,1.18,41.28,5.27,45.4,360.7,normal,109.52,14.4,0.5,0,none,0.0
2076-09-15,M16,Robotic Arm,1.17,35.79,5.71,38.5,364.7,normal,109.58,13.4,0.5,0,none,0.0
2076-09-16,M16,Robotic Arm,1.33,41.9,5.71,42.0,348.7,normal,109.95,13.4,0.5,0,none,0.0
2076-09-17,M16,Robotic Arm,1.12,42.26,5.81,44.0,365.7,normal,110.33,14.7,0.5,0,none,0.0
2076-09-18,M16,Robotic Arm,0.44,31.65,2.49,16.9,158.6,idle,110.47,9.9,0.5,0,none,0.0
2076-09-19,M16,Robotic Arm,0.35,33.03,2.4,14.4,156.2,idle,110.58,15.3,0.5,0,none,0.0
2076-09-20,M16,Robotic Arm,0.39,31.69,2.49,15.5,149.3,idle,110.83,17.9,0.5,0,none,0.0
2076-09-21,M16,Robotic Arm,0.39,33.23,2.49,16.2,154.2,idle,110.92,13.7,0.5,0,none,0.0
2076-09-22,M16,Robotic Arm,0.38,34.14,2.57,15.1,154.8,idle,110.98,15.1,0.5,0,none,0.0
2076-09-23,M16,Robotic Arm,0.44,31.32,2.33,19.4,148.9,idle,111.42,10.0,0.5,0,none,0.0
2076-09-24,M16,Robotic Arm,0.37,34.16,2.45,15.1,154.6,idle,111.5,10.3,0.5,0,none,0.0
2076-09-25,M16,Robotic Arm,0.44,28.63,2.3,17.6,146.7,idle,111.93,15.2,0.5,0,none,0.0
2076-09-26,M16,Robotic Arm,1.35,42.71,5.67,38.6,352.6,normal,112.32,8.8,0.5,0,none,0.0
2076-09-27,M16,Robotic Arm,0.37,33.66,2.33,16.4,154.6,idle,112.48,11.6,0.5,0,none,0.0
2076-09-28,M17,Robotic Arm,0.42,33.53,2.27,15.6,146.4,idle,140.07,14.8,65.25,0,none,0.0
2076-09-29,M17,Robotic Arm,1.32,33.53,5.3,41.1,341.7,normal,140.42,16.0,64.9,0,none,0.0
2076-09-30,M17,Robotic Arm,0.43,30.01,2.34,19.6,147.8,idle,140.86,17.1,64.47,0,none,0.0
2076-10-01,M17,Robotic Arm,0.37,31.92,2.59,19.4,153.9,idle,141.24,14.8,64.08,0,none,0.0
2076-10-02,M17,Robotic Arm,0.43,31.41,2.37,16.4,151.8,idle,141.51,10.2,63.82,0,none,0.0
2076-10-03,M17,Robotic Arm,0.42,33.75,2.43,19.2,154.6,idle,141.67,16.1,63.65,0,none,0.0
2076-10-04,M17,Robotic Arm,0.43,33.75,2.51,14.1,158.0,idle,142.04,10.1,63.28,0,none,0.0
2076-10-05,M17,Robotic Arm,0.44,33.89,2.49,18.7,147.7,idle,142.31,16.5,63.02,0,none,0.0
2076-10-06,M17,Robotic Arm,0.35,30.03,2.38,15.6,158.1,idle,142.41,15.5,62.92,0,none,0.0
2076-10-07,M17,Robotic Arm,1.38,45.02,5.58,39.5,366.2,normal,142.91,8.5,62.42,0,none,0.0
2076-10-08,M17,Robotic Arm,0.43,29.14,2.22,19.4,157.3,idle,143.29,14.5,62.03,0,none,0.0
2076-10-09,M17,Robotic Arm,0.44,30.51,2.46,19.2,150.1,idle,143.61,14.4,61.72,0,none,0.0
2076-10-10,M17,Robotic Arm,0.4,31.72,2.46,19.2,159.2,idle,143.87,17.5,61.45,0,none,0.0
2076-10-11,M17,Robotic Arm,0.39,32.28,2.42,16.1,146.2,idle,144.29,12.8,61.03,0,none,0.0
2076-10-12,M17,Robotic Arm,1.14,38.17,5.72,43.4,357.7,normal,144.51,11.6,60.82,0,none,0.0
2076-10-13,M17,Robotic Arm,0.41,34.2,5.72,18.8,159.3,idle,144.81,12.9,60.52,0,none,0.0
2076-10-14,M17,Robotic Arm,0.42,28.97,2.54,18.8,157.9,idle,144.87,17.1,60.45,0,none,0.0
2076-10-15,M17,Robotic Arm,0.4,33.74,2.26,17.5,153.3,idle,145.07,10.3,60.25,0,none,0.0
2076-10-16,M17,Robotic Arm,0.44,34.04,2.49,17.5,157.1,idle,145.22,10.2,60.1,0,none,0.0
2076-10-17,M17,Robotic Arm,0.41,33.72,2.58,16.7,156.2,idle,145.36,17.7,59.97,0,none,0.0
2076-10-18,M17,Robotic Arm,0.45,29.5,2.54,14.8,145.3,idle,145.41,13.3,59.92,0,none,0.0
2076-10-19,M17,Robotic Arm,0.43,34.72,2.21,19.1,155.5,idle,145.82,17.6,59.5,0,none,0.0
2076-10-20,M17,Robotic Arm,0.42,31.22,2.37,16.2,150.7,idle,146.27,11.3,59.05,0,none,0.0
2076-10-21,M17,Robotic Arm,0.44,33.71,2.33,18.4,154.8,idle,146.62,14.8,58.7,0,none,0.0
2076-10-22,M17,Robotic Arm,1.32,36.19,5.76,40.5,347.2,normal,146.89,9.0,58.43,0,none,0.0
2076-10-23,M17,Robotic Arm,1.24,46.63,5.61,42.7,364.4,normal,147.24,17.4,58.08,0,none,0.0
2076-10-24,M17,Robotic Arm,0.87,44.29,5.25,40.4,359.9,normal,147.74,9.5,47.7,0,none,0.0
2076-10-25,M17,Robotic Arm,1.64,46.05,8.02,63.5,359.9,peak,148.12,12.6,47.31,0,none,0.0
2076-10-26,M17,Robotic Arm,1.18,37.38,5.58,38.2,364.7,normal,148.49,10.8,46.95,0,none,0.0
2076-10-27,M17,Robotic Arm,0.38,34.79,2.35,19.0,150.7,idle,148.54,16.0,46.9,0,none,0.0
2076-10-28,M17,Robotic Arm,0.97,41.96,5.44,41.2,349.0,normal,148.76,10.6,46.68,0,none,0.0
2076-10-29,M17,Robotic Arm,0.4,31.93,2.26,15.6,154.3,idle,148.86,11.3,46.58,0,none,0.0
2076-10-30,M17,Robotic Arm,0.45,30.18,2.31,15.6,159.5,idle,148.94,15.2,46.5,0,none,0.0
2076-10-31,M17,Robotic Arm,1.77,53.21,8.49,61.4,499.7,peak,149.44,9.5,46.0,0,none,0.0
2076-11-01,M17,Robotic Arm,1.35,39.8,6.03,42.8,367.1,normal,149.51,15.3,45.93,0,none,0.0
2076-11-02,M17,Robotic Arm,1.87,45.54,7.8,58.5,493.6,peak,149.97,8.6,45.46,0,none,0.0
2076-11-03,M17,Robotic Arm,0.94,47.01,5.45,46.2,353.5,normal,150.24,11.3,45.2,0,none,0.0
2076-11-04,M17,Robotic Arm,1.3,42.97,6.04,42.2,350.5,normal,150.64,12.6,44.8,0,none,0.0
2076-11-05,M17,Robotic Arm,1.32,41.02,5.77,43.7,362.0,normal,150.82,11.7,44.61,0,none,0.0
2076-11-06,M17,Robotic Arm,0.5,35.91,2.28,16.7,150.8,idle,150.87,12.5,44.56,0,none,0.0
2076-11-07,M17,Robotic Arm,0.41,34.34,2.63,14.9,148.5,idle,151.06,10.6,44.38,0,none,0.0
2076-11-08,M17,Robotic Arm,0.49,31.38,2.42,18.4,146.3,idle,151.41,15.9,44.03,0,none,0.0
2076-11-09,M17,Robotic Arm,1.88,44.78,7.95,57.4,506.9,peak,151.74,15.9,43.7,0,none,0.0
2076-11-10,M17,Robotic Arm,1.77,52.04,8.23,61.8,512.6,peak,152.02,15.0,43.41,0,none,0.0
2076-11-11,M17,Robotic Arm,1.31,45.89,5.96,45.0,347.8,normal,152.31,13.2,43.13,0,none,0.0
2076-11-12,M17,Robotic Arm,0.53,30.1,2.4,18.9,149.4,idle,152.77,13.2,42.66,0,none,0.0
2076-11-13,M17,Robotic Arm,1.35,38.46,6.02,47.3,367.4,normal,152.92,9.7,42.51,0,none,0.0
2076-11-14,M17,Robotic Arm,1.79,46.36,8.18,57.7,502.7,peak,153.11,13.8,42.33,0,none,0.0
2076-11-15,M17,Robotic Arm,1.55,38.45,5.33,47.9,351.4,normal,153.21,14.8,42.23,0,none,0.0
2076-11-16,M17,Robotic Arm,1.8,51.46,8.45,63.0,499.7,peak,153.24,8.1,42.2,0,none,0.0
2076-11-17,M17,Robotic Arm,1.45,43.05,5.84,47.5,367.3,normal,153.37,9.2,42.06,0,none,0.0
2076-11-18,M17,Robotic Arm,1.43,44.54,5.62,41.2,365.3,normal,153.69,17.7,41.75,0,none,0.0
2076-11-19,M17,Robotic Arm,1.47,43.05,5.89,39.2,365.7,normal,154.12,11.1,41.31,0,none,0.0
2076-11-20,M17,Robotic Arm,1.39,41.55,5.89,44.8,366.4,normal,154.51,16.1,40.93,0,none,0.0
2076-11-21,M17,Robotic Arm,1.43,41.64,5.7,43.7,357.9,normal,154.86,8.5,40.58,0,none,0.0
2076-11-22,M17,Robotic Arm,1.18,49.62,5.71,44.2,364.3,normal,155.32,17.4,40.11,0,none,0.0
2076-11-23,M17,Robotic Arm,1.46,46.37,5.9,40.5,365.8,normal,155.36,11.7,40.08,0,none,0.0
2076-11-24,M17,Robotic Arm,1.39,38.8,6.2,44.5,355.2,normal,155.49,17.2,39.95,0,none,0.0
2076-11-25,M17,Robotic Arm,0.55,34.39,2.42,15.1,155.8,idle,155.76,9.1,39.68,0,none,0.0
2076-11-26,M17,Robotic Arm,1.31,44.44,5.81,15.1,357.3,normal,156.16,16.0,39.28,0,none,0.0
2076-11-27,M17,Robotic Arm,0.5,33.72,2.39,16.1,154.3,idle,156.19,10.7,39.25,0,none,0.0
2076-11-28,M17,Robotic Arm,1.5,38.55,5.83,47.5,340.0,normal,156.69,16.6,38.75,0,none,0.0
2076-11-29,M17,Robotic Arm,1.19,46.7,6.21,38.3,346.8,normal,157.11,15.7,38.33,0,none,0.0
2076-11-30,M17,Robotic Arm,1.17,41.58,5.87,42.4,347.2,normal,157.42,11.6,38.01,0,none,0.0
2076-12-01,M17,Robotic Arm,2.07,53.32,8.43,61.6,506.1,peak,157.91,12.6,37.53,0,none,0.0
2076-12-02,M17,Robotic Arm,0.56,38.0,2.37,19.7,146.0,idle,158.01,14.4,37.43,0,none,0.0
2076-12-03,M17,Robotic Arm,0.57,36.85,2.58,18.2,153.6,idle,158.11,12.8,37.33,0,none,0.0
2076-12-04,M17,Robotic Arm,1.52,38.77,5.91,41.9,344.3,normal,158.16,9.4,37.28,0,none,0.0
2076-12-05,M17,Robotic Arm,1.51,49.47,5.92,47.6,348.6,normal,158.46,16.0,36.98,0,none,0.0
2076-12-06,M17,Robotic Arm,1.28,42.65,5.57,44.9,340.7,normal,158.84,13.4,36.6,0,none,0.0
2076-12-07,M17,Robotic Arm,0.54,38.07,2.48,16.4,146.3,idle,158.97,8.9,36.46,0,none,0.0
2076-12-08,M17,Robotic Arm,1.72,42.58,6.28,39.7,336.0,normal,159.02,8.3,36.41,0,none,0.0
2076-12-09,M17,Robotic Arm,0.55,32.18,2.47,16.7,146.9,idle,159.27,13.6,36.16,0,none,0.0
2076-12-10,M17,Robotic Arm,2.46,50.22,8.02,55.4,486.2,peak,159.41,15.7,36.03,0,none,0.0
2076-12-11,M17,Robotic Arm,1.8,42.04,8.02,47.9,345.8,normal,159.72,11.9,35.71,0,none,0.0
2076-12-12,M17,Robotic Arm,2.33,53.65,8.51,64.5,504.9,peak,159.79,15.5,35.65,0,none,0.0
2076-12-13,M17,Robotic Arm,1.19,39.32,5.51,41.6,348.5,normal,160.11,8.4,35.33,0,none,0.0
2076-12-14,M17,Robotic Arm,1.82,47.34,6.33,45.9,361.2,normal,160.47,14.1,34.96,0,none,0.0
2076-12-15,M17,Robotic Arm,0.52,36.66,2.39,18.1,155.0,idle,160.79,16.5,34.65,0,none,0.0
2076-12-16,M17,Robotic Arm,1.46,41.49,5.7,46.1,351.3,normal,161.26,16.3,34.18,0,none,0.0
2076-12-17,M17,Robotic Arm,1.66,46.92,5.92,46.6,350.0,normal,161.59,13.5,33.85,0,none,0.0
2076-12-18,M17,Robotic Arm,1.7,52.18,5.89,39.9,351.6,normal,161.66,11.4,33.78,0,none,0.0
2076-12-19,M17,Robotic Arm,1.81,41.19,5.65,38.2,356.8,normal,162.04,15.8,33.4,0,none,0.0
2076-12-20,M17,Robotic Arm,0.54,38.91,5.65,19.7,148.4,idle,162.16,16.9,33.28,0,none,0.0
2076-12-21,M17,Robotic Arm,0.66,39.49,2.39,14.8,149.0,idle,162.31,9.0,33.13,0,none,0.0
2076-12-22,M17,Robotic Arm,0.57,37.29,2.39,18.5,146.0,idle,162.61,13.3,32.83,0,none,0.0
2076-12-23,M17,Robotic Arm,0.55,38.33,2.37,18.3,144.3,idle,162.71,11.0,32.73,0,none,0.0
2076-12-24,M17,Robotic Arm,0.63,38.45,2.59,16.1,146.1,idle,163.19,9.3,32.25,0,none,0.0
2076-12-25,M17,Robotic Arm,0.65,33.79,2.59,18.7,152.8,idle,163.56,17.3,31.88,0,none,0.0
2076-12-26,M17,Robotic Arm,0.68,38.0,2.39,15.9,151.1,idle,164.01,14.9,31.43,0,none,0.0
2076-12-27,M17,Robotic Arm,0.63,33.39,2.46,18.4,152.1,idle,164.47,9.1,30.96,0,none,0.0
2076-12-28,M17,Robotic Arm,0.68,40.11,2.73,17.3,150.4,idle,164.69,9.7,30.75,0,none,0.0
2076-12-29,M17,Robotic Arm,1.63,52.21,6.29,17.3,356.7,normal,165.12,17.7,30.31,0,none,0.0
2076-12-30,M17,Robotic Arm,0.67,40.11,2.72,18.9,152.0,idle,165.62,10.4,29.81,0,none,0.0
2076-12-31,M17,Robotic Arm,0.63,37.69,2.6,18.9,146.1,idle,166.11,10.7,29.33,0,none,0.0
2077-01-01,M17,Robotic Arm,0.62,37.79,2.79,16.9,144.0,idle,166.29,11.9,29.15,0,none,0.0
2077-01-02,M17,Robotic Arm,0.67,38.35,2.74,19.1,145.9,idle,166.77,9.6,28.66,0,none,0.0
2077-01-03,M17,Robotic Arm,0.56,39.63,2.66,14.8,156.5,idle,167.04,11.7,28.4,0,none,0.0
2077-01-04,M17,Robotic Arm,0.71,39.29,2.4,15.3,146.8,idle,167.37,12.7,28.06,0,none,0.0
2077-01-05,M17,Robotic Arm,0.59,39.29,2.42,15.2,146.6,idle,167.64,13.7,27.8,0,none,0.0
2077-01-06,M17,Robotic Arm,0.62,36.3,2.42,19.8,151.0,idle,168.04,8.3,27.4,0,none,0.0
2077-01-07,M17,Robotic Arm,0.59,39.43,2.81,20.0,150.9,idle,168.17,11.0,27.26,0,none,0.0
2077-01-08,M17,Robotic Arm,1.57,39.43,6.2,42.5,337.0,normal,168.41,11.3,27.03,0,none,0.0
2077-01-09,M17,Robotic Arm,0.62,38.69,2.5,16.9,152.3,idle,168.67,15.6,26.76,0,none,0.0
2077-01-10,M17,Robotic Arm,0.75,34.96,2.74,14.8,155.6,idle,168.72,15.9,26.71,0,none,0.0
2077-01-11,M17,Robotic Arm,0.72,37.48,2.63,18.1,150.0,idle,168.87,14.5,26.56,0,none,0.0
2077-01-12,M17,Robotic Arm,0.75,41.77,2.42,18.4,152.7,idle,169.12,14.0,26.31,0,none,0.0
2077-01-13,M17,Robotic Arm,0.73,41.29,2.66,15.5,151.5,idle,169.41,15.0,26.03,0,none,0.0
2077-01-14,M17,Robotic Arm,1.75,46.45,6.22,40.9,352.4,normal,169.84,15.9,25.6,0,none,0.0
2077-01-15,M17,Robotic Arm,2.26,54.92,5.84,42.5,353.6,normal,170.19,8.9,25.25,0,none,0.0
2077-01-16,M17,Robotic Arm,2.01,43.04,6.01,45.9,346.3,normal,170.47,9.9,24.96,0,none,0.0
2077-01-17,M17,Robotic Arm,2.13,50.66,6.53,46.6,341.7,normal,170.91,10.4,24.53,0,none,0.0
2077-01-18,M17,Robotic Arm,1.96,48.67,5.96,44.2,339.1,normal,171.37,17.1,24.06,0,none,0.0
2077-01-19,M17,Robotic Arm,2.72,51.01,8.58,59.7,472.4,peak,171.69,8.9,23.75,1,bearing,2552.0
2077-01-20,M17,Robotic Arm,2.15,53.9,6.1,46.7,335.8,normal,171.72,16.5,23.71,1,bearing,4428.0
2077-01-21,M17,Robotic Arm,1.57,53.27,6.59,41.4,350.5,normal,172.04,16.8,23.4,1,bearing,4623.0
2077-01-22,M17,Robotic Arm,3.03,58.74,8.91,41.4,470.6,peak,172.51,15.3,22.93,1,bearing,3332.0
2077-01-23,M17,Robotic Arm,1.54,45.26,5.86,38.4,333.7,normal,172.79,8.7,22.65,1,bearing,4711.0
2077-01-24,M17,Robotic Arm,0.63,39.85,2.46,20.0,148.5,idle,173.07,8.5,22.36,1,bearing,3251.0
2077-01-25,M17,Robotic Arm,2.44,49.39,5.88,46.4,337.8,normal,173.19,15.3,22.25,1,bearing,2862.0
2077-01-26,M17,Robotic Arm,1.58,45.64,6.3,42.4,335.5,normal,173.54,14.2,21.9,1,bearing,3114.0
2077-01-27,M17,Robotic Arm,2.07,55.58,6.41,38.7,340.0,normal,173.66,16.7,21.78,1,bearing,3692.0
2077-01-28,M17,Robotic Arm,2.26,45.17,6.26,43.5,333.1,normal,174.14,14.6,21.3,1,bearing,3933.0
2077-01-29,M17,Robotic Arm,3.1,62.18,9.07,64.2,490.3,peak,174.56,15.7,20.88,1,bearing,4475.0
2077-01-30,M17,Robotic Arm,2.33,55.11,6.2,39.6,333.8,normal,174.67,17.1,20.76,1,bearing,4956.0
2077-01-31,M17,Robotic Arm,2.56,50.77,6.41,44.1,346.6,normal,175.14,10.8,20.3,1,bearing,4293.0
2077-02-01,M17,Robotic Arm,0.77,40.11,2.85,14.7,151.2,idle,175.61,14.9,19.83,1,bearing,2810.0
2077-02-02,M17,Robotic Arm,2.3,44.7,6.01,45.9,336.7,normal,175.87,12.1,19.56,1,bearing,4105.0
2077-02-03,M17,Robotic Arm,2.22,44.7,6.02,46.9,340.3,normal,176.19,13.7,19.25,1,bearing,4866.0
2077-02-04,M17,Robotic Arm,2.47,50.34,6.12,43.7,345.2,normal,176.61,16.7,18.83,1,bearing,4039.0
2077-02-05,M17,Robotic Arm,2.66,48.62,6.42,44.9,347.9,normal,176.69,12.3,18.75,1,bearing,4678.0
2077-02-06,M17,Robotic Arm,2.14,54.48,6.53,47.6,357.9,normal,177.17,12.5,18.26,1,bearing,2849.0
2077-02-07,M17,Robotic Arm,1.89,52.95,6.63,47.6,333.4,normal,177.64,11.2,17.8,1,bearing,4978.0
2077-02-08,M17,Robotic Arm,0.86,39.17,2.74,17.9,153.1,idle,178.12,17.5,17.31,1,bearing,2621.0
2077-02-09,M17,Robotic Arm,2.54,56.84,6.58,41.4,334.2,normal,178.44,16.6,17.0,1,bearing,4522.0
2077-02-10,M17,Robotic Arm,1.86,45.93,6.73,42.9,356.9,normal,178.77,8.7,16.66,1,bearing,4549.0
2077-02-11,M17,Robotic Arm,1.86,57.21,6.66,43.8,335.4,normal,178.84,8.8,16.6,1,bearing,3160.0
2077-02-12,M17,Robotic Arm,1.98,49.8,5.91,44.7,344.8,normal,179.34,11.2,16.1,1,bearing,4774.0
2077-02-13,M17,Robotic Arm,1.82,55.72,6.64,39.2,334.6,normal,179.42,12.8,16.01,1,bearing,2637.0
2077-02-14,M17,Robotic Arm,1.82,58.86,9.57,61.6,490.3,peak,179.54,11.9,15.9,1,bearing,3198.0
2077-02-15,M17,Robotic Arm,2.04,53.27,6.1,45.1,335.3,normal,179.94,16.4,15.5,1,bearing,2918.0
2077-02-16,M17,Robotic Arm,1.74,53.27,6.18,44.3,350.0,normal,180.29,11.2,15.15,1,bearing,3034.0
2077-02-17,M17,Robotic Arm,3.55,65.17,9.18,59.8,472.8,peak,180.74,13.1,14.7,1,bearing,3680.0
2077-02-18,M17,Robotic Arm,2.58,51.74,6.22,42.3,338.9,normal,180.92,14.7,14.51,1,bearing,4716.0
2077-02-19,M17,Robotic Arm,0.92,40.08,2.7,15.8,142.4,idle,181.04,13.0,14.4,1,bearing,2614.0
2077-02-20,M17,Robotic Arm,0.78,42.06,2.8,17.7,151.0,idle,181.46,16.7,13.98,1,bearing,3953.0
2077-02-21,M17,Robotic Arm,0.75,40.99,2.68,18.1,142.8,idle,181.96,8.6,13.48,1,bearing,3586.0
2077-02-22,M17,Robotic Arm,2.02,47.07,6.44,45.3,347.9,normal,182.11,13.6,13.33,1,bearing,2784.0
2077-02-23,M17,Robotic Arm,2.64,48.13,6.5,38.9,355.6,normal,182.42,15.6,13.01,1,bearing,2982.0
2077-02-24,M17,Robotic Arm,1.91,57.37,5.99,43.3,352.2,normal,182.52,17.1,12.91,1,bearing,4127.0
2077-02-25,M17,Robotic Arm,2.53,52.5,6.08,44.6,344.8,normal,182.91,17.1,12.53,1,bearing,4410.0
2077-02-26,M17,Robotic Arm,2.33,49.23,6.18,47.7,355.2,normal,183.21,9.9,12.23,1,bearing,2899.0
2077-02-27,M17,Robotic Arm,2.91,52.98,6.89,41.0,339.6,normal,183.49,15.5,11.95,1,bearing,2705.0
2077-02-28,M17,Robotic Arm,2.03,52.41,6.16,38.7,327.4,normal,183.84,16.8,11.6,1,bearing,4447.0
2077-03-01,M17,Robotic Arm,2.03,52.41,6.4,44.5,350.6,normal,184.06,12.9,11.38,1,bearing,4691.0
2077-03-02,M17,Robotic Arm,2.48,53.9,6.49,39.2,345.2,normal,184.51,9.1,10.93,1,bearing,2916.0
2077-03-03,M17,Robotic Arm,2.71,46.71,6.09,43.4,350.9,normal,184.91,11.8,10.53,1,bearing,4807.0
2077-03-04,M17,Robotic Arm,0.87,42.86,2.98,14.5,141.3,idle,185.26,17.7,10.18,1,bearing,4779.0
2077-03-05,M17,Robotic Arm,0.92,40.64,2.61,19.2,142.3,idle,185.44,8.7,10.0,1,bearing,3128.0
2077-03-06,M17,Robotic Arm,2.6,52.05,6.15,41.9,338.5,normal,185.47,17.8,9.96,1,bearing,4247.0
2077-03-07,M17,Robotic Arm,2.63,48.95,6.06,44.1,328.3,normal,185.69,13.1,9.75,1,bearing,2873.0
2077-03-08,M17,Robotic Arm,2.05,59.82,6.06,44.4,330.3,normal,186.02,11.7,9.41,1,bearing,4151.0
2077-03-09,M17,Robotic Arm,0.95,44.23,2.78,16.8,148.8,idle,186.34,14.8,9.1,1,bearing,4883.0
2077-03-10,M17,Robotic Arm,0.95,44.23,2.78,15.6,148.8,idle,186.82,10.5,8.61,1,bearing,2906.0
2077-03-11,M17,Robotic Arm,0.83,43.17,2.79,16.2,145.7,idle,186.87,11.6,8.56,1,bearing,3215.0
2077-03-12,M17,Robotic Arm,0.96,43.17,2.72,17.2,151.4,idle,187.19,16.1,8.25,1,bearing,4991.0
2077-03-13,M17,Robotic Arm,0.83,44.2,2.98,14.7,149.3,idle,187.54,9.4,7.9,1,bearing,3891.0
2077-03-14,M17,Robotic Arm,0.84,41.84,2.98,17.0,147.6,idle,187.82,14.6,7.61,1,bearing,3814.0
2077-03-15,M17,Robotic Arm,0.84,41.42,2.78,14.3,146.6,idle,187.87,9.7,7.56,1,bearing,3517.0
2077-03-16,M17,Robotic Arm,0.96,47.41,2.65,16.6,142.5,idle,188.37,9.2,7.06,1,bearing,3141.0
2077-03-17,M17,Robotic Arm,0.85,44.59,2.65,14.1,141.1,idle,188.87,17.6,6.56,1,bearing,3191.0
2077-03-18,M17,Robotic Arm,0.87,41.1,2.98,17.5,139.1,idle,189.09,10.9,6.35,1,bearing,4835.0
2077-03-19,M17,Robotic Arm,0.86,45.81,2.98,16.3,140.0,idle,189.54,11.1,5.9,1,bearing,2548.0
2077-03-20,M17,Robotic Arm,0.9,47.98,2.98,17.7,144.5,idle,189.69,12.5,5.75,1,bearing,3799.0
2077-03-21,M17,Robotic Arm,0.89,45.57,2.88,17.7,139.0,idle,190.01,10.5,5.43,1,bearing,4252.0
2077-03-22,M17,Robotic Arm,2.88,57.18,6.2,39.9,339.7,normal,190.29,9.5,5.15,1,bearing,4036.0
2077-03-23,M17,Robotic Arm,0.92,45.51,2.95,17.3,145.1,idle,190.56,13.2,4.88,1,bearing,4808.0
2077-03-24,M17,Robotic Arm,2.35,56.49,6.91,40.6,347.3,normal,190.59,11.2,4.85,1,bearing,2829.0
2077-03-25,M17,Robotic Arm,0.92,42.34,3.02,40.6,150.5,idle,190.84,8.0,4.6,1,bearing,4245.0
2077-03-26,M17,Robotic Arm,0.99,42.46,2.86,17.8,142.2,idle,190.96,12.8,4.48,1,bearing,3724.0
2077-03-27,M17,Robotic Arm,0.97,45.58,2.61,19.3,146.1,idle,190.99,13.8,4.45,1,bearing,2657.0
2077-03-28,M17,Robotic Arm,0.97,42.75,2.98,17.2,139.7,idle,191.26,15.2,4.18,1,bearing,3195.0
2077-03-29,M17,Robotic Arm,2.95,55.16,6.48,47.2,347.9,normal,191.61,9.1,3.83,1,bearing,4098.0
2077-03-30,M17,Robotic Arm,0.83,46.75,2.69,14.1,141.4,idle,191.77,10.2,3.66,1,bearing,2782.0
2077-03-31,M17,Robotic Arm,0.84,46.38,2.96,15.1,141.3,idle,191.96,15.7,3.48,1,bearing,3743.0
2077-04-01,M17,Robotic Arm,0.86,45.9,2.85,14.0,143.5,idle,192.12,15.2,3.31,1,bearing,4937.0
2077-04-02,M17,Robotic Arm,2.16,56.52,6.62,42.6,345.2,normal,192.19,14.1,3.25,1,bearing,4066.0
2077-04-03,M17,Robotic Arm,0.96,45.45,2.91,15.8,151.6,idle,192.39,16.3,3.05,1,bearing,4640.0
2077-04-04,M17,Robotic Arm,0.92,48.5,3.01,19.4,140.8,idle,192.56,8.7,2.88,1,bearing,3611.0
2077-04-05,M17,Robotic Arm,0.9,48.13,3.07,18.5,147.3,idle,192.89,9.3,2.55,1,bearing,3417.0
2077-04-06,M17,Robotic Arm,1.05,42.64,3.03,15.7,138.9,idle,193.36,12.0,2.08,1,bearing,3047.0
2077-04-07,M17,Robotic Arm,1.02,47.65,2.92,16.1,139.7,idle,193.46,10.3,1.98,1,bearing,3960.0
2077-04-08,M17,Robotic Arm,1.06,42.87,2.98,19.7,152.2,idle,193.96,14.6,1.48,1,bearing,3729.0
2077-04-09,M17,Robotic Arm,4.0,58.1,9.08,59.9,486.6,peak,194.46,13.1,0.98,1,bearing,4163.0
2077-04-10,M17,Robotic Arm,2.18,58.1,6.78,38.9,348.4,normal,194.59,10.4,0.85,1,bearing,4713.0
2077-04-11,M17,Robotic Arm,2.81,54.9,6.24,39.1,346.8,normal,195.01,13.4,0.5,1,bearing,4104.0
2077-04-12,M17,Robotic Arm,3.06,54.9,7.17,41.5,340.4,normal,195.06,14.6,0.5,1,bearing,3576.0
2077-04-13,M17,Robotic Arm,3.12,62.36,7.09,44.0,327.1,normal,195.21,15.0,0.5,1,bearing,4494.0
2077-04-14,M17,Robotic Arm,3.27,60.62,6.85,47.9,338.1,normal,195.42,8.8,0.5,1,bearing,3157.0
2077-04-15,M17,Robotic Arm,0.97,38.3,5.53,42.2,364.9,normal,0.0,16.2,71.96,0,none,0.0
2077-04-16,M17,Robotic Arm,1.34,39.98,5.96,42.2,352.3,normal,0.2,17.2,71.76,0,none,0.0
2077-04-17,M17,Robotic Arm,0.44,28.79,2.4,18.3,150.2,idle,0.27,10.5,71.7,0,none,0.0
2077-04-18,M17,Robotic Arm,0.86,35.72,5.92,43.2,344.6,normal,0.65,12.0,71.31,0,none,0.0
2077-04-19,M17,Robotic Arm,1.35,47.25,5.46,43.9,349.8,normal,1.08,11.4,70.88,0,none,0.0
2077-04-20,M17,Robotic Arm,1.25,47.32,5.22,42.7,364.0,normal,1.38,14.1,70.58,0,none,0.0
2077-04-21,M17,Robotic Arm,1.23,37.37,5.51,42.7,362.4,normal,1.67,11.4,70.3,0,none,0.0
2077-04-22,M17,Robotic Arm,1.1,39.08,5.53,47.7,341.4,normal,2.13,16.9,69.83,0,none,0.0
2077-04-23,M17,Robotic Arm,1.03,37.63,5.52,43.9,345.7,normal,2.47,12.8,47.92,0,none,0.0
2077-04-24,M17,Robotic Arm,1.08,46.05,5.73,44.8,367.7,normal,2.78,16.4,47.6,0,none,0.0
2077-04-25,M17,Robotic Arm,0.39,35.46,2.36,15.1,156.8,idle,3.03,13.1,47.35,0,none,0.0
2077-04-26,M17,Robotic Arm,0.4,30.92,2.31,18.9,153.1,idle,3.08,11.3,47.3,0,none,0.0
2077-04-27,M17,Robotic Arm,0.41,31.81,2.3,16.0,146.6,idle,3.17,17.6,47.22,0,none,0.0
2077-04-28,M17,Robotic Arm,0.38,35.33,2.46,14.3,155.8,idle,3.67,12.5,46.72,0,none,0.0
2077-04-29,M17,Robotic Arm,0.43,34.52,2.48,14.2,150.0,idle,4.03,12.7,46.35,0,none,0.0
2077-04-30,M17,Robotic Arm,0.38,29.68,2.27,14.2,157.2,idle,4.48,12.7,45.9,0,none,0.0
2077-05-01,M17,Robotic Arm,1.4,46.39,5.49,47.2,366.6,normal,4.75,15.6,45.63,0,none,0.0
2077-05-02,M17,Robotic Arm,0.4,33.51,2.39,19.1,148.3,idle,4.93,10.9,45.45,0,none,0.0
2077-05-03,M17,Robotic Arm,0.93,43.0,5.47,42.3,354.4,normal,5.22,12.6,45.17,0,none,0.0
2077-05-04,M17,Robotic Arm,0.44,35.08,2.56,17.5,354.4,idle,5.45,15.7,44.93,0,none,0.0
2077-05-05,M17,Robotic Arm,0.45,35.45,2.59,19.6,157.8,idle,5.9,11.4,44.48,0,none,0.0
2077-05-06,M17,Robotic Arm,0.46,32.76,2.62,19.8,153.7,idle,6.32,9.9,44.07,0,none,0.0
2077-05-07,M17,Robotic Arm,0.43,37.29,2.4,15.2,149.5,idle,6.63,16.6,43.75,0,none,0.0
2077-05-08,M17,Robotic Arm,0.45,31.65,2.47,18.1,152.6,idle,6.82,15.2,43.57,0,none,0.0
2077-05-09,M17,Robotic Arm,1.34,41.82,5.59,46.3,359.6,normal,6.93,15.1,43.45,0,none,0.0
2077-05-10,M17,Robotic Arm,0.38,34.53,2.47,17.1,155.2,idle,7.12,17.6,43.27,0,none,0.0
2077-05-11,M17,Robotic Arm,0.42,35.39,2.42,14.2,156.2,idle,7.53,12.3,42.85,0,none,0.0
2077-05-12,M17,Robotic Arm,0.43,32.35,2.42,14.2,145.7,idle,7.63,8.5,42.75,0,none,0.0
2077-05-13,M17,Robotic Arm,0.94,46.03,5.7,46.3,362.4,normal,7.7,11.4,42.68,0,none,0.0
2077-05-14,M17,Robotic Arm,0.42,37.04,2.71,15.4,155.8,idle,7.93,12.0,42.45,0,none,0.0
2077-05-15,M17,Robotic Arm,0.43,33.67,2.44,18.1,155.9,idle,8.37,13.4,42.02,0,none,0.0
2077-05-16,M17,Robotic Arm,0.37,37.06,2.47,15.9,144.8,idle,8.68,11.7,41.7,0,none,0.0
2077-05-17,M17,Robotic Arm,1.39,44.53,5.85,40.1,350.9,normal,8.95,13.9,41.43,0,none,0.0
2077-05-18,M17,Robotic Arm,0.41,34.16,2.45,16.4,143.1,idle,8.98,11.3,41.4,0,none,0.0
2077-05-19,M17,Robotic Arm,0.38,39.93,2.72,17.6,145.5,idle,9.22,9.0,41.17,0,none,0.0
2077-05-20,M17,Robotic Arm,0.39,36.37,2.49,17.6,147.7,idle,9.63,10.8,40.75,0,none,0.0
2077-05-21,M17,Robotic Arm,1.45,43.87,5.55,44.0,360.8,normal,10.03,8.4,40.35,0,none,0.0
2077-05-22,M17,Robotic Arm,0.46,33.9,2.59,16.7,152.6,idle,10.42,11.1,39.97,0,none,0.0
2077-05-23,M17,Robotic Arm,1.04,44.34,5.83,40.5,331.6,normal,10.85,9.6,39.53,0,none,0.0
2077-05-24,M17,Robotic Arm,1.27,49.35,6.31,45.0,349.4,normal,11.13,14.9,39.25,0,none,0.0
2077-05-25,M17,Robotic Arm,1.04,51.23,6.32,42.4,346.1,normal,11.45,13.2,38.93,0,none,0.0
2077-05-26,M17,Robotic Arm,0.46,38.17,2.67,15.3,149.2,idle,11.87,10.3,38.52,0,none,0.0
2077-05-27,M17,Robotic Arm,0.92,44.68,6.41,44.0,343.1,normal,11.93,10.5,38.45,0,none,0.0
2077-05-28,M17,Robotic Arm,1.21,42.04,6.02,39.4,354.7,normal,12.03,10.9,38.35,0,none,0.0
2077-05-29,M17,Robotic Arm,1.72,52.2,8.67,39.4,483.1,peak,12.23,14.9,38.15,0,none,0.0
2077-05-30,M17,Robotic Arm,0.45,38.96,2.79,15.5,145.1,idle,12.53,17.6,37.85,0,none,0.0
2077-05-31,M17,Robotic Arm,0.46,40.97,2.81,17.8,148.7,idle,12.65,17.4,37.73,0,none,0.0
2077-06-01,M17,Robotic Arm,1.25,47.51,6.0,40.8,345.9,normal,13.1,12.3,37.28,0,none,0.0
2077-06-02,M17,Robotic Arm,1.4,51.15,6.08,38.6,335.7,normal,13.23,14.1,37.15,0,none,0.0
2077-06-03,M17,Robotic Arm,0.46,38.97,2.79,15.5,148.2,idle,13.63,8.3,36.75,0,none,0.0
2077-06-04,M17,Robotic Arm,1.48,50.47,5.87,40.3,332.6,normal,13.67,16.4,36.72,0,none,0.0
2077-06-05,M17,Robotic Arm,0.92,52.28,6.38,46.2,330.1,normal,13.73,8.2,36.65,0,none,0.0
2077-06-06,M17,Robotic Arm,1.47,51.68,5.79,38.9,342.1,normal,14.23,12.2,36.15,0,none,0.0
2077-06-07,M17,Robotic Arm,0.4,38.49,2.42,16.9,140.8,idle,14.48,12.7,35.9,0,none,0.0
2077-06-08,M17,Robotic Arm,0.96,45.91,5.74,39.0,344.3,normal,14.52,13.1,35.87,0,none,0.0
2077-06-09,M17,Robotic Arm,0.41,37.5,2.48,14.3,150.6,idle,14.75,11.1,35.63,0,none,0.0
2077-06-10,M17,Robotic Arm,1.8,57.43,9.26,55.8,462.4,peak,15.1,13.8,35.28,0,none,0.0
2077-06-11,M17,Robotic Arm,1.17,47.75,6.17,47.0,339.3,normal,15.17,17.7,35.22,0,none,0.0
2077-06-12,M17,Robotic Arm,0.4,43.11,2.62,18.5,141.1,idle,15.45,15.8,34.93,0,none,0.0
2077-06-13,M17,Robotic Arm,1.13,44.98,5.99,44.5,334.3,normal,15.67,16.6,34.72,0,none,0.0
2077-06-14,M17,Robotic Arm,0.39,38.33,2.72,14.5,150.3,idle,16.02,17.3,34.37,0,none,0.0
2077-06-15,M17,Robotic Arm,1.14,48.99,6.35,43.6,353.7,normal,16.13,15.6,34.25,0,none,0.0
2077-06-16,M17,Robotic Arm,0.96,56.17,6.34,43.6,345.2,normal,16.23,16.8,34.15,0,none,0.0
2077-06-17,M17,Robotic Arm,1.38,55.39,5.81,46.4,344.7,normal,16.32,10.0,34.07,0,none,0.0
2077-06-18,M17,Robotic Arm,1.49,46.99,6.64,46.5,331.5,normal,16.45,17.9,33.93,0,none,0.0
2077-06-19,M17,Robotic Arm,1.0,53.79,6.44,45.1,348.7,normal,16.95,12.8,33.43,0,none,0.0
2077-06-20,M17,Robotic Arm,1.27,49.55,6.62,42.3,336.6,normal,17.28,12.0,33.1,0,none,0.0
2077-06-21,M17,Robotic Arm,1.81,63.89,9.54,56.7,462.0,peak,17.52,11.8,32.87,0,none,0.0
2077-06-22,M17,Robotic Arm,1.11,57.93,6.34,38.1,340.4,normal,17.7,15.5,32.68,0,none,0.0
2077-06-23,M17,Robotic Arm,1.11,47.31,6.0,38.9,338.5,normal,17.83,8.2,32.55,0,none,0.0
2077-06-24,M17,Robotic Arm,0.44,42.83,2.7,17.5,147.2,idle,18.3,15.6,32.08,0,none,0.0
2077-06-25,M17,Robotic Arm,0.5,43.63,2.62,19.9,139.2,idle,18.58,8.4,31.8,0,none,0.0
2077-06-26,M17,Robotic Arm,1.12,58.74,6.78,44.5,322.9,normal,18.85,17.2,31.53,0,none,0.0
2077-06-27,M17,Robotic Arm,1.2,59.27,6.73,46.9,330.7,normal,19.03,8.2,31.35,0,none,0.0
2077-06-28,M17,Robotic Arm,1.44,55.99,6.74,44.4,332.8,normal,19.18,13.6,31.2,0,none,0.0
2077-06-29,M17,Robotic Arm,1.33,52.07,5.94,46.2,346.0,normal,19.42,9.2,30.97,0,none,0.0
2077-06-30,M17,Robotic Arm,1.4,50.68,6.08,39.7,335.7,normal,19.83,12.6,30.55,0,none,0.0
2077-07-01,M17,Robotic Arm,0.42,47.19,2.78,16.7,149.2,idle,20.27,10.0,30.12,0,none,0.0
2077-07-02,M17,Robotic Arm,1.69,66.43,9.54,61.9,457.2,peak,20.37,10.2,30.02,0,none,0.0
2077-07-03,M17,Robotic Arm,0.98,50.63,6.25,44.2,322.7,normal,20.85,14.8,29.53,0,none,0.0
2077-07-04,M17,Robotic Arm,1.06,51.2,6.63,41.5,328.0,normal,21.02,11.8,29.37,0,none,0.0
2077-07-05,M17,Robotic Arm,0.39,42.31,2.8,17.8,147.0,idle,21.1,10.9,29.28,0,none,0.0
2077-07-06,M17,Robotic Arm,1.25,52.41,2.8,44.5,331.8,normal,21.47,15.5,28.92,0,none,0.0
2077-07-07,M17,Robotic Arm,1.05,49.23,6.29,45.6,338.1,normal,21.83,11.5,28.55,0,none,0.0
2077-07-08,M17,Robotic Arm,1.01,55.09,6.19,42.7,322.3,normal,22.02,10.8,28.37,0,none,0.0
2077-07-09,M17,Robotic Arm,0.47,46.71,2.68,19.9,144.2,idle,22.43,14.9,27.95,0,none,0.0
2077-07-10,M17,Robotic Arm,0.43,45.34,3.01,15.2,138.6,idle,22.73,13.6,27.65,0,none,0.0
2077-07-11,M17,Robotic Arm,1.31,54.26,6.37,42.1,341.6,normal,22.87,12.5,27.52,0,none,0.0
2077-07-12,M17,Robotic Arm,0.49,47.95,2.85,14.1,143.4,idle,23.35,17.5,27.03,0,none,0.0
2077-07-13,M17,Robotic Arm,1.55,61.25,6.25,47.7,323.7,normal,23.45,11.9,26.93,0,none,0.0
2077-07-14,M17,Robotic Arm,0.41,45.47,2.66,15.3,139.7,idle,23.57,10.9,26.82,0,none,0.0
2077-07-15,M17,Robotic Arm,1.91,65.68,9.47,58.0,483.3,peak,23.92,15.8,26.47,0,none,0.0
2077-07-16,M17,Robotic Arm,1.91,56.09,6.55,38.2,328.8,normal,24.17,11.6,26.22,0,none,0.0
2077-07-17,M17,Robotic Arm,0.43,44.53,2.98,18.3,139.0,idle,24.38,17.8,26.0,0,none,0.0
2077-07-18,M17,Robotic Arm,1.13,62.85,6.33,46.7,318.7,normal,24.45,14.6,25.93,0,none,0.0
2077-07-19,M17,Robotic Arm,0.49,48.16,2.98,14.6,140.7,idle,24.83,16.1,25.55,0,none,0.0
2077-07-20,M17,Robotic Arm,1.87,65.19,9.66,58.9,462.7,peak,25.0,13.9,25.38,0,none,0.0
2077-07-21,M17,Robotic Arm,1.2,60.81,7.06,39.1,323.6,normal,25.33,11.2,25.05,0,none,0.0
2077-07-22,M17,Robotic Arm,1.2,60.81,9.67,39.1,323.6,peak,25.83,13.8,24.55,0,none,0.0
2077-07-23,M17,Robotic Arm,1.88,67.31,9.24,60.0,474.3,peak,25.98,8.8,24.4,0,none,0.0
2077-07-24,M17,Robotic Arm,1.39,53.8,7.11,41.4,326.4,normal,26.32,10.7,24.07,0,none,0.0
2077-07-25,M17,Robotic Arm,0.48,48.99,2.94,16.9,138.2,idle,26.73,11.4,23.65,1,motor_overheat,5375.0
2077-07-26,M17,Robotic Arm,0.45,48.06,2.87,15.2,134.7,idle,26.9,14.6,23.48,1,motor_overheat,7649.0
2077-07-27,M17,Robotic Arm,0.45,46.82,2.87,15.2,137.3,idle,26.98,9.5,23.4,1,motor_overheat,3576.0
2077-07-28,M17,Robotic Arm,0.45,47.01,3.06,15.0,140.7,idle,27.02,14.4,23.37,1,motor_overheat,4677.0
2077-07-29,M17,Robotic Arm,0.43,46.5,3.04,17.3,134.8,idle,27.32,12.8,23.07,1,motor_overheat,6703.0
2077-07-30,M17,Robotic Arm,0.51,48.98,2.86,17.0,136.8,idle,27.38,15.5,23.0,1,motor_overheat,6518.0
2077-07-31,M17,Robotic Arm,0.47,48.0,3.06,19.0,140.3,idle,27.42,17.4,22.97,1,motor_overheat,3546.0
2077-08-01,M17,Robotic Arm,1.32,66.24,7.06,38.6,318.1,normal,27.52,9.0,22.87,1,motor_overheat,3050.0
2077-08-02,M17,Robotic Arm,0.47,48.96,3.05,17.9,147.3,idle,27.57,13.4,22.82,1,motor_overheat,7986.0
2077-08-03,M17,Robotic Arm,0.41,49.64,2.86,16.6,145.7,idle,27.85,8.8,22.53,1,motor_overheat,3495.0
2077-08-04,M17,Robotic Arm,0.45,52.36,2.86,16.9,142.9,idle,28.15,12.3,22.23,1,motor_overheat,5454.0
2077-08-05,M17,Robotic Arm,0.43,47.87,2.86,16.4,137.5,idle,28.27,17.4,22.12,1,motor_overheat,6550.0
2077-08-06,M17,Robotic Arm,0.44,47.87,3.17,19.4,138.6,idle,28.67,16.1,21.72,1,motor_overheat,4497.0
2077-08-07,M17,Robotic Arm,0.51,50.45,2.73,15.1,136.4,idle,28.78,17.5,21.6,1,motor_overheat,5639.0
2077-08-08,M17,Robotic Arm,0.51,54.43,2.8,16.4,146.3,idle,29.23,16.1,21.15,1,motor_overheat,6768.0
2077-08-09,M17,Robotic Arm,0.5,50.73,2.91,19.3,146.3,idle,29.3,17.6,21.08,1,motor_overheat,6135.0
2077-08-10,M17,Robotic Arm,0.51,48.46,3.14,14.4,146.0,idle,29.58,15.3,20.8,1,motor_overheat,4773.0
2077-08-11,M17,Robotic Arm,1.0,67.66,6.46,39.2,337.1,normal,29.98,14.4,20.4,1,motor_overheat,7697.0
2077-08-12,M17,Robotic Arm,0.51,54.35,2.92,14.5,134.3,idle,30.45,17.9,19.93,1,motor_overheat,6112.0
2077-08-13,M17,Robotic Arm,0.52,51.28,3.09,18.1,138.7,idle,30.62,14.5,19.77,1,motor_overheat,4160.0
2077-08-14,M17,Robotic Arm,0.52,53.46,3.1,19.0,135.1,idle,31.02,15.6,19.37,1,motor_overheat,4539.0
2077-08-15,M17,Robotic Arm,0.45,54.4,3.1,17.6,145.4,idle,31.33,13.8,19.05,1,motor_overheat,5734.0
2077-08-16,M17,Robotic Arm,0.52,54.76,2.86,16.0,136.8,idle,31.4,11.6,18.98,1,motor_overheat,4136.0
2077-08-17,M17,Robotic Arm,0.43,54.31,2.93,17.7,141.5,idle,31.45,12.8,18.93,1,motor_overheat,3326.0
2077-08-18,M17,Robotic Arm,0.41,49.66,2.9,17.9,138.3,idle,31.63,15.0,18.75,1,motor_overheat,6659.0
2077-08-19,M17,Robotic Arm,0.52,51.3,2.79,14.7,134.7,idle,31.87,16.8,18.52,1,motor_overheat,4393.0
2077-08-20,M17,Robotic Arm,0.44,52.31,3.03,15.5,138.6,idle,32.08,13.5,18.3,1,motor_overheat,6768.0
2077-08-21,M17,Robotic Arm,0.48,52.16,2.97,16.3,144.2,idle,32.55,10.2,17.83,1,motor_overheat,4918.0
2077-08-22,M17,Robotic Arm,0.43,55.44,2.91,15.1,143.1,idle,32.65,11.9,17.73,1,motor_overheat,4321.0
2077-08-23,M17,Robotic Arm,0.48,53.99,2.98,16.4,140.5,idle,33.13,8.6,17.25,1,motor_overheat,4705.0
2077-08-24,M17,Robotic Arm,0.51,56.08,3.03,18.2,141.5,idle,33.32,12.6,17.07,1,motor_overheat,4121.0
2077-08-25,M17,Robotic Arm,1.47,60.44,7.28,44.5,309.2,normal,33.82,16.6,16.57,1,motor_overheat,3584.0
2077-08-26,M17,Robotic Arm,1.45,69.42,7.28,39.3,322.9,normal,33.98,12.1,16.4,1,motor_overheat,6473.0
2077-08-27,M17,Robotic Arm,0.44,55.07,3.13,17.1,134.7,idle,34.27,15.8,16.12,1,motor_overheat,3244.0
2077-08-28,M17,Robotic Arm,0.53,52.31,2.81,19.0,130.9,idle,34.42,15.9,15.97,1,motor_overheat,5676.0
2077-08-29,M17,Robotic Arm,1.35,65.65,6.95,40.8,325.5,normal,34.83,17.0,15.55,1,motor_overheat,7435.0
2077-08-30,M17,Robotic Arm,0.47,52.68,3.04,18.4,134.4,idle,35.03,8.6,15.35,1,motor_overheat,7790.0
2077-08-31,M17,Robotic Arm,1.11,63.44,7.19,39.0,311.3,normal,35.32,8.4,15.07,1,motor_overheat,3990.0
2077-09-01,M17,Robotic Arm,2.16,63.44,7.19,39.0,311.3,peak,35.72,10.8,14.67,1,motor_overheat,5215.0
2077-09-02,M17,Robotic Arm,1.04,59.6,6.96,38.7,309.6,normal,35.85,11.6,14.53,1,motor_overheat,3354.0
2077-09-03,M17,Robotic Arm,1.47,63.4,7.25,42.1,327.8,normal,36.18,16.2,14.2,1,motor_overheat,7812.0
2077-09-04,M17,Robotic Arm,0.51,58.98,3.1,18.7,137.7,idle,36.68,16.2,13.7,1,motor_overheat,3336.0
2077-09-05,M17,Robotic Arm,1.53,69.19,7.01,18.7,324.7,normal,37.07,12.1,13.32,1,motor_overheat,3161.0
2077-09-06,M17,Robotic Arm,0.44,57.57,3.35,15.1,139.2,idle,37.12,17.2,13.27,1,motor_overheat,6311.0
2077-09-07,M17,Robotic Arm,1.67,66.99,7.31,15.1,314.6,normal,37.42,13.3,12.97,1,motor_overheat,6060.0
2077-09-08,M17,Robotic Arm,1.46,72.02,7.71,43.4,323.5,normal,37.62,11.0,12.77,1,motor_overheat,4333.0
2077-09-09,M17,Robotic Arm,1.54,64.06,7.22,44.8,305.8,normal,37.83,12.6,12.55,1,motor_overheat,6196.0
2077-09-10,M17,Robotic Arm,1.64,66.3,7.22,46.7,306.6,normal,38.13,11.4,12.25,1,motor_overheat,6561.0
2077-09-11,M17,Robotic Arm,0.43,56.41,2.94,19.9,136.1,idle,38.6,10.9,11.78,1,motor_overheat,4159.0
2077-09-12,M17,Robotic Arm,1.42,71.97,7.06,43.2,304.9,normal,38.93,12.9,11.45,1,motor_overheat,3188.0
2077-09-13,M17,Robotic Arm,1.11,67.42,7.74,42.4,313.1,normal,39.0,9.5,11.38,1,motor_overheat,5945.0
2077-09-14,M17,Robotic Arm,0.54,56.77,3.13,15.0,139.6,idle,39.1,16.2,11.28,1,motor_overheat,5557.0
2077-09-15,M17,Robotic Arm,1.07,67.4,7.09,40.6,307.1,normal,39.45,16.6,10.93,1,motor_overheat,4417.0
2077-09-16,M17,Robotic Arm,1.29,73.8,7.56,46.9,305.8,normal,39.52,8.6,10.87,1,motor_overheat,5910.0
2077-09-17,M17,Robotic Arm,1.63,67.75,7.84,43.9,313.3,normal,39.63,15.9,10.75,1,motor_overheat,5249.0
2077-09-18,M17,Robotic Arm,1.68,67.38,7.62,42.7,319.5,normal,39.98,8.8,10.4,1,motor_overheat,5357.0
2077-09-19,M17,Robotic Arm,1.68,58.35,3.08,19.2,140.2,idle,40.1,15.3,10.28,1,motor_overheat,4821.0
2077-09-20,M17,Robotic Arm,1.55,73.46,7.22,39.5,317.7,normal,40.48,16.8,9.9,1,motor_overheat,6681.0
2077-09-21,M17,Robotic Arm,1.49,66.47,7.83,41.6,320.7,normal,40.83,9.8,9.55,1,motor_overheat,3415.0
2077-09-22,M17,Robotic Arm,1.14,66.9,7.52,40.4,324.2,normal,41.02,13.2,9.37,1,motor_overheat,4746.0
2077-09-23,M17,Robotic Arm,1.43,72.85,7.48,42.1,320.4,normal,41.25,10.3,9.13,1,motor_overheat,3556.0
2077-09-24,M17,Robotic Arm,1.43,69.1,7.48,42.1,303.9,normal,41.53,11.5,8.85,1,motor_overheat,4786.0
2077-09-25,M17,Robotic Arm,1.72,76.32,7.33,45.5,314.4,normal,41.95,14.3,8.43,1,motor_overheat,6957.0
2077-09-26,M17,Robotic Arm,0.5,62.75,3.28,14.6,138.0,idle,42.22,10.2,8.17,1,motor_overheat,6558.0
2077-09-27,M17,Robotic Arm,1.98,79.42,11.04,64.0,452.3,peak,42.42,11.6,7.97,1,motor_overheat,4170.0
2077-09-28,M17,Robotic Arm,0.55,61.99,11.04,14.1,127.8,idle,42.68,12.3,7.7,1,motor_overheat,5917.0
2077-09-29,M17,Robotic Arm,2.03,81.83,10.82,57.4,423.6,peak,42.87,14.3,7.52,1,motor_overheat,6181.0
2077-09-30,M17,Robotic Arm,2.06,83.74,10.13,59.6,420.6,peak,43.35,14.2,7.03,1,motor_overheat,3555.0
2077-10-01,M17,Robotic Arm,0.48,64.71,3.01,14.3,127.5,idle,43.57,16.8,6.82,1,motor_overheat,7669.0
2077-10-02,M17,Robotic Arm,1.55,65.4,7.41,47.5,297.7,normal,43.85,8.3,6.53,1,motor_overheat,5005.0
2077-10-03,M17,Robotic Arm,1.72,67.06,7.15,44.0,301.9,normal,44.25,13.1,6.13,1,motor_overheat,5627.0
2077-10-04,M17,Robotic Arm,1.9,82.49,10.64,64.1,426.4,peak,44.55,17.2,5.83,1,motor_overheat,5555.0
2077-10-05,M17,Robotic Arm,0.53,61.29,3.06,19.9,133.4,idle,44.92,17.4,5.47,1,motor_overheat,7292.0
2077-10-06,M17,Robotic Arm,0.55,61.12,3.21,16.9,133.7,idle,45.4,12.1,4.98,1,motor_overheat,6829.0
2077-10-07,M17,Robotic Arm,1.36,69.77,7.28,44.0,300.5,normal,45.65,8.2,4.73,1,motor_overheat,5566.0
2077-10-08,M17,Robotic Arm,1.36,67.02,7.36,42.8,314.6,normal,45.68,8.8,4.7,1,motor_overheat,5843.0
2077-10-09,M17,Robotic Arm,1.35,70.73,7.65,38.5,302.7,normal,46.12,16.0,4.27,1,motor_overheat,3355.0
2077-10-10,M17,Robotic Arm,1.96,77.4,10.78,55.6,441.5,peak,46.4,16.1,3.98,1,motor_overheat,7464.0
2077-10-11,M17,Robotic Arm,1.28,70.19,7.48,41.7,314.2,normal,46.48,12.0,3.9,1,motor_overheat,7962.0
2077-10-12,M17,Robotic Arm,1.29,73.5,7.68,41.1,312.9,normal,46.97,9.0,3.42,1,motor_overheat,6049.0
2077-10-13,M17,Robotic Arm,1.52,77.11,7.2,46.2,298.5,normal,47.28,8.3,3.1,1,motor_overheat,6997.0
2077-10-14,M17,Robotic Arm,0.46,65.42,3.15,16.4,133.8,idle,47.35,12.4,3.03,1,motor_overheat,4032.0
2077-10-15,M17,Robotic Arm,1.17,69.69,3.15,42.5,297.6,normal,47.68,8.1,2.7,1,motor_overheat,3648.0
2077-10-16,M17,Robotic Arm,1.45,76.38,7.62,39.7,308.1,normal,48.1,12.1,2.28,1,motor_overheat,4751.0
2077-10-17,M17,Robotic Arm,1.18,77.1,7.5,38.0,303.0,normal,48.47,15.6,1.92,1,motor_overheat,4381.0
2077-10-18,M17,Robotic Arm,0.49,63.48,3.33,16.0,127.7,idle,48.83,9.9,1.55,1,motor_overheat,6197.0
2077-10-19,M17,Robotic Arm,1.64,69.99,7.66,40.5,297.9,normal,48.88,16.8,1.5,1,motor_overheat,3566.0
2077-10-20,M17,Robotic Arm,1.41,81.21,7.97,39.9,304.8,normal,49.32,14.2,1.07,1,motor_overheat,6944.0
2077-10-21,M17,Robotic Arm,3.19,80.91,7.72,47.5,306.8,normal,49.57,11.4,0.82,1,motor_overheat,5021.0
2077-10-22,M17,Robotic Arm,0.56,63.81,3.54,15.1,136.0,idle,49.77,16.5,0.62,1,motor_overheat,7519.0
2077-10-23,M17,Robotic Arm,1.3,78.77,7.89,42.8,300.1,normal,50.22,17.4,0.5,1,motor_overheat,3550.0
2077-10-24,M17,Robotic Arm,0.39,30.12,2.44,19.9,155.1,idle,0.0,8.0,78.92,0,none,0.0
2077-10-25,M17,Robotic Arm,0.43,32.58,2.41,18.9,149.8,idle,0.1,9.7,78.82,0,none,0.0
2077-10-26,M17,Robotic Arm,0.38,30.69,2.43,14.0,157.5,idle,0.5,17.4,78.42,0,none,0.0
2077-10-27,M17,Robotic Arm,1.02,42.81,5.24,42.3,342.0,normal,0.9,10.5,78.02,0,none,0.0
2077-10-28,M17,Robotic Arm,1.5,52.25,7.9,63.1,493.5,peak,1.1,11.7,77.82,0,none,0.0
2077-10-29,M17,Robotic Arm,1.21,36.23,5.35,42.7,353.2,normal,1.57,17.4,77.35,0,none,0.0
2077-10-30,M17,Robotic Arm,0.37,34.1,2.31,16.6,353.2,idle,1.72,16.1,77.2,0,none,0.0
2077-10-31,M17,Robotic Arm,0.45,30.43,2.31,19.4,147.4,idle,1.85,13.1,77.07,0,none,0.0
2077-11-01,M17,Robotic Arm,0.44,31.98,2.29,15.5,155.7,idle,2.18,14.4,76.74,0,none,0.0
2077-11-02,M17,Robotic Arm,0.87,44.3,5.45,46.1,343.8,normal,2.38,10.5,76.54,0,none,0.0
2077-11-03,M17,Robotic Arm,0.99,40.71,5.9,40.8,365.3,normal,2.83,17.7,76.09,0,none,0.0
2077-11-04,M17,Robotic Arm,0.91,37.26,5.33,44.1,351.7,normal,2.9,15.8,76.02,0,none,0.0
2077-11-05,M17,Robotic Arm,0.44,31.4,2.54,15.4,159.0,idle,2.97,14.5,75.95,0,none,0.0
2077-11-06,M17,Robotic Arm,0.41,31.54,2.44,19.5,150.1,idle,3.13,12.0,75.79,0,none,0.0
2077-11-07,M17,Robotic Arm,0.37,29.72,2.59,16.0,158.3,idle,3.57,15.9,75.35,0,none,0.0
2077-11-08,M17,Robotic Arm,0.36,31.01,2.45,19.8,155.2,idle,3.87,15.6,75.05,0,none,0.0
2077-11-09,M17,Robotic Arm,0.85,44.88,5.72,39.9,358.6,normal,4.28,8.2,74.64,0,none,0.0
2077-11-10,M17,Robotic Arm,1.36,35.06,5.98,41.0,358.2,normal,4.35,12.9,74.57,0,none,0.0
2077-11-11,M17,Robotic Arm,1.0,44.5,5.61,40.6,355.1,normal,4.83,8.2,74.09,0,none,0.0
2077-11-12,M17,Robotic Arm,1.04,38.25,5.67,44.4,344.2,normal,5.03,11.0,73.89,0,none,0.0
2077-11-13,M17,Robotic Arm,1.36,35.09,5.42,41.4,342.0,normal,5.38,13.5,73.54,0,none,0.0
2077-11-14,M17,Robotic Arm,1.53,53.02,7.86,58.6,507.5,peak,5.53,9.5,73.39,0,none,0.0
2077-11-15,M17,Robotic Arm,1.72,51.2,7.97,62.1,517.0,peak,5.72,8.0,73.2,0,none,0.0
2077-11-16,M17,Robotic Arm,0.92,42.47,5.9,62.1,342.6,normal,6.05,9.9,72.87,0,none,0.0
2077-11-17,M17,Robotic Arm,1.37,44.44,5.78,39.5,357.3,normal,6.52,11.6,72.4,0,none,0.0
2077-11-18,M17,Robotic Arm,1.37,32.1,2.49,15.1,147.3,idle,7.0,17.3,71.92,0,none,0.0
2077-11-19,M17,Robotic Arm,0.39,32.5,2.47,17.6,157.7,idle,7.17,12.5,71.75,0,none,0.0
2077-11-20,M17,Robotic Arm,1.25,41.56,5.59,46.0,366.5,normal,7.65,15.5,71.27,0,none,0.0
2077-11-21,M17,Robotic Arm,1.32,41.45,5.66,45.9,357.4,normal,7.93,13.6,70.99,0,none,0.0
2077-11-22,M17,Robotic Arm,0.97,46.53,5.59,47.8,356.6,normal,8.32,9.3,70.6,0,none,0.0
2077-11-23,M17,Robotic Arm,1.06,37.77,5.48,47.8,367.6,normal,8.65,12.1,70.27,0,none,0.0
2077-11-24,M17,Robotic Arm,1.18,45.66,5.37,38.6,352.6,normal,9.05,8.9,69.87,0,none,0.0
2077-11-25,M17,Robotic Arm,1.36,36.47,5.83,38.6,345.0,normal,9.55,17.4,69.37,0,none,0.0
2077-11-26,M17,Robotic Arm,0.42,29.48,2.21,15.3,156.0,idle,9.7,10.8,69.22,0,none,0.0
2077-11-27,M17,Robotic Arm,1.14,42.11,5.53,39.5,346.5,normal,10.07,12.7,68.85,0,none,0.0
2077-11-28,M17,Robotic Arm,0.37,32.95,2.54,15.4,147.6,idle,10.17,16.2,68.75,0,none,0.0
2077-11-29,M17,Robotic Arm,0.38,34.57,2.29,18.1,146.8,idle,10.43,16.5,68.49,0,none,0.0
2077-11-30,M17,Robotic Arm,0.42,29.71,2.53,14.1,152.5,idle,10.85,14.7,68.07,0,none,0.0
2077-12-01,M17,Robotic Arm,1.21,44.67,5.92,44.3,343.9,normal,11.15,13.4,67.77,0,none,0.0
2077-12-02,M17,Robotic Arm,1.25,41.86,5.28,39.4,364.9,normal,11.2,9.6,67.72,0,none,0.0
2077-12-03,M17,Robotic Arm,1.16,37.05,5.83,43.9,345.0,normal,11.62,11.8,67.3,0,none,0.0
2077-12-04,M17,Robotic Arm,1.1,47.08,5.8,41.9,340.2,normal,11.65,13.5,67.27,0,none,0.0
2077-12-05,M17,Robotic Arm,0.97,37.35,5.5,46.8,345.4,normal,11.7,12.3,67.22,0,none,0.0
2077-12-06,M17,Robotic Arm,0.88,36.71,5.56,38.7,356.7,normal,11.98,9.8,66.94,0,none,0.0
2077-12-07,M17,Robotic Arm,1.0,39.87,5.32,45.5,351.4,normal,12.32,15.3,66.6,0,none,0.0
2077-12-08,M17,Robotic Arm,0.91,39.7,5.99,45.1,366.1,normal,12.78,17.0,66.14,0,none,0.0
2077-12-09,M17,Robotic Arm,0.91,39.7,2.42,45.1,158.1,idle,13.0,9.2,65.92,0,none,0.0
2077-12-10,M17,Robotic Arm,1.24,45.69,5.79,41.1,343.6,normal,13.45,12.1,65.47,0,none,0.0
2077-12-11,M17,Robotic Arm,1.24,46.77,5.79,38.5,359.1,normal,13.73,9.4,65.19,0,none,0.0
2077-12-12,M17,Robotic Arm,1.24,46.77,5.79,16.7,359.1,idle,14.15,16.5,64.77,0,none,0.0
2077-12-13,M17,Robotic Arm,1.01,37.33,5.74,40.9,341.7,normal,14.47,12.2,64.45,0,none,0.0
2077-12-14,M17,Robotic Arm,1.29,39.22,5.99,41.1,356.7,normal,14.88,10.0,64.04,0,none,0.0
2077-12-15,M17,Robotic Arm,0.94,41.93,5.41,44.8,340.9,normal,15.3,8.2,63.62,0,none,0.0
2077-12-16,M17,Robotic Arm,1.23,41.73,5.5,38.6,341.9,normal,15.68,9.7,63.24,0,none,0.0
2077-12-17,M17,Robotic Arm,0.43,33.18,2.39,14.0,157.2,idle,15.95,18.0,62.97,0,none,0.0
2077-12-18,M17,Robotic Arm,1.22,36.0,5.42,38.7,366.1,normal,16.12,10.3,62.8,0,none,0.0
2077-12-19,M17,Robotic Arm,1.13,39.87,5.71,45.5,359.6,normal,16.27,14.9,62.65,0,none,0.0
2077-12-20,M17,Robotic Arm,1.13,42.73,5.2,39.4,366.0,normal,16.6,9.3,62.32,0,none,0.0
2077-12-21,M17,Robotic Arm,0.92,43.05,5.36,47.6,346.8,normal,16.78,12.2,62.14,0,none,0.0
2077-12-22,M17,Robotic Arm,1.05,45.06,5.73,41.2,360.9,normal,17.13,16.4,61.79,0,none,0.0
2077-12-23,M17,Robotic Arm,0.45,29.01,2.3,16.7,149.7,idle,17.5,17.4,61.42,0,none,0.0
2077-12-24,M17,Robotic Arm,0.38,31.0,2.52,16.1,148.8,idle,17.63,17.0,61.29,0,none,0.0
2077-12-25,M17,Robotic Arm,0.41,34.1,2.48,16.0,159.6,idle,18.12,15.8,60.8,0,none,0.0
2077-12-26,M17,Robotic Arm,0.42,28.97,2.48,19.4,152.1,idle,18.32,17.6,60.6,0,none,0.0
2077-12-27,M17,Robotic Arm,0.42,29.06,2.24,17.8,151.0,idle,18.43,12.5,60.49,0,none,0.0
2077-12-28,M17,Robotic Arm,0.4,30.15,2.38,14.6,146.6,idle,18.8,13.8,60.12,0,none,0.0
2077-12-29,M17,Robotic Arm,0.39,31.17,2.55,16.0,155.2,idle,18.93,10.5,59.99,0,none,0.0
2077-12-30,M17,Robotic Arm,0.38,30.16,2.48,17.4,150.6,idle,19.42,17.3,59.5,0,none,0.0
2077-12-31,M17,Robotic Arm,0.4,33.91,2.5,19.6,158.2,idle,19.92,13.3,59.0,0,none,0.0
2078-01-01,M17,Robotic Arm,1.22,37.47,5.49,43.5,341.0,normal,20.2,15.1,58.72,0,none,0.0
2078-01-02,M17,Robotic Arm,0.42,34.86,2.53,18.1,155.2,idle,20.62,9.6,58.3,0,none,0.0
2078-01-03,M17,Robotic Arm,1.2,30.17,2.38,18.0,153.6,idle,21.07,14.8,57.85,0,none,0.0
2078-01-04,M17,Robotic Arm,0.43,30.56,2.37,15.5,154.6,idle,21.43,17.8,57.49,0,none,0.0
2078-01-05,M17,Robotic Arm,0.39,31.84,2.22,18.2,153.0,idle,21.48,11.1,57.44,0,none,0.0
2078-01-06,M17,Robotic Arm,0.42,29.75,2.54,19.2,151.6,idle,21.85,14.6,57.07,0,none,0.0
2078-01-07,M17,Robotic Arm,0.36,31.55,2.46,17.6,158.5,idle,22.02,17.3,56.9,0,none,0.0
2078-01-08,M17,Robotic Arm,0.44,32.35,2.46,14.8,150.9,idle,22.07,14.8,56.85,0,none,0.0
2078-01-09,M17,Robotic Arm,0.44,30.42,2.49,16.9,152.5,idle,22.38,10.1,56.54,0,none,0.0
2078-01-10,M17,Robotic Arm,0.37,29.17,2.36,16.9,147.4,idle,22.57,15.7,56.35,0,none,0.0
2078-01-11,M17,Robotic Arm,0.43,31.06,2.59,14.0,158.8,idle,22.7,8.3,56.22,0,none,0.0
2078-01-12,M17,Robotic Arm,0.42,32.36,2.54,17.8,145.5,idle,22.75,11.1,56.17,0,none,0.0
2078-01-13,M17,Robotic Arm,0.44,34.11,2.41,14.8,157.3,idle,23.17,13.4,55.75,0,none,0.0
2078-01-14,M17,Robotic Arm,0.4,30.28,2.6,15.0,147.5,idle,23.4,13.7,55.52,0,none,0.0
2078-01-15,M17,Robotic Arm,0.41,29.87,2.36,15.4,156.7,idle,23.77,12.1,55.15,0,none,0.0
2078-01-16,M17,Robotic Arm,0.38,33.9,2.49,15.8,157.0,idle,23.97,15.3,54.95,0,none,0.0
2078-01-17,M17,Robotic Arm,0.38,30.85,2.23,17.4,157.2,idle,24.15,14.1,54.77,0,none,0.0
2078-01-18,M17,Robotic Arm,0.41,31.86,2.56,16.6,159.9,idle,24.43,16.8,54.49,0,none,0.0
2078-01-19,M17,Robotic Arm,0.4,32.5,2.22,18.2,149.8,idle,24.92,16.4,54.0,0,none,0.0
2078-01-20,M17,Robotic Arm,0.92,36.93,5.61,43.9,361.1,normal,25.32,11.1,53.6,0,none,0.0
2078-01-21,M17,Robotic Arm,1.1,46.24,5.25,39.2,346.8,normal,25.77,11.2,53.15,0,none,0.0
2078-01-22,M17,Robotic Arm,0.91,44.83,5.49,44.0,362.9,normal,26.17,11.9,52.75,0,none,0.0
2078-01-23,M17,Robotic Arm,1.15,41.93,5.56,45.0,355.9,normal,26.45,16.5,52.47,0,none,0.0
2078-01-24,M17,Robotic Arm,1.07,43.03,5.97,46.1,353.4,normal,26.78,16.9,52.14,0,none,0.0
2078-01-25,M17,Robotic Arm,1.18,40.09,5.62,45.3,365.1,normal,27.1,13.0,51.82,0,none,0.0
2078-01-26,M17,Robotic Arm,1.18,40.09,5.66,45.3,365.1,normal,27.42,11.9,51.5,0,none,0.0
2078-01-27,M17,Robotic Arm,1.57,50.51,7.96,57.5,515.4,peak,27.65,12.0,51.27,0,none,0.0
2078-01-28,M17,Robotic Arm,1.57,34.04,2.37,17.8,157.2,idle,27.8,9.8,51.12,0,none,0.0
2078-01-29,M17,Robotic Arm,0.38,34.0,2.34,15.2,156.1,idle,28.1,14.0,50.82,0,none,0.0
2078-01-30,M17,Robotic Arm,1.03,34.0,5.84,40.3,369.6,normal,28.18,15.3,50.74,0,none,0.0
2078-01-31,M17,Robotic Arm,1.05,42.25,5.26,40.3,348.9,normal,28.42,11.0,50.5,0,none,0.0
2078-02-01,M17,Robotic Arm,0.86,38.61,5.62,44.9,347.5,normal,28.87,8.1,50.05,0,none,0.0
2078-02-02,M17,Robotic Arm,0.39,30.68,2.33,16.3,152.3,idle,29.08,10.6,49.84,0,none,0.0
2078-02-03,M17,Robotic Arm,0.96,41.04,5.41,38.6,346.4,normal,29.42,17.2,49.5,0,none,0.0
2078-02-04,M17,Robotic Arm,1.36,41.57,5.99,40.2,348.8,normal,29.8,8.3,49.12,0,none,0.0
2078-02-05,M17,Robotic Arm,1.2,39.62,5.49,46.4,340.9,normal,30.28,14.4,48.64,0,none,0.0
2078-02-06,M17,Robotic Arm,1.22,46.44,5.34,42.0,364.3,normal,30.57,9.0,48.35,0,none,0.0
2078-02-07,M17,Robotic Arm,1.66,46.65,8.13,58.2,505.1,peak,30.68,12.2,48.24,0,none,0.0
2078-02-08,M17,Robotic Arm,0.93,37.93,5.21,39.8,343.9,normal,31.07,14.5,47.85,0,none,0.0
2078-02-09,M17,Robotic Arm,1.68,54.28,7.72,56.3,501.4,peak,31.23,16.9,47.69,0,none,0.0
2078-02-10,M17,Robotic Arm,0.95,42.04,5.6,38.2,368.9,normal,31.5,10.3,47.42,0,none,0.0
2078-02-11,M17,Robotic Arm,0.96,46.63,5.51,39.6,343.2,normal,31.58,10.5,47.34,0,none,0.0
2078-02-12,M17,Robotic Arm,1.13,39.7,5.93,40.0,361.7,normal,31.8,16.2,47.12,0,none,0.0
2078-02-13,M17,Robotic Arm,0.95,46.33,5.61,46.3,353.1,normal,31.93,14.7,46.99,0,none,0.0
2078-02-14,M17,Robotic Arm,0.95,42.01,5.42,46.3,367.1,normal,32.13,11.3,46.79,0,none,0.0
2078-02-15,M17,Robotic Arm,0.41,33.6,2.51,14.0,158.3,idle,32.33,9.5,46.59,0,none,0.0
2078-02-16,M17,Robotic Arm,1.73,45.49,7.73,55.6,483.7,peak,32.73,10.1,46.19,0,none,0.0
2078-02-17,M17,Robotic Arm,0.96,35.05,5.45,47.2,356.7,normal,32.78,17.9,46.14,0,none,0.0
2078-02-18,M17,Robotic Arm,1.17,38.08,5.38,41.7,347.9,normal,33.07,11.4,45.85,0,none,0.0
2078-02-19,M17,Robotic Arm,1.32,37.31,5.74,42.9,360.3,normal,33.32,17.8,45.6,0,none,0.0
2078-02-20,M17,Robotic Arm,1.31,39.44,5.63,43.0,351.2,normal,33.78,15.6,45.14,0,none,0.0
2078-02-21,M17,Robotic Arm,1.3,35.13,5.45,46.3,366.2,normal,33.85,13.6,45.07,0,none,0.0
2078-02-22,M17,Robotic Arm,1.3,30.39,2.53,14.5,149.0,idle,34.17,10.3,44.75,0,none,0.0
2078-02-23,M17,Robotic Arm,0.9,36.43,5.67,38.7,360.4,normal,34.35,11.1,44.57,0,none,0.0
2078-02-24,M17,Robotic Arm,0.9,36.43,2.31,38.7,150.5,idle,34.63,16.4,44.29,0,none,0.0
2078-02-25,M17,Robotic Arm,0.4,31.52,2.34,38.7,148.3,idle,34.97,15.8,43.95,0,none,0.0
2078-02-26,M17,Robotic Arm,1.04,42.2,5.4,39.5,340.2,normal,35.27,11.7,43.65,0,none,0.0
2078-02-27,M17,Robotic Arm,0.44,33.49,2.56,14.2,146.1,idle,35.38,9.0,43.54,0,none,0.0
2078-02-28,M17,Robotic Arm,1.15,35.3,5.42,47.7,350.7,normal,35.57,10.2,43.35,0,none,0.0
2078-03-01,M17,Robotic Arm,1.79,43.54,7.89,55.1,503.7,peak,35.85,15.5,43.07,0,none,0.0
2078-03-02,M17,Robotic Arm,0.38,31.53,2.52,17.3,155.0,idle,36.22,9.6,42.7,0,none,0.0
2078-03-03,M17,Robotic Arm,1.11,44.72,5.68,46.7,362.7,normal,36.27,10.2,42.65,0,none,0.0
2078-03-04,M17,Robotic Arm,1.11,31.67,2.55,19.1,152.2,idle,36.7,15.0,42.22,0,none,0.0
2078-03-05,M17,Robotic Arm,0.38,29.47,2.28,14.9,160.0,idle,37.1,12.2,41.82,0,none,0.0
2078-03-06,M17,Robotic Arm,1.21,39.09,5.43,41.0,366.2,normal,37.5,16.3,41.42,0,none,0.0
2078-03-07,M17,Robotic Arm,0.4,29.9,2.52,18.5,152.0,idle,37.93,13.2,40.99,0,none,0.0
2078-03-08,M17,Robotic Arm,0.42,33.17,2.22,19.2,149.3,idle,38.18,17.2,40.74,0,none,0.0
2078-03-09,M17,Robotic Arm,1.39,46.81,5.22,44.2,368.9,normal,38.32,12.6,40.6,0,none,0.0
2078-03-10,M17,Robotic Arm,1.16,43.0,5.94,43.7,347.3,normal,38.63,9.0,40.29,0,none,0.0
2078-03-11,M17,Robotic Arm,1.1,39.55,5.33,40.1,341.8,normal,38.98,16.4,39.94,0,none,0.0
2078-03-12,M17,Robotic Arm,0.94,38.37,5.81,41.7,360.7,normal,39.37,9.4,39.55,0,none,0.0
2078-03-13,M17,Robotic Arm,1.4,42.56,5.69,43.5,351.9,normal,39.8,17.4,39.12,0,none,0.0
2078-03-14,M17,Robotic Arm,0.95,47.71,5.58,47.4,347.8,normal,40.18,15.1,38.74,0,none,0.0
2078-03-15,M17,Robotic Arm,0.95,32.46,2.54,18.0,156.1,idle,40.45,15.1,38.47,0,none,0.0
2078-03-16,M17,Robotic Arm,0.41,33.22,2.34,16.3,156.7,idle,40.65,13.7,38.27,0,none,0.0
2078-03-17,M17,Robotic Arm,0.43,28.58,2.21,18.0,146.3,idle,41.03,17.5,37.89,0,none,0.0
2078-03-18,M17,Robotic Arm,0.37,29.38,2.4,15.2,147.7,idle,41.07,10.7,37.85,0,none,0.0
2078-03-19,M17,Robotic Arm,0.35,33.37,2.25,17.4,149.5,idle,41.4,16.1,37.52,0,none,0.0
2078-03-20,M17,Robotic Arm,0.37,30.43,2.3,16.6,155.3,idle,41.83,11.0,37.09,0,none,0.0
2078-03-21,M17,Robotic Arm,0.36,29.28,2.23,19.8,153.6,idle,42.33,13.3,36.59,0,none,0.0
2078-03-22,M17,Robotic Arm,0.43,29.87,2.56,17.8,151.1,idle,42.53,9.2,36.39,0,none,0.0
2078-03-23,M17,Robotic Arm,1.18,36.66,5.45,43.4,359.2,normal,42.62,10.9,36.3,0,none,0.0
2078-03-24,M17,Robotic Arm,0.37,34.94,2.53,17.5,159.6,idle,42.85,9.3,36.07,0,none,0.0
2078-03-25,M17,Robotic Arm,0.4,34.63,2.5,15.3,151.1,idle,43.35,8.3,35.57,0,none,0.0
2078-03-26,M17,Robotic Arm,0.38,33.05,2.51,18.1,153.2,idle,43.57,9.7,35.35,0,none,0.0
2078-03-27,M17,Robotic Arm,0.39,34.89,2.21,14.7,154.0,idle,43.68,11.3,35.24,0,none,0.0
2078-03-28,M17,Robotic Arm,0.43,34.7,2.4,15.6,157.9,idle,44.15,13.0,34.77,0,none,0.0
2078-03-29,M17,Robotic Arm,0.39,28.9,2.41,17.1,148.4,idle,44.52,10.2,34.4,0,none,0.0
2078-03-30,M17,Robotic Arm,0.36,29.0,2.53,17.0,156.1,idle,44.78,9.2,34.14,0,none,0.0
2078-03-31,M17,Robotic Arm,0.45,33.54,2.26,16.5,152.4,idle,45.2,12.5,33.72,0,none,0.0
2078-04-01,M17,Robotic Arm,0.42,34.75,2.31,19.2,146.1,idle,45.37,8.9,33.55,0,none,0.0
2078-04-02,M17,Robotic Arm,0.42,44.03,5.22,44.1,367.9,normal,45.7,8.4,33.22,0,none,0.0
2078-04-03,M17,Robotic Arm,0.39,28.82,2.6,16.5,152.9,idle,45.88,13.8,33.04,0,none,0.0
2078-04-04,M17,Robotic Arm,0.45,32.09,2.47,18.3,156.3,idle,46.0,8.4,32.92,0,none,0.0
2078-04-05,M17,Robotic Arm,0.43,28.52,2.57,17.3,153.0,idle,46.43,16.6,32.49,0,none,0.0
2078-04-06,M17,Robotic Arm,0.43,30.15,2.46,15.9,156.4,idle,46.53,11.6,32.39,0,none,0.0
2078-04-07,M17,Robotic Arm,0.39,29.31,2.56,18.5,145.2,idle,46.92,13.7,32.0,0,none,0.0
2078-04-08,M17,Robotic Arm,0.89,39.93,5.82,40.8,369.7,normal,47.37,12.6,31.55,0,none,0.0
2078-04-09,M17,Robotic Arm,0.44,34.05,2.2,19.8,153.9,idle,47.48,16.7,31.44,0,none,0.0
2078-04-10,M17,Robotic Arm,0.41,28.69,2.44,17.2,153.1,idle,47.57,8.5,31.35,0,none,0.0
2078-04-11,M17,Robotic Arm,0.41,31.8,2.23,14.1,148.2,idle,47.63,12.3,31.29,0,none,0.0
2078-04-12,M17,Robotic Arm,0.43,32.22,2.56,16.3,150.2,idle,47.9,10.7,31.02,0,none,0.0
2078-04-13,M17,Robotic Arm,0.42,30.85,2.35,16.8,146.7,idle,48.28,15.4,30.64,0,none,0.0
2078-04-14,M17,Robotic Arm,0.37,32.22,2.44,17.5,146.7,idle,48.5,12.5,30.42,0,none,0.0
2078-04-15,M17,Robotic Arm,1.63,53.97,8.36,60.6,516.0,peak,48.53,11.2,30.39,0,none,0.0
2078-04-16,M17,Robotic Arm,1.22,40.36,5.82,41.0,365.6,normal,48.92,16.3,30.0,0,none,0.0
2078-04-17,M17,Robotic Arm,1.03,45.33,5.43,47.2,345.6,normal,49.08,14.5,29.84,0,none,0.0
2078-04-18,M17,Robotic Arm,1.25,40.31,5.21,41.3,346.1,normal,49.2,11.6,29.72,0,none,0.0
2078-04-19,M17,Robotic Arm,1.16,38.38,5.26,47.5,365.4,normal,49.68,16.1,29.24,0,none,0.0
2078-04-20,M17,Robotic Arm,1.51,45.53,8.13,58.2,491.3,peak,49.98,12.0,28.94,0,none,0.0
2078-04-21,M17,Robotic Arm,0.41,29.36,2.46,58.2,149.9,idle,50.33,13.4,28.59,0,none,0.0
2078-04-22,M17,Robotic Arm,0.91,38.86,5.75,45.6,344.4,normal,50.78,17.7,28.14,0,none,0.0
2078-04-23,M17,Robotic Arm,0.42,28.59,2.29,17.0,159.6,idle,51.08,10.8,27.84,0,none,0.0
2078-04-24,M17,Robotic Arm,1.39,41.22,5.84,43.5,362.6,normal,51.2,10.4,27.72,0,none,0.0
2078-04-25,M17,Robotic Arm,1.21,44.06,5.55,46.3,353.4,normal,51.53,11.5,27.39,0,none,0.0
2078-04-26,M17,Robotic Arm,1.24,46.31,5.72,43.1,355.9,normal,52.03,15.6,26.89,0,none,0.0
2078-04-27,M17,Robotic Arm,0.42,28.65,2.45,16.2,147.0,idle,52.08,9.5,26.84,0,none,0.0
2078-04-28,M17,Robotic Arm,1.35,41.47,5.57,43.4,358.7,normal,52.18,9.4,26.74,0,none,0.0
2078-04-29,M17,Robotic Arm,0.37,32.38,2.34,18.3,156.6,idle,52.35,15.9,26.57,0,none,0.0
2078-04-30,M17,Robotic Arm,0.85,44.31,5.48,41.0,351.2,normal,52.58,10.5,26.34,0,none,0.0
2078-05-01,M17,Robotic Arm,0.85,28.8,2.48,16.7,147.4,idle,52.88,13.3,26.04,0,none,0.0
2078-05-02,M17,Robotic Arm,0.4,32.02,2.34,19.4,155.5,idle,52.93,12.7,25.99,0,none,0.0
2078-05-03,M17,Robotic Arm,0.42,28.37,2.4,19.1,155.0,idle,53.43,9.6,25.49,0,none,0.0
2078-05-04,M17,Robotic Arm,0.98,46.2,5.5,47.1,355.4,normal,53.78,13.0,25.14,0,none,0.0
2078-05-05,M17,Robotic Arm,1.74,49.96,7.79,61.5,480.4,peak,54.0,13.0,24.92,0,none,0.0
2078-05-06,M17,Robotic Arm,0.43,34.76,2.28,19.3,147.5,idle,54.05,8.5,24.87,0,none,0.0
2078-05-07,M17,Robotic Arm,1.12,38.8,5.35,45.6,364.2,normal,54.3,9.2,24.62,0,none,0.0
2078-05-08,M17,Robotic Arm,1.31,35.11,5.88,38.5,353.4,normal,54.53,10.8,24.39,0,none,0.0
2078-05-09,M17,Robotic Arm,1.55,53.79,8.08,59.7,497.8,peak,54.68,15.9,24.24,0,none,0.0
2078-05-10,M17,Robotic Arm,0.39,31.32,2.43,18.9,148.6,idle,55.17,11.5,23.75,0,none,0.0
2078-05-11,M17,Robotic Arm,1.29,45.8,5.88,47.4,368.7,normal,55.58,12.3,23.34,0,none,0.0
2078-05-12,M17,Robotic Arm,0.91,46.41,5.88,41.8,360.7,normal,55.83,13.5,23.09,0,none,0.0
2078-05-13,M17,Robotic Arm,1.36,36.19,5.48,47.7,356.4,normal,56.27,17.8,22.65,0,none,0.0
2078-05-14,M17,Robotic Arm,0.9,47.49,5.48,46.1,363.8,normal,56.53,11.3,22.39,0,none,0.0
2078-05-15,M17,Robotic Arm,1.12,46.38,5.44,41.6,346.5,normal,56.95,14.2,21.97,0,none,0.0
2078-05-16,M17,Robotic Arm,1.07,38.04,5.47,44.9,352.9,normal,57.38,10.2,21.54,0,none,0.0
2078-05-17,M17,Robotic Arm,1.27,41.23,5.31,45.4,342.0,normal,57.52,14.4,21.4,0,none,0.0
2078-05-18,M17,Robotic Arm,0.44,33.89,2.59,15.5,152.2,idle,57.58,13.7,21.34,0,none,0.0
2078-05-19,M17,Robotic Arm,0.96,40.49,5.39,46.5,343.6,normal,57.72,15.3,21.2,0,none,0.0
2078-05-20,M17,Robotic Arm,0.37,29.85,2.5,17.8,147.0,idle,57.87,17.3,21.05,0,none,0.0
2078-05-21,M17,Robotic Arm,0.41,33.93,2.38,17.7,153.0,idle,58.27,17.8,20.65,0,none,0.0
2078-05-22,M17,Robotic Arm,1.05,35.03,5.35,47.5,350.6,normal,58.63,12.4,20.29,0,none,0.0
2078-05-23,M17,Robotic Arm,0.38,32.3,2.56,15.8,148.3,idle,59.0,10.9,19.92,0,none,0.0
2078-05-24,M17,Robotic Arm,0.44,33.41,2.48,17.3,151.4,idle,59.1,16.4,19.82,0,none,0.0
2078-05-25,M17,Robotic Arm,1.2,37.82,5.85,42.2,362.6,normal,59.52,11.9,19.4,0,none,0.0
2078-05-26,M17,Robotic Arm,1.3,35.98,5.74,41.0,350.8,normal,59.65,13.2,19.27,0,none,0.0
2078-05-27,M17,Robotic Arm,1.25,47.45,5.84,40.9,361.2,normal,60.03,8.8,18.89,0,none,0.0
2078-05-28,M17,Robotic Arm,1.03,40.71,5.3,46.3,359.4,normal,60.1,11.2,18.82,0,none,0.0
2078-05-29,M17,Robotic Arm,1.32,40.71,5.3,46.1,366.4,normal,60.6,12.6,18.32,0,none,0.0
2078-05-30,M17,Robotic Arm,0.37,32.49,2.27,14.1,153.1,idle,60.83,14.9,18.09,0,none,0.0
2078-05-31,M17,Robotic Arm,1.37,42.68,5.54,40.8,348.4,normal,60.88,12.1,18.04,0,none,0.0
2078-06-01,M17,Robotic Arm,0.99,37.72,5.25,45.6,349.5,normal,61.07,11.2,17.85,0,none,0.0
2078-06-02,M17,Robotic Arm,0.94,42.85,5.95,44.9,345.8,normal,61.3,11.9,17.62,0,none,0.0
2078-06-03,M17,Robotic Arm,1.08,45.73,5.24,41.4,351.6,normal,61.73,10.0,17.19,0,none,0.0
2078-06-04,M17,Robotic Arm,1.1,42.26,5.59,41.4,352.5,normal,62.13,15.6,16.79,0,none,0.0
2078-06-05,M17,Robotic Arm,1.61,54.08,8.24,63.7,508.4,peak,62.27,9.4,16.65,0,none,0.0
2078-06-06,M17,Robotic Arm,0.36,31.32,2.51,17.6,156.4,idle,62.65,16.8,16.27,0,none,0.0
2078-06-07,M17,Robotic Arm,0.45,29.73,2.59,14.7,158.8,idle,62.78,17.1,16.14,0,none,0.0
2078-06-08,M17,Robotic Arm,0.96,44.35,5.83,46.1,353.1,normal,63.22,8.6,15.7,0,none,0.0
2078-06-09,M17,Robotic Arm,0.94,45.35,5.72,40.6,351.8,normal,63.5,17.7,15.42,0,none,0.0
2078-06-10,M17,Robotic Arm,1.01,46.89,5.84,46.8,341.6,normal,63.83,9.9,15.09,0,none,0.0
2078-06-11,M17,Robotic Arm,1.21,38.48,5.8,46.9,363.0,normal,63.87,13.4,15.05,0,none,0.0
2078-06-12,M17,Robotic Arm,1.77,47.18,8.12,59.8,513.2,peak,64.2,15.4,14.72,0,none,0.0
2078-06-13,M17,Robotic Arm,1.77,32.97,2.45,59.8,152.9,idle,64.48,17.2,14.44,0,none,0.0
2078-06-14,M17,Robotic Arm,0.36,34.64,2.42,18.7,155.2,idle,64.55,10.0,14.37,0,none,0.0
2078-06-15,M17,Robotic Arm,0.39,34.66,2.49,15.4,159.9,idle,64.98,15.0,13.94,0,none,0.0
2078-06-16,M17,Robotic Arm,1.4,38.76,5.99,44.2,345.6,normal,65.43,10.2,13.49,0,none,0.0
2078-06-17,M17,Robotic Arm,0.45,28.71,2.45,19.0,157.4,idle,65.72,15.1,13.2,0,none,0.0
2078-06-18,M17,Robotic Arm,0.35,30.98,2.24,15.6,159.1,idle,65.93,8.8,12.99,0,none,0.0
2078-06-19,M17,Robotic Arm,0.44,30.98,2.56,15.9,157.4,idle,66.28,16.3,12.64,0,none,0.0
2078-06-20,M17,Robotic Arm,0.42,33.14,2.23,16.1,145.7,idle,66.63,9.5,12.29,0,none,0.0
2078-06-21,M17,Robotic Arm,0.37,29.9,2.43,18.6,146.6,idle,66.67,10.1,12.25,0,none,0.0
2078-06-22,M17,Robotic Arm,0.36,34.19,2.25,16.7,146.7,idle,66.7,11.2,12.22,0,none,0.0
2078-06-23,M17,Robotic Arm,1.14,36.38,2.25,38.9,352.9,normal,66.98,15.1,11.94,0,none,0.0
2078-06-24,M17,Robotic Arm,0.39,34.45,2.37,14.4,153.2,idle,67.37,11.2,11.55,0,none,0.0
2078-06-25,M17,Robotic Arm,1.25,39.39,5.69,39.2,352.8,normal,67.78,15.1,11.14,0,none,0.0
2078-06-26,M17,Robotic Arm,0.37,29.92,2.46,18.5,149.7,idle,68.13,17.3,10.79,0,none,0.0
2078-06-27,M17,Robotic Arm,1.39,38.7,5.32,46.7,359.5,normal,68.2,14.0,10.72,0,none,0.0
2078-06-28,M17,Robotic Arm,0.42,33.56,2.6,15.7,153.2,idle,68.52,16.7,10.4,0,none,0.0
2078-06-29,M17,Robotic Arm,0.42,29.02,2.32,15.8,149.9,idle,68.77,15.5,10.15,0,none,0.0
2078-06-30,M17,Robotic Arm,0.42,32.15,2.49,17.1,159.3,idle,69.12,16.4,9.8,0,none,0.0
2078-07-01,M17,Robotic Arm,0.4,32.22,2.32,14.3,157.2,idle,69.55,10.2,9.37,0,none,0.0
2078-07-02,M17,Robotic Arm,0.44,33.96,2.52,15.6,153.6,idle,69.7,14.9,9.22,0,none,0.0
2078-07-03,M17,Robotic Arm,0.43,32.38,2.58,18.1,153.4,idle,70.1,17.4,8.82,0,none,0.0
2078-07-04,M17,Robotic Arm,0.45,31.74,2.59,14.1,153.2,idle,70.42,10.4,8.5,0,none,0.0
2078-07-05,M17,Robotic Arm,0.38,31.74,2.24,15.6,153.5,idle,70.67,15.5,8.25,0,none,0.0
2078-07-06,M17,Robotic Arm,1.25,46.83,5.39,46.0,340.7,normal,71.13,17.4,7.79,0,none,0.0
2078-07-07,M17,Robotic Arm,0.44,32.16,2.54,15.5,150.6,idle,71.37,15.2,7.55,0,none,0.0
2078-07-08,M17,Robotic Arm,0.36,28.55,2.53,15.8,150.3,idle,71.42,14.7,7.5,0,none,0.0
2078-07-09,M17,Robotic Arm,0.4,32.69,2.22,17.4,154.2,idle,71.48,16.9,7.44,0,none,0.0
2078-07-10,M17,Robotic Arm,1.32,37.01,5.56,42.7,365.4,normal,71.98,8.9,6.94,0,none,0.0
2078-07-11,M17,Robotic Arm,0.39,28.57,2.44,18.0,365.4,idle,72.37,13.4,6.55,0,none,0.0
2078-07-12,M17,Robotic Arm,1.12,37.77,5.63,38.4,357.0,normal,72.67,8.7,6.25,0,none,0.0
2078-07-13,M17,Robotic Arm,0.4,34.67,2.33,14.1,156.4,idle,72.9,14.1,6.02,0,none,0.0
2078-07-14,M17,Robotic Arm,0.37,31.81,2.29,17.2,153.7,idle,73.08,9.5,5.84,0,none,0.0
2078-07-15,M17,Robotic Arm,0.42,30.61,2.22,17.6,158.0,idle,73.58,9.8,5.34,0,none,0.0
2078-07-16,M17,Robotic Arm,1.14,38.25,5.53,17.6,342.6,normal,73.73,14.2,5.19,0,none,0.0
2078-07-17,M17,Robotic Arm,1.16,36.42,5.34,41.9,364.0,normal,74.15,15.1,4.77,0,none,0.0
2078-07-18,M17,Robotic Arm,1.3,38.67,5.63,38.9,369.9,normal,74.63,14.8,4.29,0,none,0.0
2078-07-19,M17,Robotic Arm,1.21,37.91,5.92,41.5,348.3,normal,74.97,14.5,3.95,0,none,0.0
2078-07-20,M17,Robotic Arm,1.01,41.32,5.23,44.5,368.4,normal,75.02,15.9,3.9,0,none,0.0
2078-07-21,M17,Robotic Arm,1.3,45.54,5.82,41.6,345.7,normal,75.4,15.9,3.52,0,none,0.0
2078-07-22,M17,Robotic Arm,1.02,37.25,5.82,42.2,364.4,normal,75.8,8.1,3.12,0,none,0.0
2078-07-23,M17,Robotic Arm,1.01,36.87,5.9,46.0,356.7,normal,75.92,15.3,3.0,0,none,0.0
2078-07-24,M17,Robotic Arm,0.36,30.35,2.22,19.4,148.6,idle,76.02,16.8,2.9,0,none,0.0
2078-07-25,M17,Robotic Arm,1.66,54.24,8.12,61.2,513.3,peak,76.4,13.0,2.52,0,none,0.0
2078-07-26,M17,Robotic Arm,1.23,41.31,5.3,43.0,345.5,normal,76.82,10.4,2.1,0,none,0.0
2078-07-27,M17,Robotic Arm,1.12,35.29,5.48,38.5,344.4,normal,76.87,16.9,2.05,0,none,0.0
2078-07-28,M17,Robotic Arm,1.23,47.69,5.65,39.7,351.3,normal,77.05,8.1,1.87,0,none,0.0
2078-07-29,M17,Robotic Arm,0.98,35.62,5.93,43.4,344.5,normal,77.37,15.6,1.55,0,none,0.0
2078-07-30,M17,Robotic Arm,1.26,37.23,5.37,44.0,352.8,normal,77.53,11.4,1.39,0,none,0.0
2078-07-31,M17,Robotic Arm,1.34,42.76,5.35,42.8,361.8,normal,77.82,10.7,1.1,0,none,0.0
2078-08-01,M17,Robotic Arm,1.18,39.18,5.51,44.7,355.6,normal,78.25,16.1,0.67,0,none,0.0
2078-08-02,M17,Robotic Arm,0.89,42.13,5.56,44.7,343.4,normal,78.55,10.6,0.5,0,none,0.0
2078-08-03,M17,Robotic Arm,0.85,45.67,5.37,38.3,346.6,normal,78.97,9.6,0.5,0,none,0.0
2078-08-04,M17,Robotic Arm,1.34,37.23,5.46,38.3,345.4,normal,79.3,14.7,0.5,0,none,0.0
2078-08-05,M17,Robotic Arm,1.2,44.19,5.38,39.0,352.1,normal,79.43,14.0,0.5,0,none,0.0
2078-08-06,M17,Robotic Arm,1.23,45.58,5.23,43.4,347.7,normal,79.65,8.7,0.5,0,none,0.0
2078-08-07,M17,Robotic Arm,1.23,41.87,5.79,38.4,345.1,normal,80.13,10.9,0.5,0,none,0.0
2078-08-08,M17,Robotic Arm,0.41,31.09,2.28,14.4,158.7,idle,80.28,12.4,0.5,0,none,0.0
2078-08-09,M17,Robotic Arm,0.39,30.87,2.22,18.4,159.9,idle,80.62,9.7,0.5,0,none,0.0
2078-08-10,M17,Robotic Arm,1.79,46.05,8.46,59.1,495.5,peak,80.77,17.0,0.5,0,none,0.0
2078-08-11,M17,Robotic Arm,0.43,33.54,2.39,16.7,159.5,idle,80.8,16.7,0.5,0,none,0.0
2078-08-12,M17,Robotic Arm,1.07,33.54,5.8,39.1,344.8,normal,81.28,11.5,0.5,0,none,0.0
2078-08-13,M17,Robotic Arm,0.87,35.46,5.68,39.1,344.1,normal,81.48,11.9,0.5,0,none,0.0
2078-08-14,M17,Robotic Arm,0.98,42.19,5.38,39.1,350.6,normal,81.57,11.8,0.5,0,none,0.0
2078-08-15,M17,Robotic Arm,1.07,47.08,5.98,38.7,343.3,normal,81.68,13.6,0.5,0,none,0.0
2078-08-16,M17,Robotic Arm,0.36,30.71,2.54,18.8,150.3,idle,81.87,17.5,0.5,0,none,0.0
2078-08-17,M17,Robotic Arm,0.43,34.85,2.28,18.8,156.6,idle,82.13,12.7,0.5,0,none,0.0
2078-08-18,M17,Robotic Arm,0.36,33.56,2.24,14.2,156.5,idle,82.38,17.2,0.5,0,none,0.0
2078-08-19,M17,Robotic Arm,1.34,40.21,5.22,44.0,347.0,normal,82.73,14.9,0.5,0,none,0.0
2078-08-20,M17,Robotic Arm,1.15,39.13,5.7,40.6,344.4,normal,82.98,12.4,0.5,0,none,0.0
2078-08-21,M17,Robotic Arm,1.26,42.0,5.45,44.3,348.6,normal,83.1,12.2,0.5,0,none,0.0
2078-08-22,M17,Robotic Arm,0.39,30.63,2.29,16.6,157.2,idle,83.52,11.0,0.5,0,none,0.0
2078-08-23,M17,Robotic Arm,0.39,37.85,5.95,40.8,354.1,normal,83.95,11.7,0.5,0,none,0.0
2078-08-24,M17,Robotic Arm,0.39,42.9,5.61,44.8,358.0,normal,84.35,8.9,0.5,0,none,0.0
2078-08-25,M17,Robotic Arm,0.45,33.39,2.59,17.1,149.2,idle,84.42,16.9,0.5,0,none,0.0
2078-08-26,M17,Robotic Arm,1.14,41.07,5.54,42.0,364.3,normal,84.48,8.3,0.5,0,none,0.0
2078-08-27,M17,Robotic Arm,1.72,50.37,8.15,58.7,497.5,peak,84.9,11.4,0.5,0,none,0.0
2078-08-28,M17,Robotic Arm,0.93,42.53,5.31,47.1,352.5,normal,85.23,10.1,0.5,0,none,0.0
2078-08-29,M17,Robotic Arm,0.87,35.02,5.74,44.1,363.1,normal,85.47,9.2,0.5,0,none,0.0
2078-08-30,M17,Robotic Arm,1.26,35.04,5.33,41.3,341.9,normal,85.72,16.4,0.5,0,none,0.0
2078-08-31,M17,Robotic Arm,0.37,32.07,2.38,19.2,148.4,idle,85.92,11.2,0.5,0,none,0.0
2078-09-01,M17,Robotic Arm,0.4,34.03,2.22,19.2,150.2,idle,86.02,16.3,0.5,0,none,0.0
2078-09-02,M17,Robotic Arm,1.32,43.86,5.74,38.5,368.2,normal,86.32,8.4,0.5,0,none,0.0
2078-09-03,M17,Robotic Arm,1.63,43.41,8.27,63.7,517.2,peak,86.67,17.4,0.5,0,none,0.0
2078-09-04,M17,Robotic Arm,1.13,40.25,5.67,41.0,351.8,normal,87.13,12.2,0.5,0,none,0.0
2078-09-05,M17,Robotic Arm,1.15,40.25,5.88,39.3,344.0,normal,87.17,8.4,0.5,0,none,0.0
2078-09-06,M17,Robotic Arm,0.95,42.75,5.36,44.1,361.8,normal,87.35,13.9,0.5,0,none,0.0
2078-09-07,M17,Robotic Arm,0.44,34.07,2.29,15.9,147.7,idle,87.55,8.9,0.5,0,none,0.0
2078-09-08,M17,Robotic Arm,1.7,34.07,7.5,56.6,493.4,peak,87.97,17.1,0.5,0,none,0.0
2078-09-09,M17,Robotic Arm,0.37,31.86,2.22,19.0,152.0,idle,88.07,15.6,0.5,0,none,0.0
2078-09-10,M17,Robotic Arm,1.18,42.54,5.56,43.7,342.3,normal,88.35,8.2,0.5,0,none,0.0
2078-09-11,M17,Robotic Arm,0.39,32.97,2.35,15.5,153.5,idle,88.65,13.6,0.5,0,none,0.0
2078-09-12,M17,Robotic Arm,0.4,31.73,2.58,14.9,154.2,idle,89.12,17.3,0.5,0,none,0.0
2078-09-13,M17,Robotic Arm,0.35,32.53,2.28,18.8,149.1,idle,89.35,9.7,0.5,0,none,0.0
2078-09-14,M17,Robotic Arm,0.39,31.61,2.44,15.8,147.3,idle,89.77,10.5,0.5,0,none,0.0
2078-09-15,M17,Robotic Arm,0.41,31.09,2.22,17.2,152.0,idle,89.85,14.8,0.5,0,none,0.0
2078-09-16,M17,Robotic Arm,0.4,28.75,2.39,18.5,147.0,idle,90.05,8.5,0.5,0,none,0.0
2078-09-17,M17,Robotic Arm,0.41,29.25,2.32,16.2,156.4,idle,90.17,8.7,0.5,0,none,0.0
2078-09-18,M17,Robotic Arm,0.37,29.85,2.55,18.5,152.6,idle,90.3,12.8,0.5,0,none,0.0
2078-09-19,M17,Robotic Arm,0.38,33.54,2.43,16.0,149.7,idle,90.33,16.3,0.5,0,none,0.0
2078-09-20,M17,Robotic Arm,0.4,34.64,2.46,18.1,150.8,idle,90.53,10.0,0.5,0,none,0.0
2078-09-21,M17,Robotic Arm,1.39,40.29,5.21,46.0,355.4,normal,90.98,8.2,0.5,0,none,0.0
2078-09-22,M17,Robotic Arm,0.37,28.16,2.6,17.9,152.0,idle,91.1,14.7,0.5,0,none,0.0
2078-09-23,M17,Robotic Arm,0.38,28.51,2.46,16.2,159.8,idle,91.52,15.8,0.5,0,none,0.0
2078-09-24,M17,Robotic Arm,0.91,38.2,5.52,46.0,363.3,normal,91.8,16.9,0.5,0,none,0.0
2078-09-25,M17,Robotic Arm,0.98,39.7,5.25,41.8,345.1,normal,92.28,13.3,0.5,0,none,0.0
2078-09-26,M17,Robotic Arm,0.44,33.66,5.25,16.9,159.4,idle,92.4,11.9,0.5,0,none,0.0
2078-09-27,M17,Robotic Arm,0.39,31.14,2.34,16.9,153.9,idle,92.45,11.8,0.5,0,none,0.0
2078-09-28,M17,Robotic Arm,0.36,28.65,2.51,19.9,152.4,idle,92.63,16.4,0.5,0,none,0.0
2078-09-29,M17,Robotic Arm,0.44,34.08,2.35,16.0,155.9,idle,92.78,11.0,0.5,0,none,0.0
2078-09-30,M17,Robotic Arm,0.44,33.98,2.33,16.1,156.0,idle,92.87,14.5,0.5,0,none,0.0
2078-10-01,M17,Robotic Arm,0.38,33.96,2.4,15.8,149.3,idle,93.17,16.4,0.5,0,none,0.0
2078-10-02,M17,Robotic Arm,0.43,33.96,2.57,16.5,157.7,idle,93.63,11.2,0.5,0,none,0.0
2078-10-03,M17,Robotic Arm,0.43,33.45,2.47,17.0,150.8,idle,94.05,12.2,0.5,0,none,0.0
2078-10-04,M17,Robotic Arm,0.41,31.69,2.34,17.0,150.5,idle,94.23,10.0,0.5,0,none,0.0
2078-10-05,M17,Robotic Arm,0.42,33.85,2.51,16.0,152.6,idle,94.38,16.2,0.5,0,none,0.0
2078-10-06,M17,Robotic Arm,0.86,46.31,5.4,42.4,344.6,normal,94.52,8.4,0.5,0,none,0.0
2078-10-07,M17,Robotic Arm,0.42,31.82,2.35,17.2,147.5,idle,94.9,15.0,0.5,0,none,0.0
2078-10-08,M17,Robotic Arm,0.43,29.86,2.45,19.4,145.6,idle,95.22,13.0,0.5,0,none,0.0
2078-10-09,M17,Robotic Arm,0.39,28.94,2.56,16.2,148.2,idle,95.43,17.9,0.5,0,none,0.0
2078-10-10,M17,Robotic Arm,0.42,31.8,2.53,18.5,159.6,idle,95.58,16.5,0.5,0,none,0.0
2078-10-11,M17,Robotic Arm,0.36,28.56,2.56,19.7,151.1,idle,95.83,9.5,0.5,0,none,0.0
2078-10-12,M17,Robotic Arm,0.4,30.58,2.51,18.6,148.3,idle,96.3,8.3,0.5,0,none,0.0
2078-10-13,M17,Robotic Arm,1.06,37.76,5.24,38.6,344.4,normal,96.72,14.0,0.5,0,none,0.0
2078-10-14,M17,Robotic Arm,0.87,40.5,5.25,46.5,361.4,normal,97.07,13.7,0.5,0,none,0.0
2078-10-15,M17,Robotic Arm,0.43,32.32,2.47,14.7,145.9,idle,97.55,15.7,0.5,0,none,0.0
2078-10-16,M17,Robotic Arm,1.8,46.85,7.55,56.6,515.0,peak,97.82,10.4,0.5,0,none,0.0
2078-10-17,M17,Robotic Arm,0.96,41.07,5.73,47.7,340.4,normal,97.88,17.9,0.5,0,none,0.0
2078-10-18,M17,Robotic Arm,0.4,34.97,2.25,14.7,146.3,idle,98.23,15.0,0.5,0,none,0.0
2078-10-19,M17,Robotic Arm,0.4,30.44,2.49,14.7,153.7,idle,98.47,16.6,0.5,0,none,0.0
2078-10-20,M17,Robotic Arm,1.13,47.9,5.63,38.7,349.7,normal,98.67,13.5,0.5,0,none,0.0
2078-10-21,M17,Robotic Arm,0.43,32.4,2.47,19.5,151.7,idle,99.15,16.6,0.5,0,none,0.0
2078-10-22,M17,Robotic Arm,0.86,47.87,5.56,39.0,356.5,normal,99.65,14.4,0.5,0,none,0.0
2078-10-23,M17,Robotic Arm,1.17,42.34,5.97,41.2,341.0,normal,99.68,13.4,0.5,0,none,0.0
2078-10-24,M17,Robotic Arm,0.44,29.34,2.5,15.2,157.4,idle,99.87,17.5,0.5,0,none,0.0
2078-10-25,M17,Robotic Arm,0.44,28.74,2.26,19.6,156.6,idle,100.25,16.8,0.5,0,none,0.0
2078-10-26,M17,Robotic Arm,0.87,37.37,2.26,46.6,344.5,normal,100.35,11.7,0.5,0,none,0.0
2078-10-27,M17,Robotic Arm,0.42,28.59,2.39,18.4,146.0,idle,100.48,17.6,0.5,0,none,0.0
2078-10-28,M17,Robotic Arm,0.96,45.29,5.33,44.7,359.3,normal,100.9,11.3,0.5,0,none,0.0
2078-10-29,M17,Robotic Arm,1.14,37.62,5.53,44.2,366.4,normal,101.22,11.7,0.5,0,none,0.0
2078-10-30,M17,Robotic Arm,1.29,42.9,5.38,40.2,364.4,normal,101.57,12.3,0.5,0,none,0.0
2078-10-31,M17,Robotic Arm,1.22,39.65,5.98,46.9,360.1,normal,101.93,9.1,0.5,0,none,0.0
2078-11-01,M17,Robotic Arm,1.05,39.01,5.95,42.4,364.0,normal,102.1,12.5,0.5,0,none,0.0
2078-11-02,M17,Robotic Arm,1.37,41.4,5.72,38.9,359.6,normal,102.6,10.3,0.5,0,none,0.0
2078-11-03,M17,Robotic Arm,0.97,43.72,5.28,43.0,355.6,normal,102.63,16.2,0.5,0,none,0.0
2078-11-04,M17,Robotic Arm,1.12,43.72,5.8,45.1,358.9,normal,103.08,14.9,0.5,0,none,0.0
2078-11-05,M17,Robotic Arm,1.35,42.48,5.48,38.6,356.1,normal,103.33,9.0,0.5,0,none,0.0
2078-11-06,M17,Robotic Arm,0.98,40.03,5.24,44.4,366.6,normal,103.37,16.0,0.5,0,none,0.0
2078-11-07,M17,Robotic Arm,0.98,33.63,2.25,18.3,146.2,idle,103.52,16.5,0.5,0,none,0.0
2078-11-08,M17,Robotic Arm,0.38,30.52,2.26,15.1,155.5,idle,103.78,11.1,0.5,0,none,0.0
2078-11-09,M17,Robotic Arm,0.36,34.54,2.26,16.1,154.4,idle,104.13,12.3,0.5,0,none,0.0
2078-11-10,M17,Robotic Arm,1.25,42.73,5.69,47.2,366.4,normal,104.25,11.6,0.5,0,none,0.0
2078-11-11,M17,Robotic Arm,0.98,34.2,2.47,16.9,152.3,idle,104.62,16.5,0.5,0,none,0.0
2078-11-12,M17,Robotic Arm,1.27,47.01,5.27,46.8,365.5,normal,105.07,17.3,0.5,0,none,0.0
2078-11-13,M17,Robotic Arm,1.27,43.54,5.98,46.5,341.9,normal,105.2,17.8,0.5,0,none,0.0
2078-11-14,M17,Robotic Arm,0.44,29.21,2.23,15.4,152.2,idle,105.3,17.4,0.5,0,none,0.0
2078-11-15,M17,Robotic Arm,1.3,38.47,5.51,39.4,348.8,normal,105.62,16.0,0.5,0,none,0.0
2078-11-16,M17,Robotic Arm,1.35,43.85,5.51,40.5,344.4,normal,106.0,18.0,0.5,0,none,0.0
2078-11-17,M17,Robotic Arm,0.44,34.61,2.22,17.2,151.6,idle,106.5,14.7,0.5,0,none,0.0
2078-11-18,M17,Robotic Arm,1.26,57.33,5.7,38.8,364.7,normal,106.55,13.7,0.5,0,none,0.0
2078-11-19,M17,Robotic Arm,0.37,30.2,2.35,15.2,157.1,idle,106.83,11.3,0.5,0,none,0.0
2078-11-20,M17,Robotic Arm,0.89,47.14,5.94,46.3,368.6,normal,107.15,10.3,0.5,0,none,0.0
2078-11-21,M17,Robotic Arm,1.27,42.31,5.78,38.0,360.6,normal,107.2,9.9,0.5,0,none,0.0
2078-11-22,M17,Robotic Arm,0.87,46.54,5.78,39.1,360.4,normal,107.52,15.5,0.5,0,none,0.0
2078-11-23,M17,Robotic Arm,1.7,48.48,7.53,56.1,506.4,peak,107.55,13.3,0.5,0,none,0.0
2078-11-24,M17,Robotic Arm,1.14,35.6,7.53,46.5,366.7,normal,107.83,14.5,0.5,0,none,0.0
2078-11-25,M17,Robotic Arm,1.23,43.61,5.82,39.3,345.7,normal,108.23,10.6,0.5,0,none,0.0
2078-11-26,M17,Robotic Arm,1.65,47.86,7.68,61.8,345.7,peak,108.33,11.5,0.5,0,none,0.0
2078-11-27,M17,Robotic Arm,1.0,39.07,5.41,40.8,350.9,normal,108.7,14.7,0.5,0,none,0.0
2078-11-28,M17,Robotic Arm,1.0,31.39,2.39,17.7,150.2,idle,109.1,16.0,0.5,0,none,0.0
2078-11-29,M17,Robotic Arm,1.13,41.58,5.28,17.7,348.4,normal,109.28,14.4,0.5,0,none,0.0
2078-11-30,M17,Robotic Arm,0.88,43.41,5.24,42.4,358.6,normal,109.62,13.3,0.5,0,none,0.0
2078-12-01,M17,Robotic Arm,1.4,41.7,5.45,42.9,345.9,normal,109.92,11.9,0.5,0,none,0.0
2078-12-02,M17,Robotic Arm,1.63,53.35,7.64,60.3,504.8,peak,110.07,15.1,0.5,0,none,0.0
2078-12-03,M17,Robotic Arm,1.02,44.57,5.73,42.6,359.2,normal,110.57,12.7,0.5,0,none,0.0
2078-12-04,M17,Robotic Arm,1.75,49.81,8.07,61.2,507.0,peak,110.9,12.8,0.5,0,none,0.0
2078-12-05,M17,Robotic Arm,1.07,45.88,5.94,44.2,366.6,normal,111.25,15.9,0.5,0,none,0.0
2078-12-06,M17,Robotic Arm,0.42,30.96,2.4,17.4,159.1,idle,111.72,10.0,0.5,0,none,0.0
2078-12-07,M17,Robotic Arm,0.41,31.56,2.25,18.0,153.3,idle,112.1,9.5,0.5,0,none,0.0
2078-12-08,M17,Robotic Arm,1.37,39.45,5.84,40.8,345.1,normal,112.32,8.8,0.5,0,none,0.0
2078-12-09,M17,Robotic Arm,0.35,34.27,2.38,15.7,151.1,idle,112.77,14.5,0.5,0,none,0.0
2078-12-10,M17,Robotic Arm,0.42,30.75,2.29,14.5,154.3,idle,112.8,16.1,0.5,0,none,0.0
2078-12-11,M17,Robotic Arm,0.45,32.44,2.58,19.3,147.3,idle,113.28,15.4,0.5,0,none,0.0
2078-12-12,M17,Robotic Arm,0.44,28.01,2.4,17.1,155.9,idle,113.43,10.2,0.5,0,none,0.0
2078-12-13,M17,Robotic Arm,0.43,29.62,2.55,15.1,159.4,idle,113.78,9.1,0.5,0,none,0.0
2078-12-14,M17,Robotic Arm,0.45,32.88,2.46,19.9,148.6,idle,114.28,17.2,0.5,0,none,0.0
2078-12-15,M17,Robotic Arm,0.41,30.84,2.27,14.8,155.5,idle,114.75,11.9,0.5,0,none,0.0
2078-12-16,M17,Robotic Arm,0.37,32.2,2.3,16.7,156.1,idle,115.03,10.2,0.5,0,none,0.0
2078-12-17,M17,Robotic Arm,0.4,34.1,2.41,15.2,158.5,idle,115.42,17.5,0.5,0,none,0.0
2078-12-18,M17,Robotic Arm,1.08,46.28,5.39,44.4,345.0,normal,115.5,14.3,0.5,0,none,0.0
2078-12-19,M17,Robotic Arm,0.36,34.99,2.2,17.6,145.2,idle,115.53,8.2,0.5,0,none,0.0
2078-12-20,M17,Robotic Arm,0.41,28.7,2.52,15.8,150.2,idle,115.57,9.1,0.5,0,none,0.0
2078-12-21,M17,Robotic Arm,0.38,28.8,2.4,16.7,153.1,idle,115.95,10.2,0.5,0,none,0.0
2078-12-22,M17,Robotic Arm,0.41,28.62,2.37,17.6,149.8,idle,116.02,14.4,0.5,0,none,0.0
2078-12-23,M17,Robotic Arm,0.37,32.24,2.49,18.5,149.9,idle,116.05,11.7,0.5,0,none,0.0
2078-12-24,M17,Robotic Arm,0.36,34.41,2.48,19.7,147.2,idle,116.38,15.9,0.5,0,none,0.0
2078-12-25,M17,Robotic Arm,0.42,29.37,2.55,17.1,153.0,idle,116.5,12.2,0.5,0,none,0.0
2078-12-26,M17,Robotic Arm,0.44,30.13,2.45,14.9,150.4,idle,116.63,11.1,0.5,0,none,0.0
2078-12-27,M17,Robotic Arm,0.96,37.62,5.73,40.9,347.5,normal,117.05,10.3,0.5,0,none,0.0
2078-12-28,M17,Robotic Arm,0.96,31.32,2.35,18.9,152.3,idle,117.1,11.0,0.5,0,none,0.0
2078-12-29,M17,Robotic Arm,1.3,39.14,5.97,47.2,364.7,normal,117.27,14.3,0.5,0,none,0.0
2078-12-30,M17,Robotic Arm,0.97,44.46,5.85,41.6,344.2,normal,117.55,16.9,0.5,0,none,0.0
2078-12-31,M17,Robotic Arm,0.38,32.1,2.3,18.0,150.9,idle,117.58,9.5,0.5,0,none,0.0
2079-01-01,M17,Robotic Arm,0.37,32.29,2.23,17.8,159.6,idle,117.73,13.3,0.5,0,none,0.0
2079-01-02,M17,Robotic Arm,0.42,30.3,2.23,17.2,152.9,idle,118.05,17.2,0.5,0,none,0.0
2079-01-03,M17,Robotic Arm,0.39,28.37,2.31,18.9,148.9,idle,118.12,12.6,0.5,0,none,0.0
2079-01-04,M17,Robotic Arm,0.39,32.44,2.31,18.9,158.5,idle,118.18,11.3,0.5,0,none,0.0
2079-01-05,M17,Robotic Arm,0.36,32.02,2.34,17.3,153.2,idle,118.48,15.7,0.5,0,none,0.0
2079-01-06,M17,Robotic Arm,0.36,32.54,2.29,17.4,158.4,idle,118.77,16.3,0.5,0,none,0.0
2079-01-07,M17,Robotic Arm,0.96,38.51,5.25,17.4,366.1,normal,118.87,9.2,0.5,0,none,0.0
2079-01-08,M17,Robotic Arm,0.4,30.47,2.56,17.2,159.6,idle,119.1,11.4,0.5,0,none,0.0
2079-01-09,M17,Robotic Arm,0.43,34.38,2.46,19.9,152.9,idle,119.2,12.3,0.5,0,none,0.0
2079-01-10,M17,Robotic Arm,0.41,28.94,2.57,16.0,155.0,idle,119.5,10.1,0.5,0,none,0.0
2079-01-11,M17,Robotic Arm,0.39,34.2,2.24,19.4,154.4,idle,119.87,15.8,0.5,0,none,0.0
2079-01-12,M17,Robotic Arm,0.45,31.53,2.4,16.1,149.9,idle,120.18,8.5,0.5,0,none,0.0
2079-01-13,M17,Robotic Arm,0.92,39.25,5.69,16.1,345.6,normal,120.67,13.3,0.5,0,none,0.0
2079-01-14,M17,Robotic Arm,1.32,36.19,5.39,38.0,361.6,normal,121.1,9.3,0.5,0,none,0.0
2079-01-15,M17,Robotic Arm,1.32,46.43,5.92,42.0,356.8,normal,121.15,10.6,0.5,0,none,0.0
2079-01-16,M17,Robotic Arm,0.42,34.4,2.52,16.9,152.7,idle,121.65,12.8,0.5,0,none,0.0
2079-01-17,M17,Robotic Arm,1.03,35.15,5.32,41.3,358.2,normal,122.05,9.6,0.5,0,none,0.0
2079-01-18,M17,Robotic Arm,1.24,46.58,5.64,41.9,360.7,normal,122.27,11.2,0.5,0,none,0.0
2079-01-19,M17,Robotic Arm,1.07,36.41,5.2,45.1,367.0,normal,122.38,13.6,0.5,0,none,0.0
2079-01-20,M17,Robotic Arm,1.22,35.36,5.38,47.5,361.3,normal,122.43,15.2,0.5,0,none,0.0
2079-01-21,M17,Robotic Arm,1.26,45.48,5.93,42.4,352.9,normal,122.58,13.1,0.5,0,none,0.0
2079-01-22,M17,Robotic Arm,0.86,47.18,5.3,42.5,358.0,normal,122.88,10.8,0.5,0,none,0.0
2079-01-23,M17,Robotic Arm,0.45,30.79,2.47,19.7,153.6,idle,123.2,16.2,0.5,0,none,0.0
2079-01-24,M17,Robotic Arm,0.4,32.01,2.53,14.3,156.4,idle,123.62,8.9,0.5,0,none,0.0
2079-01-25,M17,Robotic Arm,0.37,33.37,2.52,17.8,151.6,idle,123.77,13.2,0.5,0,none,0.0
2079-01-26,M17,Robotic Arm,1.25,35.25,5.72,40.3,359.8,normal,123.88,12.9,0.5,0,none,0.0
2079-01-27,M17,Robotic Arm,0.36,29.26,2.38,17.2,151.2,idle,124.32,17.0,0.5,0,none,0.0
2079-01-28,M17,Robotic Arm,1.19,35.69,5.35,38.0,357.0,normal,124.37,10.6,0.5,0,none,0.0
2079-01-29,M17,Robotic Arm,1.23,35.69,5.57,42.3,350.1,normal,124.53,8.9,0.5,0,none,0.0
2079-01-30,M17,Robotic Arm,1.68,42.08,8.1,59.9,505.0,peak,125.02,14.4,0.5,0,none,0.0
2079-01-31,M17,Robotic Arm,1.76,52.77,8.31,59.1,495.6,peak,125.52,8.7,0.5,0,none,0.0
2079-02-01,M17,Robotic Arm,0.37,28.22,2.4,19.9,156.3,idle,125.65,9.4,0.5,0,none,0.0
2079-02-02,M17,Robotic Arm,1.15,38.87,5.3,40.6,356.0,normal,126.08,9.5,0.5,0,none,0.0
2079-02-03,M17,Robotic Arm,0.41,30.56,2.24,15.6,148.9,idle,126.15,17.7,0.5,0,none,0.0
2079-02-04,M17,Robotic Arm,1.14,36.34,5.43,41.4,355.8,normal,126.23,11.5,0.5,0,none,0.0
2079-02-05,M17,Robotic Arm,1.01,36.95,5.22,39.7,364.7,normal,126.5,15.2,0.5,0,none,0.0
2079-02-06,M17,Robotic Arm,1.04,42.01,5.59,40.8,365.3,normal,126.78,16.6,0.5,0,none,0.0
2079-02-07,M17,Robotic Arm,1.37,37.76,5.85,45.6,365.1,normal,126.98,15.5,0.5,0,none,0.0
2079-02-08,M17,Robotic Arm,0.39,32.8,2.28,19.8,155.8,idle,127.42,9.9,0.5,0,none,0.0
2079-02-09,M17,Robotic Arm,0.89,46.41,5.97,41.3,356.2,normal,127.78,17.0,0.5,0,none,0.0
2079-02-10,M17,Robotic Arm,0.45,31.16,5.97,16.7,146.1,idle,127.87,14.5,0.5,0,none,0.0
2079-02-11,M17,Robotic Arm,1.65,52.75,7.54,59.4,512.9,peak,128.13,14.6,0.5,0,none,0.0
2079-02-12,M17,Robotic Arm,1.04,47.71,5.51,45.8,347.4,normal,128.45,12.5,0.5,0,none,0.0
2079-02-13,M17,Robotic Arm,1.03,44.37,5.25,45.8,348.0,normal,128.62,9.4,0.5,0,none,0.0
2079-02-14,M17,Robotic Arm,0.99,35.86,5.98,40.9,361.7,normal,129.0,17.9,0.5,0,none,0.0
2079-02-15,M17,Robotic Arm,1.07,47.88,5.31,41.7,352.9,normal,129.13,12.3,0.5,0,none,0.0
2079-02-16,M17,Robotic Arm,1.24,41.45,5.8,46.4,348.7,normal,129.35,14.3,0.5,0,none,0.0
2079-02-17,M17,Robotic Arm,1.29,41.39,5.26,46.4,364.1,normal,129.75,10.6,0.5,0,none,0.0
2079-02-18,M17,Robotic Arm,1.06,36.21,5.71,46.5,344.0,normal,130.08,15.6,0.5,0,none,0.0
2079-02-19,M17,Robotic Arm,0.4,36.21,2.34,16.5,145.1,idle,130.2,12.5,0.5,0,none,0.0
2079-02-20,M17,Robotic Arm,0.39,30.17,2.47,19.3,146.6,idle,130.4,10.8,0.5,0,none,0.0
2079-02-21,M17,Robotic Arm,1.12,38.6,5.99,45.8,343.5,normal,130.65,16.9,0.5,0,none,0.0
2079-02-22,M17,Robotic Arm,0.39,28.78,2.51,45.8,154.7,idle,131.02,9.5,0.5,0,none,0.0
2079-02-23,M17,Robotic Arm,1.17,37.37,5.21,46.7,342.8,normal,131.23,12.3,0.5,0,none,0.0
2079-02-24,M17,Robotic Arm,1.74,44.49,8.35,60.9,496.0,peak,131.37,12.8,0.5,0,none,0.0
2079-02-25,M17,Robotic Arm,0.42,29.92,2.37,18.9,145.1,idle,131.77,12.2,0.5,0,none,0.0
2079-02-26,M17,Robotic Arm,0.37,29.92,2.49,15.0,145.1,idle,132.25,11.7,0.5,0,none,0.0
2079-02-27,M17,Robotic Arm,1.22,39.83,5.48,43.2,145.1,normal,132.4,9.8,0.5,0,none,0.0
2079-02-28,M17,Robotic Arm,1.24,39.83,5.72,46.0,367.2,normal,132.58,8.5,0.5,0,none,0.0
2079-03-01,M17,Robotic Arm,0.93,44.69,5.99,38.7,367.2,normal,132.63,8.6,0.5,0,none,0.0
2079-03-02,M17,Robotic Arm,0.97,37.67,5.46,47.2,360.5,normal,132.83,16.1,0.5,0,none,0.0
2079-03-03,M17,Robotic Arm,0.86,41.44,5.9,47.2,345.8,normal,133.0,15.5,0.5,0,none,0.0
2079-03-04,M17,Robotic Arm,1.79,46.0,7.85,58.6,495.8,peak,133.32,11.9,0.5,0,none,0.0
2079-03-05,M17,Robotic Arm,3.51,39.09,5.57,40.6,355.2,normal,133.42,8.5,0.5,0,none,0.0
2079-03-06,M17,Robotic Arm,1.37,38.76,5.57,40.2,344.3,normal,133.65,11.2,0.5,0,none,0.0
2079-03-07,M17,Robotic Arm,0.9,38.76,5.66,43.1,340.2,normal,133.93,10.6,0.5,0,none,0.0
2079-03-08,M17,Robotic Arm,1.12,43.62,5.53,39.3,348.0,normal,134.12,12.0,0.5,0,none,0.0
2079-03-09,M17,Robotic Arm,1.24,41.18,5.58,38.4,355.9,normal,134.4,17.5,0.5,0,none,0.0
2079-03-10,M17,Robotic Arm,1.08,46.44,5.5,44.1,368.1,normal,134.48,13.2,0.5,0,none,0.0
2079-03-11,M17,Robotic Arm,1.16,35.39,5.28,47.7,356.6,normal,134.67,17.1,0.5,0,none,0.0
2079-03-12,M17,Robotic Arm,0.95,42.38,5.97,38.5,355.8,normal,134.97,16.0,0.5,0,none,0.0
2079-03-13,M17,Robotic Arm,0.92,40.81,5.72,42.6,368.9,normal,135.4,10.1,0.5,0,none,0.0
2079-03-14,M17,Robotic Arm,0.41,34.75,2.33,14.1,147.3,idle,135.87,10.0,0.5,0,none,0.0
2079-03-15,M17,Robotic Arm,0.36,33.17,2.28,18.5,153.1,idle,136.22,14.9,0.5,0,none,0.0
2079-03-16,M17,Robotic Arm,0.97,42.97,5.21,41.4,363.5,normal,136.38,15.9,0.5,0,none,0.0
2079-03-17,M17,Robotic Arm,0.42,33.53,2.44,17.4,151.1,idle,136.52,14.2,0.5,0,none,0.0
2079-03-18,M17,Robotic Arm,1.37,47.34,5.21,47.6,366.1,normal,136.97,16.7,0.5,0,none,0.0
2079-03-19,M17,Robotic Arm,0.41,30.27,2.37,19.1,147.2,idle,137.08,15.4,0.5,0,none,0.0
2079-03-20,M17,Robotic Arm,0.41,29.62,2.35,14.0,159.5,idle,137.27,16.0,0.5,0,none,0.0
2079-03-21,M17,Robotic Arm,0.36,33.34,2.42,19.0,152.7,idle,137.37,12.5,0.5,0,none,0.0
2079-03-22,M17,Robotic Arm,1.39,42.89,5.69,47.2,347.7,normal,137.43,13.4,0.5,0,none,0.0
2079-03-23,M17,Robotic Arm,0.39,32.65,2.26,18.9,153.9,idle,137.9,9.6,0.5,0,none,0.0
2079-03-24,M17,Robotic Arm,0.43,34.93,2.59,16.7,149.2,idle,138.15,8.6,0.5,0,none,0.0
2079-03-25,M17,Robotic Arm,0.41,32.98,2.32,15.7,149.2,idle,138.28,13.8,0.5,0,none,0.0
2079-03-26,M17,Robotic Arm,0.44,28.71,2.3,17.8,152.0,idle,138.53,10.2,0.5,0,none,0.0
2079-03-27,M17,Robotic Arm,0.36,30.03,2.36,19.8,150.9,idle,138.98,15.0,0.5,0,none,0.0
2079-03-28,M17,Robotic Arm,0.36,34.81,2.37,14.8,154.2,idle,139.35,15.7,0.5,0,none,0.0
2079-03-29,M17,Robotic Arm,1.29,44.24,5.45,40.4,366.5,normal,139.62,13.9,0.5,0,none,0.0
2079-03-30,M17,Robotic Arm,0.37,33.3,2.21,16.5,159.8,idle,140.07,10.7,0.5,0,none,0.0
2079-03-31,M17,Robotic Arm,0.41,30.17,2.48,16.1,159.1,idle,140.35,8.2,0.5,0,none,0.0
2079-04-01,M17,Robotic Arm,0.37,30.24,2.48,18.8,153.7,idle,140.52,16.9,0.5,0,none,0.0
2079-04-02,M17,Robotic Arm,0.38,32.01,2.29,14.3,158.8,idle,140.78,11.9,0.5,0,none,0.0
2079-04-03,M17,Robotic Arm,1.11,41.24,5.8,14.3,353.6,normal,141.23,14.0,0.5,0,none,0.0
2079-04-04,M17,Robotic Arm,0.43,31.33,2.57,15.8,145.5,idle,141.63,12.6,0.5,0,none,0.0
2079-04-05,M17,Robotic Arm,0.36,33.73,2.57,14.4,158.6,idle,141.73,10.7,0.5,0,none,0.0
2079-04-06,M17,Robotic Arm,0.44,33.28,2.5,14.0,148.3,idle,142.07,17.1,0.5,0,none,0.0
2079-04-07,M17,Robotic Arm,0.37,32.07,2.46,19.4,152.3,idle,142.5,8.4,0.5,0,none,0.0
2079-04-08,M17,Robotic Arm,0.4,28.38,2.6,19.7,146.1,idle,142.77,17.5,0.5,0,none,0.0
2079-04-09,M17,Robotic Arm,0.41,30.43,2.37,17.9,151.3,idle,142.88,10.2,0.5,0,none,0.0
2079-04-10,M17,Robotic Arm,0.4,29.91,2.23,18.5,150.7,idle,143.32,13.6,0.5,0,none,0.0
2079-04-11,M17,Robotic Arm,0.44,34.61,2.24,18.1,157.3,idle,143.82,13.0,0.5,0,none,0.0
2079-04-12,M17,Robotic Arm,0.41,30.3,2.31,16.8,148.9,idle,144.25,14.3,0.5,0,none,0.0
2079-04-13,M17,Robotic Arm,1.34,35.64,5.29,44.1,359.8,normal,144.73,14.2,0.5,0,none,0.0
2079-04-14,M17,Robotic Arm,1.25,38.58,5.44,42.1,347.0,normal,144.8,17.5,0.5,0,none,0.0
2079-04-15,M17,Robotic Arm,0.39,32.88,2.4,19.8,153.7,idle,145.12,9.0,0.5,0,none,0.0
2079-04-16,M17,Robotic Arm,1.03,37.36,5.38,38.2,353.3,normal,145.35,14.4,0.5,0,none,0.0
2079-04-17,M17,Robotic Arm,1.38,45.1,5.44,46.0,367.9,normal,145.83,12.8,0.5,0,none,0.0
2079-04-18,M17,Robotic Arm,1.22,41.65,5.31,38.8,346.6,normal,145.98,14.7,0.5,0,none,0.0
2079-04-19,M17,Robotic Arm,1.21,37.01,5.63,42.4,358.9,normal,146.03,14.9,0.5,0,none,0.0
2079-04-20,M17,Robotic Arm,0.88,47.74,5.75,45.2,340.5,normal,146.48,12.6,0.5,0,none,0.0
2079-04-21,M17,Robotic Arm,0.89,43.94,5.29,47.0,358.6,normal,146.67,17.0,0.5,0,none,0.0
2079-04-22,M17,Robotic Arm,0.89,42.98,5.84,46.0,352.0,normal,146.97,17.9,0.5,0,none,0.0
2079-04-23,M17,Robotic Arm,1.1,44.57,5.9,45.9,357.9,normal,147.02,12.5,0.5,0,none,0.0
2079-04-24,M17,Robotic Arm,1.25,43.48,5.66,47.2,359.4,normal,147.4,15.6,0.5,0,none,0.0
2079-04-25,M17,Robotic Arm,0.39,34.82,2.58,18.7,145.5,idle,147.83,9.6,0.5,0,none,0.0
2079-04-26,M17,Robotic Arm,0.42,28.21,2.23,16.1,149.7,idle,147.98,12.0,0.5,0,none,0.0
2079-04-27,M17,Robotic Arm,0.41,29.71,2.28,18.0,151.7,idle,148.47,11.9,0.5,0,none,0.0
2079-04-28,M17,Robotic Arm,1.04,31.1,2.5,14.4,158.7,idle,148.72,17.1,0.5,0,none,0.0
2079-04-29,M17,Robotic Arm,1.64,48.66,7.8,61.5,480.9,peak,149.12,17.5,0.5,0,none,0.0
2079-04-30,M17,Robotic Arm,1.26,36.29,5.56,39.5,345.1,normal,149.43,16.9,0.5,0,none,0.0
2079-05-01,M17,Robotic Arm,1.11,35.85,5.32,43.4,360.9,normal,149.53,13.4,0.5,0,none,0.0
2079-05-02,M17,Robotic Arm,1.05,64.77,5.33,43.6,342.7,normal,150.03,14.5,0.5,0,none,0.0
2079-05-03,M17,Robotic Arm,0.94,46.81,5.99,48.0,364.0,normal,150.53,15.4,0.5,0,none,0.0
2079-05-04,M17,Robotic Arm,0.37,46.81,2.24,14.3,156.0,idle,150.8,10.3,0.5,0,none,0.0
2079-05-05,M17,Robotic Arm,1.15,43.59,5.66,38.1,349.6,normal,151.03,16.6,0.5,0,none,0.0
2079-05-06,M17,Robotic Arm,1.23,46.2,5.32,39.2,368.8,normal,151.13,12.0,0.5,0,none,0.0
2079-05-07,M17,Robotic Arm,0.45,33.25,2.22,17.8,146.9,idle,151.17,12.5,0.5,0,none,0.0
2079-05-08,M17,Robotic Arm,1.31,38.94,2.22,39.9,361.8,normal,151.38,8.1,0.5,0,none,0.0
2079-05-09,M17,Robotic Arm,1.13,44.18,5.46,41.8,366.9,normal,151.7,15.1,0.5,0,none,0.0
2079-05-10,M17,Robotic Arm,1.13,46.74,5.26,39.6,359.9,normal,152.0,13.0,0.5,0,none,0.0
2079-05-11,M17,Robotic Arm,1.4,47.14,5.61,43.3,357.2,normal,152.05,12.6,0.5,0,none,0.0
2079-05-12,M17,Robotic Arm,0.43,31.86,2.25,19.0,158.3,idle,152.15,14.5,0.5,0,none,0.0
2079-05-13,M17,Robotic Arm,0.44,30.94,2.29,14.7,152.9,idle,152.18,16.9,0.5,0,none,0.0
2079-05-14,M17,Robotic Arm,1.0,40.55,5.28,40.0,353.1,normal,152.47,17.9,0.5,0,none,0.0
2079-05-15,M17,Robotic Arm,0.37,29.58,2.21,14.4,146.8,idle,152.75,17.2,0.5,0,none,0.0
2079-05-16,M17,Robotic Arm,1.21,36.95,5.9,45.9,364.5,normal,153.13,15.3,0.5,0,none,0.0
2079-05-17,M17,Robotic Arm,1.04,35.75,5.26,44.9,367.7,normal,153.52,17.2,0.5,0,none,0.0
2079-05-18,M17,Robotic Arm,0.95,46.24,5.72,44.8,360.9,normal,153.63,15.1,0.5,0,none,0.0
2079-05-19,M17,Robotic Arm,0.88,42.85,5.59,46.4,352.8,normal,153.88,8.4,0.5,0,none,0.0
2079-05-20,M17,Robotic Arm,1.13,42.55,5.67,42.0,345.0,normal,154.0,8.0,0.5,0,none,0.0
2079-05-21,M17,Robotic Arm,1.58,47.36,8.12,59.5,511.7,peak,154.5,8.3,0.5,0,none,0.0
2079-05-22,M17,Robotic Arm,1.67,46.45,8.0,58.6,481.2,peak,154.62,9.8,0.5,0,none,0.0
2079-05-23,M17,Robotic Arm,1.0,40.86,8.0,45.2,365.9,normal,154.8,11.9,0.5,0,none,0.0
2079-05-24,M17,Robotic Arm,1.0,42.31,8.38,45.2,480.2,peak,154.87,12.1,0.5,0,none,0.0
2079-05-25,M17,Robotic Arm,1.12,36.26,5.74,43.3,367.4,normal,154.93,16.3,0.5,0,none,0.0
2079-05-26,M17,Robotic Arm,1.12,47.01,5.87,45.5,353.1,normal,155.25,12.1,0.5,0,none,0.0
2079-05-27,M17,Robotic Arm,0.39,30.76,2.22,17.6,157.0,idle,155.37,11.5,0.5,0,none,0.0
2079-05-28,M17,Robotic Arm,0.42,32.08,2.34,18.2,152.9,idle,155.65,11.0,0.5,0,none,0.0
2079-05-29,M17,Robotic Arm,1.31,38.55,5.28,38.0,362.3,normal,155.78,13.3,0.5,0,none,0.0
2079-05-30,M17,Robotic Arm,0.41,28.42,2.54,16.9,151.9,idle,155.92,9.8,0.5,0,none,0.0
2079-05-31,M17,Robotic Arm,0.42,32.44,2.3,17.9,157.9,idle,156.3,10.7,0.5,0,none,0.0
2079-06-01,M17,Robotic Arm,1.07,38.77,5.25,44.0,362.7,normal,156.65,9.2,0.5,0,none,0.0
2079-06-02,M17,Robotic Arm,1.38,42.96,5.56,47.4,345.4,normal,157.08,14.0,0.5,0,none,0.0
2079-06-03,M17,Robotic Arm,1.24,39.26,5.89,45.5,350.0,normal,157.35,10.5,0.5,0,none,0.0
2079-06-04,M17,Robotic Arm,1.28,46.58,5.4,43.7,352.6,normal,157.67,12.4,0.5,0,none,0.0
2079-06-05,M17,Robotic Arm,1.36,47.64,5.28,43.5,355.9,normal,158.17,12.4,0.5,0,none,0.0
2079-06-06,M17,Robotic Arm,1.33,45.13,5.43,43.2,351.4,normal,158.63,13.5,0.5,0,none,0.0
2079-06-07,M17,Robotic Arm,1.61,51.5,8.1,57.0,504.8,peak,158.8,14.8,0.5,0,none,0.0
2079-06-08,M17,Robotic Arm,0.4,30.39,2.23,19.6,157.9,idle,159.18,12.6,0.5,0,none,0.0
2079-06-09,M17,Robotic Arm,0.38,31.89,2.55,17.1,147.1,idle,159.6,11.2,0.5,0,none,0.0
2079-06-10,M17,Robotic Arm,1.11,39.08,2.55,46.5,147.1,normal,159.87,15.5,0.5,0,none,0.0
2079-06-11,M17,Robotic Arm,1.29,38.02,5.67,42.3,147.1,normal,159.97,16.5,0.5,0,none,0.0
2079-06-12,M17,Robotic Arm,0.35,30.55,2.53,16.4,148.3,idle,160.2,16.1,0.5,0,none,0.0
2079-06-13,M17,Robotic Arm,1.32,42.69,5.65,42.0,344.7,normal,160.53,12.6,0.5,0,none,0.0
2079-06-14,M17,Robotic Arm,0.41,31.54,2.36,14.5,154.8,idle,160.88,17.0,0.5,0,none,0.0
2079-06-15,M17,Robotic Arm,0.41,31.91,2.25,15.8,152.1,idle,160.97,16.4,0.5,0,none,0.0
2079-06-16,M17,Robotic Arm,0.42,29.56,2.52,15.9,155.0,idle,161.03,12.1,0.5,0,none,0.0
2079-06-17,M17,Robotic Arm,0.44,33.0,2.23,16.3,153.7,idle,161.08,16.8,0.5,0,none,0.0
2079-06-18,M17,Robotic Arm,0.42,30.41,2.37,16.3,155.5,idle,161.17,8.5,0.5,0,none,0.0
2079-06-19,M17,Robotic Arm,1.35,45.12,5.41,43.4,354.3,normal,161.23,13.7,0.5,0,none,0.0
2079-06-20,M17,Robotic Arm,0.35,34.57,5.41,19.7,155.0,idle,161.52,17.4,0.5,0,none,0.0
2079-06-21,M17,Robotic Arm,0.42,30.99,2.54,15.1,159.4,idle,161.57,9.6,0.5,0,none,0.0
2079-06-22,M17,Robotic Arm,0.41,30.33,2.5,18.5,156.6,idle,161.6,10.5,0.5,0,none,0.0
2079-06-23,M17,Robotic Arm,0.38,30.33,2.5,18.8,156.6,idle,162.0,15.7,0.5,0,none,0.0
2079-06-24,M17,Robotic Arm,0.37,31.28,2.32,15.2,152.3,idle,162.13,9.4,0.5,0,none,0.0
2079-06-25,M17,Robotic Arm,0.43,32.07,2.39,20.0,156.4,idle,162.33,9.4,0.5,0,none,0.0
2079-06-26,M17,Robotic Arm,0.36,30.92,2.39,17.7,155.2,idle,162.68,9.7,0.5,0,none,0.0
2079-06-27,M17,Robotic Arm,0.36,39.78,5.28,38.9,362.7,normal,162.85,14.5,0.5,0,none,0.0
2079-06-28,M17,Robotic Arm,0.44,29.38,2.57,16.1,158.2,idle,163.08,14.3,0.5,0,none,0.0
2079-06-29,M17,Robotic Arm,0.35,28.63,2.37,19.1,151.7,idle,163.18,16.9,0.5,0,none,0.0
2079-06-30,M17,Robotic Arm,0.43,30.39,2.25,19.6,146.2,idle,163.3,18.0,0.5,0,none,0.0
2079-07-01,M17,Robotic Arm,0.42,34.18,2.25,17.1,145.8,idle,163.67,13.8,0.5,0,none,0.0
2079-07-02,M17,Robotic Arm,0.4,33.51,2.32,15.4,148.8,idle,163.75,9.9,0.5,0,none,0.0
2079-07-03,M17,Robotic Arm,0.43,34.82,2.29,14.4,146.9,idle,164.2,10.6,0.5,0,none,0.0
2079-07-04,M17,Robotic Arm,0.41,32.73,2.38,14.5,158.9,idle,164.32,11.1,0.5,0,none,0.0
2079-07-05,M17,Robotic Arm,0.44,30.75,2.53,19.4,152.6,idle,164.58,11.2,0.5,0,none,0.0
2079-07-06,M17,Robotic Arm,0.41,33.13,2.56,14.5,145.8,idle,164.98,10.2,0.5,0,none,0.0
2079-07-07,M17,Robotic Arm,0.42,28.33,2.24,16.5,147.7,idle,165.17,17.4,0.5,0,none,0.0
2079-07-08,M17,Robotic Arm,0.44,30.32,2.43,14.1,152.7,idle,165.2,14.5,0.5,0,none,0.0
2079-07-09,M17,Robotic Arm,0.43,34.78,2.47,14.1,150.4,idle,165.32,13.1,0.5,0,none,0.0
2079-07-10,M17,Robotic Arm,0.37,30.36,2.42,16.9,158.1,idle,165.67,11.7,0.5,0,none,0.0
2079-07-11,M17,Robotic Arm,0.37,31.04,2.42,19.9,148.2,idle,165.95,17.7,0.5,0,none,0.0
2079-07-12,M17,Robotic Arm,0.43,32.32,2.25,18.7,147.6,idle,166.33,15.1,0.5,0,none,0.0
2079-07-13,M17,Robotic Arm,0.42,29.68,2.39,18.7,154.5,idle,166.42,10.0,0.5,0,none,0.0
2079-07-14,M17,Robotic Arm,0.42,33.62,2.21,16.9,159.8,idle,166.45,11.0,0.5,0,none,0.0
2079-07-15,M17,Robotic Arm,0.43,30.56,2.31,18.2,147.1,idle,166.9,13.0,0.5,0,none,0.0
2079-07-16,M17,Robotic Arm,1.34,36.06,5.65,46.5,361.6,normal,167.12,13.8,0.5,0,none,0.0
2079-07-17,M17,Robotic Arm,0.4,29.61,2.44,19.8,146.4,idle,167.3,14.0,0.5,0,none,0.0
2079-07-18,M17,Robotic Arm,0.35,30.94,2.44,16.1,155.8,idle,167.63,8.2,0.5,0,none,0.0
2079-07-19,M17,Robotic Arm,0.4,30.43,2.52,14.6,145.6,idle,167.98,15.4,0.5,0,none,0.0
2079-07-20,M17,Robotic Arm,0.36,33.7,2.52,19.0,149.3,idle,168.07,9.3,0.5,0,none,0.0
2079-07-21,M17,Robotic Arm,0.4,30.24,2.43,19.1,145.3,idle,168.52,8.7,0.5,0,none,0.0
2079-07-22,M17,Robotic Arm,1.16,37.61,5.9,47.6,364.8,normal,168.68,8.6,0.5,0,none,0.0
2079-07-23,M17,Robotic Arm,0.35,30.12,2.29,19.0,145.3,idle,168.77,10.2,0.5,0,none,0.0
2079-07-24,M17,Robotic Arm,1.36,42.64,5.8,42.6,361.2,normal,169.02,13.4,0.5,0,none,0.0
2079-07-25,M17,Robotic Arm,1.03,43.58,5.54,47.3,367.9,normal,169.37,17.6,0.5,0,none,0.0
2079-07-26,M17,Robotic Arm,1.16,45.05,5.79,45.1,369.2,normal,169.77,13.3,0.5,0,none,0.0
2079-07-27,M17,Robotic Arm,1.33,44.69,5.26,41.5,350.3,normal,170.07,17.3,0.5,0,none,0.0
2079-07-28,M17,Robotic Arm,1.13,46.14,5.74,45.7,341.2,normal,170.2,9.4,0.5,0,none,0.0
2079-07-29,M17,Robotic Arm,0.88,47.07,5.37,46.0,356.4,normal,170.65,16.5,0.5,0,none,0.0
2079-07-30,M17,Robotic Arm,0.38,33.34,2.59,15.6,150.3,idle,171.0,11.4,0.5,0,none,0.0
2079-07-31,M17,Robotic Arm,1.01,43.38,5.78,42.8,346.4,normal,171.38,13.0,0.5,0,none,0.0
2079-08-01,M17,Robotic Arm,0.38,33.23,2.55,17.1,148.7,idle,171.45,13.1,0.5,0,none,0.0
2079-08-02,M17,Robotic Arm,1.22,43.31,5.93,40.9,364.5,normal,171.92,10.1,0.5,0,none,0.0
2079-08-03,M17,Robotic Arm,1.22,43.31,5.28,46.3,354.3,normal,172.35,9.8,0.5,0,none,0.0
2079-08-04,M17,Robotic Arm,1.28,38.16,5.48,42.1,356.5,normal,172.82,14.4,0.5,0,none,0.0
2079-08-05,M17,Robotic Arm,1.13,38.07,5.92,47.4,347.1,normal,172.87,15.4,0.5,0,none,0.0
2079-08-06,M17,Robotic Arm,0.39,33.63,2.51,19.8,159.2,idle,173.13,15.9,0.5,0,none,0.0
2079-08-07,M17,Robotic Arm,1.33,42.63,5.47,43.2,363.1,normal,173.27,13.1,0.5,0,none,0.0
2079-08-08,M17,Robotic Arm,0.91,44.14,5.92,40.1,364.3,normal,173.75,17.0,0.5,0,none,0.0
2079-08-09,M17,Robotic Arm,0.44,28.47,2.58,17.0,151.9,idle,173.92,16.1,0.5,0,none,0.0
2079-08-10,M17,Robotic Arm,0.41,29.5,2.47,18.9,149.8,idle,174.03,17.0,0.5,0,none,0.0
2079-08-11,M17,Robotic Arm,0.99,46.9,5.57,44.3,365.7,normal,174.43,14.9,0.5,0,none,0.0
2079-08-12,M17,Robotic Arm,0.42,30.25,5.57,16.8,148.7,idle,174.78,14.4,0.5,0,none,0.0
2079-08-13,M17,Robotic Arm,0.39,31.21,2.55,18.6,147.9,idle,174.87,16.2,0.5,0,none,0.0
2079-08-14,M17,Robotic Arm,1.02,42.59,5.65,43.5,368.6,normal,175.3,10.1,0.5,0,none,0.0
2079-08-15,M17,Robotic Arm,1.71,43.26,8.44,59.6,503.2,peak,175.4,8.3,0.5,0,none,0.0
2079-08-16,M17,Robotic Arm,0.43,29.49,2.4,19.2,156.1,idle,175.8,13.5,0.5,0,none,0.0
2079-08-17,M17,Robotic Arm,1.04,42.66,5.21,38.5,343.4,normal,176.03,11.8,0.5,0,none,0.0
2079-08-18,M17,Robotic Arm,1.71,50.06,8.42,62.1,496.8,peak,176.43,9.9,0.5,0,none,0.0
2079-08-19,M17,Robotic Arm,1.33,35.56,5.21,40.5,343.8,normal,176.58,12.9,0.5,0,none,0.0
2079-08-20,M17,Robotic Arm,1.0,38.97,5.56,44.1,350.6,normal,176.65,11.0,0.5,0,none,0.0
2079-08-21,M17,Robotic Arm,0.45,31.79,2.55,18.8,145.7,idle,176.77,8.6,0.5,0,none,0.0
2079-08-22,M17,Robotic Arm,1.11,45.48,5.93,44.3,368.0,normal,176.95,10.8,0.5,0,none,0.0
2079-08-23,M17,Robotic Arm,1.21,37.71,5.65,45.6,360.0,normal,177.22,17.0,0.5,0,none,0.0
2079-08-24,M17,Robotic Arm,0.9,38.08,5.75,43.3,340.9,normal,177.37,11.2,0.5,0,none,0.0
2079-08-25,M17,Robotic Arm,1.26,36.03,5.35,47.0,349.4,normal,177.77,9.1,0.5,0,none,0.0
2079-08-26,M17,Robotic Arm,0.87,35.23,5.95,41.7,358.6,normal,178.27,12.6,0.5,0,none,0.0
2079-08-27,M17,Robotic Arm,0.39,29.49,2.55,19.7,159.8,idle,178.4,9.8,0.5,0,none,0.0
2079-08-28,M17,Robotic Arm,0.87,35.65,5.89,39.8,356.9,normal,178.55,15.3,0.5,0,none,0.0
2079-08-29,M17,Robotic Arm,1.17,43.61,5.23,41.1,355.4,normal,178.82,9.5,0.5,0,none,0.0
2079-08-30,M17,Robotic Arm,0.37,34.61,2.53,14.8,155.1,idle,179.1,15.0,0.5,0,none,0.0
2079-08-31,M17,Robotic Arm,1.08,39.05,5.43,44.6,367.1,normal,179.18,8.5,0.5,0,none,0.0
2079-09-01,M17,Robotic Arm,1.31,39.54,5.77,43.3,353.2,normal,179.38,10.0,0.5,0,none,0.0
2079-09-02,M17,Robotic Arm,1.01,36.06,5.35,43.7,361.9,normal,179.43,11.3,0.5,0,none,0.0
2079-09-03,M17,Robotic Arm,0.87,39.93,5.33,44.0,365.9,normal,179.67,10.7,0.5,0,none,0.0
2079-09-04,M17,Robotic Arm,1.36,46.51,5.9,44.0,347.3,normal,180.15,12.9,0.5,0,none,0.0
2079-09-05,M17,Robotic Arm,1.26,44.42,5.33,40.0,343.3,normal,180.32,13.6,0.5,0,none,0.0
2079-09-06,M17,Robotic Arm,1.12,39.18,5.92,38.4,349.7,normal,180.82,11.3,0.5,0,none,0.0
2079-09-07,M17,Robotic Arm,1.33,47.99,5.78,47.0,340.5,normal,180.9,15.7,0.5,0,none,0.0
2079-09-08,M17,Robotic Arm,1.27,41.0,5.75,42.3,357.1,normal,181.13,15.1,0.5,0,none,0.0
2079-09-09,M17,Robotic Arm,0.38,41.0,2.32,15.7,149.9,idle,181.62,17.3,0.5,0,none,0.0
2079-09-10,M17,Robotic Arm,0.37,29.56,2.57,16.7,154.2,idle,182.07,11.2,0.5,0,none,0.0
2079-09-11,M17,Robotic Arm,1.67,45.45,7.5,56.0,513.2,peak,182.12,13.5,0.5,0,none,0.0
2079-09-12,M17,Robotic Arm,0.36,29.45,2.57,18.9,145.8,idle,182.48,9.3,0.5,0,none,0.0
2079-09-13,M17,Robotic Arm,1.2,41.7,5.49,43.0,344.5,normal,182.83,8.4,0.5,0,none,0.0
2079-09-14,M17,Robotic Arm,1.38,37.23,5.35,41.7,346.4,normal,182.93,15.6,0.5,0,none,0.0
2079-09-15,M17,Robotic Arm,0.38,28.28,2.45,15.4,159.6,idle,183.07,8.3,0.5,0,none,0.0
2079-09-16,M17,Robotic Arm,0.38,28.28,5.34,15.4,362.4,normal,183.45,15.0,0.5,0,none,0.0
2079-09-17,M17,Robotic Arm,1.16,46.18,5.67,39.4,345.6,normal,183.58,13.1,0.5,0,none,0.0
2079-09-18,M17,Robotic Arm,1.05,46.96,5.57,46.7,342.2,normal,183.62,14.2,0.5,0,none,0.0
2079-09-19,M17,Robotic Arm,1.23,41.07,5.34,38.8,349.5,normal,183.75,9.4,0.5,0,none,0.0
2079-09-20,M17,Robotic Arm,1.3,43.33,5.57,46.5,345.4,normal,184.02,10.7,0.5,0,none,0.0
2079-09-21,M17,Robotic Arm,1.0,42.2,5.67,41.2,355.1,normal,184.1,11.7,0.5,0,none,0.0
2079-09-22,M17,Robotic Arm,0.92,35.14,5.92,42.4,346.9,normal,184.18,14.7,0.5,0,none,0.0
2079-09-23,M17,Robotic Arm,1.03,41.73,5.96,45.2,368.4,normal,184.28,11.4,0.5,0,none,0.0
2079-09-24,M17,Robotic Arm,0.36,29.25,2.35,15.5,159.4,idle,184.6,14.2,0.5,0,none,0.0
2079-09-25,M17,Robotic Arm,0.37,29.19,2.4,18.2,150.7,idle,184.75,17.0,0.5,0,none,0.0
2079-09-26,M17,Robotic Arm,0.35,33.36,2.58,18.9,157.6,idle,184.8,9.5,0.5,0,none,0.0
2079-09-27,M17,Robotic Arm,0.43,33.32,2.52,14.5,145.8,idle,185.1,17.7,0.5,0,none,0.0
2079-09-28,M17,Robotic Arm,0.36,32.14,2.3,14.2,146.2,idle,185.5,17.3,0.5,0,none,0.0
2079-09-29,M17,Robotic Arm,0.36,32.39,2.26,19.1,159.9,idle,185.97,16.8,0.5,0,none,0.0
2079-09-30,M17,Robotic Arm,0.39,31.76,2.3,17.9,158.7,idle,186.38,17.1,0.5,0,none,0.0
2079-10-01,M17,Robotic Arm,0.37,31.76,2.29,15.6,158.7,idle,186.47,16.4,0.5,0,none,0.0
2079-10-02,M17,Robotic Arm,0.41,28.22,2.52,17.9,156.2,idle,186.72,16.9,0.5,0,none,0.0
2079-10-03,M17,Robotic Arm,0.37,34.11,2.51,19.7,151.1,idle,186.92,9.6,0.5,0,none,0.0
2079-10-04,M17,Robotic Arm,0.4,32.91,2.24,15.3,149.3,idle,187.0,15.0,0.5,0,none,0.0
2079-10-05,M17,Robotic Arm,0.44,28.01,2.6,16.4,154.7,idle,187.35,10.1,0.5,0,none,0.0
2079-10-06,M17,Robotic Arm,1.08,45.19,5.96,42.5,345.4,normal,187.58,11.3,0.5,0,none,0.0
2079-10-07,M17,Robotic Arm,0.37,29.86,2.29,14.1,157.9,idle,188.03,15.2,0.5,0,none,0.0
2079-10-08,M17,Robotic Arm,0.42,31.61,2.26,14.2,150.8,idle,188.42,12.4,0.5,0,none,0.0
2079-10-09,M17,Robotic Arm,0.35,28.4,2.23,18.9,155.9,idle,188.5,8.7,0.5,0,none,0.0
2079-10-10,M17,Robotic Arm,0.38,30.13,2.34,17.4,157.9,idle,188.97,9.5,0.5,0,none,0.0
2079-10-11,M17,Robotic Arm,0.4,29.04,2.34,14.3,156.1,idle,189.28,13.2,0.5,0,none,0.0
2079-10-12,M17,Robotic Arm,0.39,29.04,2.32,18.8,152.4,idle,189.32,16.5,0.5,0,none,0.0
2079-10-13,M17,Robotic Arm,0.43,31.93,2.28,18.8,145.1,idle,189.63,11.2,0.5,0,none,0.0
2079-10-14,M17,Robotic Arm,0.4,29.37,2.34,16.4,153.4,idle,189.75,14.2,0.5,0,none,0.0
2079-10-15,M17,Robotic Arm,0.39,32.51,2.27,18.7,154.0,idle,189.95,11.6,0.5,0,none,0.0
2079-10-16,M17,Robotic Arm,0.39,31.72,2.36,19.2,153.2,idle,190.17,13.0,0.5,0,none,0.0
2079-10-17,M17,Robotic Arm,0.43,31.72,2.49,18.5,148.4,idle,190.37,13.2,0.5,0,none,0.0
2079-10-18,M17,Robotic Arm,0.44,32.95,2.22,17.9,152.2,idle,190.57,16.6,0.5,0,none,0.0
2079-10-19,M17,Robotic Arm,0.36,31.31,2.57,19.3,146.3,idle,190.93,16.6,0.5,0,none,0.0
2079-10-20,M17,Robotic Arm,0.39,31.57,2.48,18.6,157.4,idle,191.17,11.1,0.5,0,none,0.0
2079-10-21,M17,Robotic Arm,0.41,34.18,2.42,14.1,151.9,idle,191.5,12.8,0.5,0,none,0.0
2079-10-22,M17,Robotic Arm,0.37,32.02,2.47,18.1,152.4,idle,191.8,14.1,0.5,0,none,0.0
2079-10-23,M17,Robotic Arm,0.42,28.8,2.58,19.1,157.8,idle,192.13,14.4,0.5,0,none,0.0
2079-10-24,M17,Robotic Arm,0.87,37.98,5.28,46.6,362.5,normal,192.45,11.0,0.5,0,none,0.0
2079-10-25,M17,Robotic Arm,0.36,30.81,2.4,18.3,149.4,idle,192.62,12.0,0.5,0,none,0.0
2079-10-26,M17,Robotic Arm,0.36,31.72,2.41,14.7,155.7,idle,192.72,13.8,0.5,0,none,0.0
2079-10-27,M17,Robotic Arm,0.95,46.05,5.82,47.8,345.1,normal,192.77,11.7,0.5,0,none,0.0
2079-10-28,M17,Robotic Arm,1.37,44.52,5.82,38.3,349.6,normal,192.95,14.8,0.5,0,none,0.0
2079-10-29,M17,Robotic Arm,0.87,37.37,5.91,42.1,360.1,normal,193.05,13.7,0.5,0,none,0.0
2079-10-30,M17,Robotic Arm,1.12,41.16,5.72,42.4,340.6,normal,193.38,9.9,0.5,0,none,0.0
2079-10-31,M17,Robotic Arm,1.12,29.91,2.47,17.9,147.2,idle,193.42,13.0,0.5,0,none,0.0
2079-11-01,M17,Robotic Arm,0.94,40.82,5.47,40.7,349.3,normal,193.7,13.3,0.5,0,none,0.0
2079-11-02,M17,Robotic Arm,0.99,40.82,5.27,46.8,364.4,normal,194.2,8.9,0.5,0,none,0.0
2079-11-03,M17,Robotic Arm,1.12,39.16,5.75,39.1,343.1,normal,194.35,17.7,0.5,0,none,0.0
2079-11-04,M17,Robotic Arm,0.93,44.0,5.86,43.4,345.1,normal,194.5,17.5,0.5,0,none,0.0
2079-11-05,M17,Robotic Arm,1.6,52.7,8.01,59.5,506.4,peak,194.95,12.5,0.5,0,none,0.0
2079-11-06,M17,Robotic Arm,1.05,35.06,5.95,45.1,368.7,normal,195.17,12.9,0.5,0,none,0.0
2079-11-07,M17,Robotic Arm,1.32,39.86,5.5,39.4,364.2,normal,195.27,13.4,0.5,0,none,0.0
2079-11-08,M17,Robotic Arm,0.41,29.79,5.5,18.6,158.2,idle,195.35,9.4,0.5,0,none,0.0
2079-11-09,M17,Robotic Arm,0.37,32.15,2.6,16.1,151.1,idle,195.82,13.9,0.5,0,none,0.0
2079-11-10,M17,Robotic Arm,0.4,28.31,2.29,15.9,145.1,idle,195.9,9.4,0.5,0,none,0.0
2079-11-11,M17,Robotic Arm,1.59,49.09,7.52,60.3,512.0,peak,196.05,9.4,0.5,0,none,0.0
2079-11-12,M17,Robotic Arm,0.93,47.5,5.53,42.4,355.4,normal,196.27,13.6,0.5,0,none,0.0
2079-11-13,M17,Robotic Arm,1.07,43.48,5.34,47.2,366.1,normal,196.72,14.4,0.5,0,none,0.0
2079-11-14,M17,Robotic Arm,1.2,45.26,5.77,47.2,344.7,normal,197.12,15.6,0.5,0,none,0.0
2079-11-15,M17,Robotic Arm,1.03,46.5,5.73,46.6,366.3,normal,197.37,10.8,0.5,0,none,0.0
2079-11-16,M17,Robotic Arm,1.14,40.67,5.54,42.4,368.4,normal,197.47,14.7,0.5,0,none,0.0
2079-11-17,M17,Robotic Arm,0.93,36.97,5.51,46.0,365.6,normal,197.55,16.4,0.5,0,none,0.0
2079-11-18,M17,Robotic Arm,1.75,49.57,8.36,56.9,503.9,peak,198.02,11.0,0.5,0,none,0.0
2079-11-19,M17,Robotic Arm,1.03,38.55,5.28,41.6,341.1,normal,198.18,17.2,0.5,0,none,0.0
2079-11-20,M17,Robotic Arm,1.04,41.17,5.49,45.7,348.4,normal,198.62,9.5,0.5,0,none,0.0
2079-11-21,M17,Robotic Arm,0.36,29.39,2.53,17.8,153.7,idle,198.8,15.0,0.5,0,none,0.0
2079-11-22,M17,Robotic Arm,0.36,33.24,2.53,17.8,146.9,idle,198.83,8.7,0.5,0,none,0.0
2079-11-23,M17,Robotic Arm,1.04,38.56,5.93,38.1,354.2,normal,199.3,16.8,0.5,0,none,0.0
2079-11-24,M17,Robotic Arm,1.25,46.79,5.97,38.7,345.9,normal,199.58,16.9,0.5,0,none,0.0
2079-11-25,M17,Robotic Arm,0.45,30.19,2.22,19.6,151.1,idle,199.87,16.5,0.5,0,none,0.0
2079-11-26,M17,Robotic Arm,1.01,36.96,5.54,41.7,367.7,normal,200.15,17.4,0.5,0,none,0.0
2079-11-27,M17,Robotic Arm,0.97,36.12,5.42,43.5,349.8,normal,200.52,17.4,0.5,0,none,0.0
2079-11-28,M17,Robotic Arm,1.02,40.17,5.9,44.6,355.8,normal,200.92,17.5,0.5,0,none,0.0
2079-11-29,M17,Robotic Arm,1.07,35.91,5.91,39.3,345.6,normal,201.15,9.9,0.5,0,none,0.0
2079-11-30,M17,Robotic Arm,1.1,36.82,5.71,42.9,354.9,normal,201.43,11.1,0.5,0,none,0.0
2079-12-01,M17,Robotic Arm,1.38,43.76,5.79,44.1,347.8,normal,201.58,17.4,0.5,0,none,0.0
2079-12-02,M17,Robotic Arm,0.88,42.29,5.56,39.2,365.8,normal,202.03,10.8,0.5,0,none,0.0
2079-12-03,M17,Robotic Arm,1.12,40.9,5.53,45.4,341.6,normal,202.07,8.8,0.5,0,none,0.0
2079-12-04,M17,Robotic Arm,0.97,46.73,5.53,44.1,347.2,normal,202.38,12.2,0.5,0,none,0.0
2079-12-05,M17,Robotic Arm,1.66,48.9,8.16,56.7,505.6,peak,202.78,16.8,0.5,0,none,0.0
2079-12-06,M17,Robotic Arm,1.73,44.28,8.29,56.2,490.5,peak,202.92,15.6,0.5,0,none,0.0
2079-12-07,M17,Robotic Arm,1.05,39.05,5.79,40.7,362.5,normal,203.05,10.7,0.5,0,none,0.0
2079-12-08,M17,Robotic Arm,0.36,30.23,2.57,16.3,152.1,idle,203.27,8.8,0.5,0,none,0.0
2079-12-09,M17,Robotic Arm,1.26,35.7,5.76,38.6,356.6,normal,203.62,10.4,0.5,0,none,0.0
2079-12-10,M17,Robotic Arm,1.19,36.88,5.88,43.7,344.6,normal,203.73,12.3,0.5,0,none,0.0
2079-12-11,M17,Robotic Arm,1.32,45.72,5.74,42.0,354.8,normal,204.22,12.6,0.5,0,none,0.0
2079-12-12,M17,Robotic Arm,1.24,38.9,5.68,44.2,346.7,normal,204.43,12.0,0.5,0,none,0.0
2079-12-13,M17,Robotic Arm,1.54,44.14,7.52,62.5,512.4,peak,204.78,16.2,0.5,0,none,0.0
2079-12-14,M17,Robotic Arm,0.43,34.51,2.23,19.6,152.5,idle,205.22,11.8,0.5,0,none,0.0
2079-12-15,M17,Robotic Arm,0.39,28.99,2.39,18.1,146.3,idle,205.35,9.5,0.5,0,none,0.0
2079-12-16,M17,Robotic Arm,1.39,46.92,5.91,42.1,365.7,normal,205.68,15.4,0.5,0,none,0.0
2079-12-17,M17,Robotic Arm,0.92,46.84,5.88,43.9,365.7,normal,205.93,11.5,0.5,0,none,0.0
2079-12-18,M17,Robotic Arm,0.39,34.64,2.23,19.4,148.9,idle,206.0,17.0,0.5,0,none,0.0
2079-12-19,M17,Robotic Arm,1.29,35.64,5.4,40.0,369.4,normal,206.38,14.9,0.5,0,none,0.0
2079-12-20,M17,Robotic Arm,1.56,46.82,7.8,64.9,504.6,peak,206.67,16.1,0.5,0,none,0.0
2079-12-21,M17,Robotic Arm,0.39,34.36,2.48,18.2,152.3,idle,206.73,11.8,0.5,0,none,0.0
2079-12-22,M17,Robotic Arm,1.12,44.5,5.21,42.4,369.4,normal,207.03,17.6,0.5,0,none,0.0
2079-12-23,M17,Robotic Arm,2.44,39.92,5.34,41.6,369.4,normal,207.48,9.6,0.5,0,none,0.0
2079-12-24,M17,Robotic Arm,0.41,34.88,2.4,16.2,148.8,idle,207.88,16.9,0.5,0,none,0.0
2079-12-25,M17,Robotic Arm,1.27,41.03,5.78,40.8,351.1,normal,207.98,11.9,0.5,0,none,0.0
2079-12-26,M17,Robotic Arm,0.45,29.63,2.33,17.1,152.9,idle,208.3,8.9,0.5,0,none,0.0
2079-12-27,M17,Robotic Arm,0.36,34.8,2.32,14.3,148.8,idle,208.7,10.8,0.5,0,none,0.0
2079-12-28,M17,Robotic Arm,0.39,29.62,2.26,17.0,156.9,idle,208.9,13.1,0.5,0,none,0.0
2079-12-29,M17,Robotic Arm,0.42,30.98,2.25,19.7,156.9,idle,209.2,10.4,0.5,0,none,0.0
2079-12-30,M17,Robotic Arm,0.36,30.36,2.48,15.5,147.7,idle,209.63,10.0,0.5,0,none,0.0
2079-12-31,M17,Robotic Arm,0.38,31.86,2.55,14.8,147.2,idle,209.88,12.3,0.5,0,none,0.0
2080-01-01,M17,Robotic Arm,0.39,28.88,2.59,19.3,146.0,idle,210.25,17.7,0.5,0,none,0.0
2080-01-02,M18,Robotic Arm,0.44,29.99,2.33,16.0,146.1,idle,206.73,16.6,92.86,0,none,0.0
2080-01-03,M18,Robotic Arm,0.43,29.28,2.28,16.0,145.9,idle,207.06,9.6,92.52,0,none,0.0
2080-01-04,M18,Robotic Arm,0.38,31.93,2.25,16.6,150.3,idle,207.18,10.5,92.41,0,none,0.0
2080-01-05,M18,Robotic Arm,0.38,29.89,2.34,16.4,146.9,idle,207.28,8.1,92.31,0,none,0.0
2080-01-06,M18,Robotic Arm,0.37,34.37,2.34,20.0,152.2,idle,207.51,12.0,92.07,0,none,0.0
2080-01-07,M18,Robotic Arm,0.36,32.79,2.57,14.2,145.3,idle,207.86,12.0,91.72,0,none,0.0
2080-01-08,M18,Robotic Arm,0.41,28.28,2.36,16.3,146.5,idle,208.08,16.1,91.51,0,none,0.0
2080-01-09,M18,Robotic Arm,1.26,36.42,5.42,45.3,358.6,normal,208.18,10.5,91.41,0,none,0.0
2080-01-10,M18,Robotic Arm,0.4,28.34,2.51,18.9,146.5,idle,208.4,11.7,91.19,0,none,0.0
2080-01-11,M18,Robotic Arm,0.45,28.34,2.37,16.5,154.5,idle,208.8,11.6,90.79,0,none,0.0
2080-01-12,M18,Robotic Arm,0.41,31.93,2.51,19.6,157.3,idle,209.1,8.8,90.49,0,none,0.0
2080-01-13,M18,Robotic Arm,1.25,35.66,5.4,39.0,365.6,normal,209.58,15.4,90.01,0,none,0.0
2080-01-14,M18,Robotic Arm,0.42,35.66,2.49,16.0,153.2,idle,209.66,17.7,89.92,0,none,0.0
2080-01-15,M18,Robotic Arm,0.41,29.14,2.36,16.6,154.2,idle,210.03,14.8,89.56,0,none,0.0
2080-01-16,M18,Robotic Arm,0.44,32.31,2.47,18.0,146.3,idle,210.1,11.4,89.49,0,none,0.0
2080-01-17,M18,Robotic Arm,0.38,30.81,2.38,19.1,152.9,idle,210.15,16.6,89.44,0,none,0.0
2080-01-18,M18,Robotic Arm,0.43,34.35,2.48,14.7,148.0,idle,210.26,12.4,89.32,0,none,0.0
2080-01-19,M18,Robotic Arm,0.43,31.95,2.41,19.8,150.5,idle,210.55,11.0,89.04,0,none,0.0
2080-01-20,M18,Robotic Arm,0.35,29.79,2.31,17.1,145.1,idle,210.73,9.5,88.86,0,none,0.0
2080-01-21,M18,Robotic Arm,0.45,28.43,2.31,18.0,159.7,idle,210.81,14.9,88.77,0,none,0.0
2080-01-22,M18,Robotic Arm,0.4,30.39,2.26,19.4,145.8,idle,211.06,9.5,88.52,0,none,0.0
2080-01-23,M18,Robotic Arm,0.89,35.83,5.57,47.3,356.7,normal,211.13,8.5,88.46,0,none,0.0
2080-01-24,M18,Robotic Arm,0.39,29.67,2.41,16.6,146.4,idle,211.36,8.3,88.22,0,none,0.0
2080-01-25,M18,Robotic Arm,0.35,32.17,2.54,17.6,149.9,idle,211.78,9.6,87.81,0,none,0.0
2080-01-26,M18,Robotic Arm,0.93,44.61,5.76,46.5,369.5,normal,212.05,16.9,87.54,0,none,0.0
2080-01-27,M18,Robotic Arm,0.36,29.85,5.76,17.2,145.8,idle,212.45,17.2,87.14,0,none,0.0
2080-01-28,M18,Robotic Arm,0.38,33.56,2.22,18.9,147.8,idle,212.88,8.7,86.71,0,none,0.0
2080-01-29,M18,Robotic Arm,1.02,44.33,5.81,40.1,352.2,normal,213.01,12.8,86.57,0,none,0.0
2080-01-30,M18,Robotic Arm,0.98,41.67,5.72,40.7,353.9,normal,213.31,10.8,86.27,0,none,0.0
2080-01-31,M18,Robotic Arm,1.14,40.45,5.61,39.4,341.2,normal,213.55,15.2,86.04,0,none,0.0
2080-02-01,M18,Robotic Arm,0.88,47.65,5.26,41.9,363.8,normal,214.0,12.7,85.59,0,none,0.0
2080-02-02,M18,Robotic Arm,1.76,45.49,8.14,62.2,516.6,peak,214.28,9.9,85.31,0,none,0.0
2080-02-03,M18,Robotic Arm,0.44,31.05,2.42,18.8,154.0,idle,214.71,16.9,84.87,0,none,0.0
2080-02-04,M18,Robotic Arm,1.05,47.36,6.0,47.3,350.4,normal,214.83,11.1,84.76,0,none,0.0
2080-02-05,M18,Robotic Arm,0.98,41.41,5.83,40.7,352.2,normal,215.23,16.5,84.36,0,none,0.0
2080-02-06,M18,Robotic Arm,0.98,44.12,5.79,43.0,362.1,normal,215.61,12.1,83.97,0,none,0.0
2080-02-07,M18,Robotic Arm,1.2,47.08,5.67,43.0,361.9,normal,216.06,15.5,83.52,0,none,0.0
2080-02-08,M18,Robotic Arm,0.88,41.19,5.97,45.0,370.0,normal,216.36,17.8,83.22,0,none,0.0
2080-02-09,M18,Robotic Arm,1.07,40.11,5.25,41.6,344.2,normal,216.48,15.1,83.11,0,none,0.0
2080-02-10,M18,Robotic Arm,1.07,28.01,2.38,19.6,156.4,idle,216.83,13.5,82.76,0,none,0.0
2080-02-11,M18,Robotic Arm,0.98,38.51,5.45,38.9,369.8,normal,217.1,14.0,82.49,0,none,0.0
2080-02-12,M18,Robotic Arm,0.42,33.17,2.48,16.8,157.2,idle,217.28,16.3,82.31,0,none,0.0
2080-02-13,M18,Robotic Arm,0.42,33.17,2.48,16.8,157.2,normal,217.58,11.1,82.01,0,none,0.0
2080-02-14,M18,Robotic Arm,0.89,47.43,5.75,44.4,364.6,normal,218.06,15.1,81.52,0,none,0.0
2080-02-15,M18,Robotic Arm,1.35,46.65,5.91,44.4,343.6,normal,218.15,12.6,81.44,0,none,0.0
2080-02-16,M18,Robotic Arm,1.69,48.38,8.28,64.5,494.6,peak,218.38,15.2,81.21,0,none,0.0
2080-02-17,M18,Robotic Arm,1.73,44.76,7.92,62.2,483.5,peak,218.56,13.6,81.02,0,none,0.0
2080-02-18,M18,Robotic Arm,0.44,34.42,7.92,14.0,157.1,idle,218.85,9.9,80.74,0,none,0.0
2080-02-19,M18,Robotic Arm,0.44,34.89,2.21,17.4,158.2,idle,219.05,17.4,80.54,0,none,0.0
2080-02-20,M18,Robotic Arm,1.72,53.11,8.2,55.2,515.1,peak,219.35,13.2,80.24,0,none,0.0
2080-02-21,M18,Robotic Arm,1.72,38.22,5.74,43.1,361.5,normal,219.38,9.6,80.21,0,none,0.0
2080-02-22,M18,Robotic Arm,1.11,36.33,5.93,44.8,361.4,normal,219.65,17.4,79.94,0,none,0.0
2080-02-23,M18,Robotic Arm,1.73,48.66,8.21,57.1,498.8,peak,219.86,14.2,79.72,0,none,0.0
2080-02-24,M18,Robotic Arm,1.73,48.66,2.59,19.2,498.8,idle,220.23,15.0,79.36,0,none,0.0
2080-02-25,M18,Robotic Arm,0.95,43.83,5.27,48.0,354.1,normal,220.68,12.2,78.91,0,none,0.0
2080-02-26,M18,Robotic Arm,0.95,35.62,5.54,40.4,343.1,normal,220.88,9.8,78.71,0,none,0.0
2080-02-27,M18,Robotic Arm,1.22,47.7,5.44,47.3,340.1,normal,221.08,11.5,78.51,0,none,0.0
2080-02-28,M18,Robotic Arm,1.21,41.9,5.5,42.2,358.0,normal,221.18,15.3,78.41,0,none,0.0
2080-02-29,M18,Robotic Arm,1.16,41.61,5.99,42.2,345.4,normal,221.48,15.5,78.11,0,none,0.0
2080-03-01,M18,Robotic Arm,0.44,31.45,2.21,18.7,150.3,idle,221.75,8.1,77.84,0,none,0.0
2080-03-02,M18,Robotic Arm,1.8,49.07,7.77,62.5,491.1,peak,222.0,11.8,77.59,0,none,0.0
2080-03-03,M18,Robotic Arm,1.51,49.07,8.16,57.1,489.5,peak,222.1,16.8,77.49,0,none,0.0
2080-03-04,M18,Robotic Arm,0.36,29.79,2.5,17.1,148.2,idle,222.2,9.9,77.39,0,none,0.0
2080-03-05,M18,Robotic Arm,0.99,39.92,6.0,17.1,364.1,normal,222.3,8.3,77.29,0,none,0.0
2080-03-06,M18,Robotic Arm,0.99,34.69,2.44,14.6,145.3,idle,222.51,14.7,77.07,0,none,0.0
2080-03-07,M18,Robotic Arm,1.09,39.56,5.89,44.0,365.3,normal,222.58,12.7,77.01,0,none,0.0
2080-03-08,M18,Robotic Arm,1.16,37.96,5.36,42.0,340.9,normal,222.91,11.9,76.67,0,none,0.0
2080-03-09,M18,Robotic Arm,1.65,45.54,5.36,59.8,505.6,peak,223.01,11.3,76.57,0,none,0.0
2080-03-10,M18,Robotic Arm,0.91,42.91,5.95,41.8,369.4,normal,223.5,14.5,76.09,0,none,0.0
2080-03-11,M18,Robotic Arm,1.28,35.13,5.96,43.1,358.0,normal,223.56,17.8,76.02,0,none,0.0
2080-03-12,M18,Robotic Arm,1.19,40.08,5.56,43.2,369.0,normal,223.75,16.0,75.84,0,none,0.0
2080-03-13,M18,Robotic Arm,0.97,46.89,5.98,42.2,347.4,normal,224.2,15.1,75.39,0,none,0.0
2080-03-14,M18,Robotic Arm,0.4,28.71,2.53,15.9,149.6,idle,224.41,17.3,75.17,0,none,0.0
2080-03-15,M18,Robotic Arm,0.4,53.17,5.67,15.9,353.5,normal,224.51,16.6,75.07,0,none,0.0
2080-03-16,M18,Robotic Arm,0.38,29.98,2.6,15.9,152.6,idle,224.71,8.6,74.87,0,none,0.0
2080-03-17,M18,Robotic Arm,1.07,44.44,5.34,38.5,369.2,normal,225.18,8.9,74.41,0,none,0.0
2080-03-18,M18,Robotic Arm,1.66,49.16,7.97,55.5,507.1,peak,225.63,15.3,73.96,0,none,0.0
2080-03-19,M18,Robotic Arm,1.66,36.85,5.62,40.3,359.2,normal,226.0,12.1,73.59,0,none,0.0
2080-03-20,M18,Robotic Arm,1.22,38.86,5.28,46.0,359.1,normal,226.21,8.4,73.37,0,none,0.0
2080-03-21,M18,Robotic Arm,1.18,42.77,5.78,40.3,352.2,normal,226.41,14.4,73.17,0,none,0.0
2080-03-22,M18,Robotic Arm,0.97,42.77,5.93,38.5,341.4,normal,226.55,17.6,73.04,0,none,0.0
2080-03-23,M18,Robotic Arm,1.03,39.14,5.23,45.7,343.5,normal,226.85,17.9,72.74,0,none,0.0
2080-03-24,M18,Robotic Arm,0.9,36.14,5.72,39.7,357.4,normal,227.21,9.6,72.37,0,none,0.0
2080-03-25,M18,Robotic Arm,0.37,33.86,2.27,16.6,153.3,idle,227.43,8.6,72.16,0,none,0.0
2080-03-26,M18,Robotic Arm,1.33,37.8,5.7,38.3,363.3,normal,227.51,13.4,72.07,0,none,0.0
2080-03-27,M18,Robotic Arm,1.14,47.29,5.82,42.0,352.5,normal,227.75,14.6,71.84,0,none,0.0
2080-03-28,M18,Robotic Arm,2.07,45.9,5.84,43.7,351.3,normal,227.8,13.4,71.79,0,none,0.0
2080-03-29,M18,Robotic Arm,1.74,49.93,7.69,57.4,504.2,peak,228.18,9.8,71.41,0,none,0.0
2080-03-30,M18,Robotic Arm,0.42,28.79,2.54,17.0,148.0,idle,228.68,10.6,70.91,0,none,0.0
2080-03-31,M18,Robotic Arm,0.41,34.13,2.22,15.3,153.4,idle,228.98,17.1,70.61,0,none,0.0
2080-04-01,M18,Robotic Arm,0.35,29.26,2.29,15.3,152.9,idle,229.48,14.6,70.11,0,none,0.0
2080-04-02,M18,Robotic Arm,1.2,35.04,5.51,15.3,365.2,normal,229.86,16.3,69.72,0,none,0.0
2080-04-03,M18,Robotic Arm,0.37,35.04,2.53,15.3,155.4,idle,230.15,17.5,69.44,0,none,0.0
2080-04-04,M18,Robotic Arm,0.9,43.74,5.54,47.3,346.0,normal,230.65,17.9,68.94,0,none,0.0
2080-04-05,M18,Robotic Arm,0.36,31.73,2.57,15.2,157.5,idle,231.03,15.0,68.56,0,none,0.0
2080-04-06,M18,Robotic Arm,0.38,28.69,2.44,17.1,157.6,idle,231.26,15.4,68.32,0,none,0.0
2080-04-07,M18,Robotic Arm,0.36,32.52,2.45,20.0,149.9,idle,231.33,13.6,68.26,0,none,0.0
2080-04-08,M18,Robotic Arm,0.36,40.35,5.57,41.7,358.9,normal,231.48,11.9,68.11,0,none,0.0
2080-04-09,M18,Robotic Arm,0.38,29.28,2.38,18.4,158.4,idle,231.85,11.1,67.74,0,none,0.0
2080-04-10,M18,Robotic Arm,0.42,30.64,2.5,15.1,156.3,idle,232.18,12.7,67.41,0,none,0.0
2080-04-11,M18,Robotic Arm,0.4,29.9,2.48,16.5,154.3,idle,232.36,10.3,67.22,0,none,0.0
2080-04-12,M18,Robotic Arm,0.42,30.75,2.59,16.7,159.8,idle,232.73,17.4,66.86,0,none,0.0
2080-04-13,M18,Robotic Arm,0.37,29.17,2.45,17.3,153.1,idle,233.0,15.8,66.59,0,none,0.0
2080-04-14,M18,Robotic Arm,0.45,28.01,2.38,15.8,151.4,idle,233.45,12.0,66.14,0,none,0.0
2080-04-15,M18,Robotic Arm,1.37,45.51,5.36,45.0,357.4,normal,233.86,8.6,65.72,0,none,0.0
2080-04-16,M18,Robotic Arm,0.39,30.39,2.44,16.8,153.2,idle,234.3,11.5,65.29,0,none,0.0
2080-04-17,M18,Robotic Arm,0.43,34.77,2.36,16.6,157.6,idle,234.61,16.9,64.97,0,none,0.0
2080-04-18,M18,Robotic Arm,0.36,33.61,2.36,16.5,149.4,idle,234.65,11.8,64.94,0,none,0.0
2080-04-19,M18,Robotic Arm,0.36,33.22,2.56,17.0,147.9,idle,235.03,12.4,64.56,0,none,0.0
2080-04-20,M18,Robotic Arm,0.38,28.59,2.53,17.1,159.7,idle,235.31,12.2,64.27,0,none,0.0
2080-04-21,M18,Robotic Arm,0.43,33.08,2.38,16.1,149.1,idle,235.75,17.7,63.84,0,none,0.0
2080-04-22,M18,Robotic Arm,1.39,38.0,5.32,42.7,355.5,normal,236.03,9.6,63.56,0,none,0.0
2080-04-23,M18,Robotic Arm,0.37,30.45,2.32,18.4,152.3,idle,236.38,9.0,63.21,0,none,0.0
2080-04-24,M18,Robotic Arm,0.37,36.2,5.45,41.0,353.8,normal,236.86,14.3,62.72,0,none,0.0
2080-04-25,M18,Robotic Arm,1.07,38.39,5.85,47.1,363.2,normal,237.01,10.9,62.57,0,none,0.0
2080-04-26,M18,Robotic Arm,0.42,32.12,2.33,19.5,154.7,idle,237.33,9.5,62.26,0,none,0.0
2080-04-27,M18,Robotic Arm,1.34,40.89,5.53,38.8,350.1,normal,237.68,15.1,61.91,0,none,0.0
2080-04-28,M18,Robotic Arm,1.62,48.42,7.98,64.2,500.3,peak,237.78,17.0,61.81,0,none,0.0
2080-04-29,M18,Robotic Arm,1.31,36.67,5.66,43.4,344.7,normal,237.91,16.2,61.67,0,none,0.0
2080-04-30,M18,Robotic Arm,0.98,41.5,5.62,47.0,344.7,normal,238.41,14.2,61.17,0,none,0.0
2080-05-01,M18,Robotic Arm,1.02,38.12,5.83,40.2,367.0,normal,238.9,12.0,60.69,0,none,0.0
2080-05-02,M18,Robotic Arm,0.44,28.78,2.29,16.3,158.0,idle,239.11,16.1,60.47,0,none,0.0
2080-05-03,M18,Robotic Arm,0.92,39.48,5.76,45.2,350.7,normal,239.2,16.7,60.39,0,none,0.0
2080-05-04,M18,Robotic Arm,1.38,39.58,5.69,44.1,364.0,normal,239.56,13.6,60.02,0,none,0.0
2080-05-05,M18,Robotic Arm,1.38,40.33,5.53,38.6,362.0,normal,239.96,10.7,59.62,0,none,0.0
2080-05-06,M18,Robotic Arm,1.27,45.67,5.77,43.9,356.9,normal,240.41,13.6,59.17,0,none,0.0
2080-05-07,M18,Robotic Arm,1.2,35.1,5.56,38.4,354.6,normal,240.88,10.3,58.71,0,none,0.0
2080-05-08,M18,Robotic Arm,0.93,35.12,5.78,45.0,351.6,normal,241.2,11.9,58.39,0,none,0.0
2080-05-09,M18,Robotic Arm,0.89,47.67,5.32,42.9,348.2,normal,241.5,16.3,58.09,0,none,0.0
2080-05-10,M18,Robotic Arm,0.92,41.67,5.36,42.9,358.2,normal,241.71,13.8,57.87,0,none,0.0
2080-05-11,M18,Robotic Arm,1.62,48.75,7.73,62.0,505.4,peak,241.93,16.1,57.66,0,none,0.0
2080-05-12,M18,Robotic Arm,0.42,30.38,2.58,17.7,146.9,idle,242.35,12.5,57.24,0,none,0.0
2080-05-13,M18,Robotic Arm,0.45,31.98,2.48,16.2,151.6,idle,242.66,11.4,56.92,0,none,0.0
2080-05-14,M18,Robotic Arm,0.42,34.06,2.58,19.9,153.9,idle,242.91,13.8,56.67,0,none,0.0
2080-05-15,M18,Robotic Arm,1.53,49.52,7.7,61.5,493.4,peak,243.26,14.4,56.32,0,none,0.0
2080-05-16,M18,Robotic Arm,1.14,43.59,5.93,45.9,340.6,normal,243.56,17.3,56.02,0,none,0.0
2080-05-17,M18,Robotic Arm,0.93,46.29,5.79,39.5,357.7,normal,243.63,8.2,55.96,0,none,0.0
2080-05-18,M18,Robotic Arm,1.17,45.07,5.85,44.7,361.4,normal,244.08,16.6,55.51,0,none,0.0
2080-05-19,M18,Robotic Arm,1.22,36.96,5.75,42.7,369.3,normal,244.53,17.6,55.06,0,none,0.0
2080-05-20,M18,Robotic Arm,1.24,39.86,5.93,40.3,354.0,normal,244.66,8.9,54.92,0,none,0.0
2080-05-21,M18,Robotic Arm,0.88,43.17,5.65,43.0,346.2,normal,245.06,14.2,54.52,0,none,0.0
2080-05-22,M18,Robotic Arm,1.12,40.97,5.22,39.6,367.1,normal,245.5,10.1,54.09,0,none,0.0
2080-05-23,M18,Robotic Arm,0.43,28.84,2.59,16.8,156.2,idle,245.93,12.5,53.66,0,none,0.0
2080-05-24,M18,Robotic Arm,1.15,44.94,5.73,38.6,367.4,normal,246.23,14.9,53.36,0,none,0.0
2080-05-25,M18,Robotic Arm,1.27,37.88,5.38,44.9,361.0,normal,246.45,12.1,53.14,0,none,0.0
2080-05-26,M18,Robotic Arm,0.9,46.77,5.8,47.8,353.0,normal,246.93,13.3,52.66,0,none,0.0
2080-05-27,M18,Robotic Arm,0.9,46.77,5.85,38.0,355.9,normal,247.4,17.3,52.19,0,none,0.0
2080-05-28,M18,Robotic Arm,1.5,46.57,8.37,61.7,514.0,peak,247.61,10.7,51.97,0,none,0.0
2080-05-29,M18,Robotic Arm,1.16,45.06,5.59,43.0,357.9,normal,247.95,17.9,51.64,0,none,0.0
2080-05-30,M18,Robotic Arm,1.16,50.36,8.36,56.6,495.1,peak,248.28,14.2,51.31,0,none,0.0
2080-05-31,M18,Robotic Arm,1.36,39.05,5.9,44.4,365.3,normal,248.71,11.4,50.87,0,none,0.0
2080-06-01,M18,Robotic Arm,0.36,33.51,2.21,16.4,365.3,idle,248.78,11.2,50.81,0,none,0.0
2080-06-02,M18,Robotic Arm,0.41,33.35,2.34,19.0,153.3,idle,248.91,10.8,50.67,0,none,0.0
2080-06-03,M18,Robotic Arm,1.26,44.43,5.31,45.3,364.8,normal,249.08,8.5,50.51,0,none,0.0
2080-06-04,M18,Robotic Arm,0.87,37.11,5.62,45.3,351.0,normal,249.16,9.0,50.42,0,none,0.0
2080-06-05,M18,Robotic Arm,0.43,28.71,2.26,14.7,153.2,idle,249.4,16.7,50.19,0,none,0.0
2080-06-06,M18,Robotic Arm,1.02,45.61,5.67,44.7,349.2,normal,249.65,14.2,49.94,0,none,0.0
2080-06-07,M18,Robotic Arm,1.65,46.82,8.0,61.9,498.0,peak,249.9,9.6,49.69,0,none,0.0
2080-06-08,M18,Robotic Arm,0.89,39.82,5.91,46.2,365.0,normal,250.33,17.9,49.26,0,none,0.0
2080-06-09,M18,Robotic Arm,0.37,28.56,2.53,18.0,152.6,idle,250.73,17.8,48.86,0,none,0.0
2080-06-10,M18,Robotic Arm,1.23,47.1,5.3,39.7,357.7,normal,250.86,16.1,48.72,0,none,0.0
2080-06-11,M18,Robotic Arm,1.71,50.37,7.75,61.2,502.4,peak,251.1,17.8,48.49,0,none,0.0
2080-06-12,M18,Robotic Arm,0.86,43.09,5.56,46.5,359.7,normal,251.23,12.1,48.36,0,none,0.0
2080-06-13,M18,Robotic Arm,1.15,43.09,5.73,40.5,354.0,normal,251.53,9.9,48.06,0,none,0.0
2080-06-14,M18,Robotic Arm,1.22,45.67,5.43,45.3,360.5,normal,251.86,8.7,47.72,0,none,0.0
2080-06-15,M18,Robotic Arm,0.36,29.07,2.4,16.5,147.0,idle,251.96,8.4,47.62,0,none,0.0
2080-06-16,M18,Robotic Arm,0.9,46.67,5.35,41.7,354.0,normal,252.25,14.2,47.34,0,none,0.0
2080-06-17,M18,Robotic Arm,0.9,36.8,5.62,45.0,365.3,normal,252.36,9.2,47.22,0,none,0.0
2080-06-18,M18,Robotic Arm,1.76,49.09,7.79,60.8,504.9,peak,252.58,13.8,47.01,0,none,0.0
2080-06-19,M18,Robotic Arm,0.38,32.67,2.27,15.8,158.9,idle,252.95,15.1,46.64,0,none,0.0
2080-06-20,M18,Robotic Arm,1.13,36.96,5.73,40.3,341.1,normal,253.4,8.7,46.19,0,none,0.0
2080-06-21,M18,Robotic Arm,0.44,31.04,2.51,19.1,153.6,idle,253.75,13.4,45.84,0,none,0.0
2080-06-22,M18,Robotic Arm,0.36,30.24,2.3,17.6,151.2,idle,254.13,15.5,45.46,0,none,0.0
2080-06-23,M18,Robotic Arm,0.39,32.58,2.21,14.8,158.3,idle,254.3,10.9,45.29,0,none,0.0
2080-06-24,M18,Robotic Arm,0.43,34.59,2.28,16.1,146.7,idle,254.8,10.8,44.79,0,none,0.0
2080-06-25,M18,Robotic Arm,0.41,33.47,2.45,17.6,157.0,idle,254.83,9.1,44.76,0,none,0.0
2080-06-26,M18,Robotic Arm,0.41,33.2,2.56,17.6,155.3,idle,254.88,14.4,44.71,0,none,0.0
2080-06-27,M18,Robotic Arm,0.41,33.77,2.36,19.1,149.1,idle,255.26,17.1,44.32,0,none,0.0
2080-06-28,M18,Robotic Arm,0.36,28.43,2.24,16.7,153.9,idle,255.58,10.0,44.01,0,none,0.0
2080-06-29,M18,Robotic Arm,0.41,31.95,2.28,19.2,148.2,idle,255.63,11.7,43.96,0,none,0.0
2080-06-30,M18,Robotic Arm,0.43,33.0,2.34,16.5,157.2,idle,256.03,16.8,43.56,0,none,0.0
2080-07-01,M18,Robotic Arm,1.39,38.16,5.75,38.7,342.4,normal,256.35,11.4,43.24,0,none,0.0
2080-07-02,M18,Robotic Arm,0.4,28.13,2.56,16.3,150.7,idle,256.46,16.6,43.12,0,none,0.0
2080-07-03,M18,Robotic Arm,0.38,30.09,2.24,17.6,148.8,idle,256.95,8.5,42.64,0,none,0.0
2080-07-04,M18,Robotic Arm,0.38,30.35,2.34,19.3,152.1,idle,257.38,15.9,42.21,0,none,0.0
2080-07-05,M18,Robotic Arm,0.4,33.49,2.32,18.6,147.7,idle,257.8,17.0,41.79,0,none,0.0
2080-07-06,M18,Robotic Arm,0.42,29.01,2.48,16.8,147.7,idle,258.16,14.4,41.42,0,none,0.0
2080-07-07,M18,Robotic Arm,0.41,32.84,2.28,19.6,148.4,idle,258.35,14.4,41.24,0,none,0.0
2080-07-08,M18,Robotic Arm,0.38,33.15,2.28,19.5,154.6,idle,258.41,17.4,41.17,0,none,0.0
2080-07-09,M18,Robotic Arm,1.26,36.55,5.86,43.7,363.1,normal,258.55,17.5,41.04,0,none,0.0
2080-07-10,M18,Robotic Arm,0.36,32.26,2.48,17.0,157.5,idle,258.58,18.0,41.01,0,none,0.0
2080-07-11,M18,Robotic Arm,0.44,29.56,2.22,18.6,152.2,idle,258.9,17.2,40.69,0,none,0.0
2080-07-12,M18,Robotic Arm,0.88,29.56,5.38,38.0,354.1,normal,258.96,8.3,40.62,0,none,0.0
2080-07-13,M18,Robotic Arm,0.39,28.32,2.3,18.4,157.1,idle,259.43,12.2,40.16,0,none,0.0
2080-07-14,M18,Robotic Arm,0.35,28.74,2.6,17.9,155.3,idle,259.71,8.3,39.87,0,none,0.0
2080-07-15,M18,Robotic Arm,0.39,31.53,2.4,16.1,155.3,idle,260.1,16.9,39.49,0,none,0.0
2080-07-16,M18,Robotic Arm,0.41,34.61,2.2,19.3,159.2,idle,260.41,12.9,39.17,0,none,0.0
2080-07-17,M18,Robotic Arm,0.36,29.55,2.22,15.4,154.6,idle,260.65,8.8,38.94,0,none,0.0
2080-07-18,M18,Robotic Arm,0.97,46.08,5.93,38.3,355.2,normal,260.9,9.5,38.69,0,none,0.0
2080-07-19,M18,Robotic Arm,0.86,43.05,5.48,46.5,367.5,normal,260.95,15.0,38.64,0,none,0.0
2080-07-20,M18,Robotic Arm,1.12,47.38,5.89,39.0,350.7,normal,261.25,16.8,38.34,0,none,0.0
2080-07-21,M18,Robotic Arm,1.04,38.95,5.84,41.0,351.4,normal,261.7,14.1,37.89,0,none,0.0
2080-07-22,M18,Robotic Arm,0.36,31.64,2.25,19.2,157.0,idle,261.73,14.7,37.86,0,none,0.0
2080-07-23,M18,Robotic Arm,1.02,35.06,5.26,40.2,354.9,normal,262.15,14.7,37.44,0,none,0.0
2080-07-24,M18,Robotic Arm,1.25,36.29,5.77,40.2,358.6,normal,262.36,14.8,37.22,0,none,0.0
2080-07-25,M18,Robotic Arm,1.36,47.39,5.79,44.9,362.9,normal,262.83,16.0,36.76,0,none,0.0
2080-07-26,M18,Robotic Arm,1.22,35.13,6.0,44.4,362.9,normal,263.23,15.6,36.36,0,none,0.0
2080-07-27,M18,Robotic Arm,1.64,45.04,7.98,62.3,490.2,peak,263.33,16.6,36.26,0,none,0.0
2080-07-28,M18,Robotic Arm,1.31,37.74,5.89,43.8,365.1,normal,263.38,16.6,36.21,0,none,0.0
2080-07-29,M18,Robotic Arm,1.08,39.18,5.76,41.6,368.6,normal,263.76,9.0,35.82,0,none,0.0
2080-07-30,M18,Robotic Arm,1.26,40.58,5.34,43.6,357.9,normal,264.25,15.0,35.34,0,none,0.0
2080-07-31,M18,Robotic Arm,0.45,33.21,2.3,15.6,153.7,idle,264.28,17.3,35.31,0,none,0.0
2080-08-01,M18,Robotic Arm,0.92,44.04,5.26,43.7,369.5,normal,264.75,13.7,34.84,0,none,0.0
2080-08-02,M18,Robotic Arm,1.33,45.98,5.8,47.3,367.9,normal,265.03,16.9,34.56,0,none,0.0
2080-08-03,M18,Robotic Arm,0.94,37.97,5.94,40.8,351.4,normal,265.33,15.0,34.26,0,none,0.0
2080-08-04,M18,Robotic Arm,0.87,37.97,5.26,43.3,346.6,normal,265.56,14.7,34.02,0,none,0.0
2080-08-05,M18,Robotic Arm,0.87,38.77,5.73,38.9,365.5,normal,266.0,10.6,33.59,0,none,0.0
2080-08-06,M18,Robotic Arm,1.23,35.76,5.52,46.1,368.0,normal,266.26,17.9,33.32,0,none,0.0
2080-08-07,M18,Robotic Arm,1.2,43.85,5.9,42.5,361.2,normal,266.53,16.6,33.06,0,none,0.0
2080-08-08,M18,Robotic Arm,1.17,44.04,5.91,45.9,343.8,normal,266.66,10.9,32.92,0,none,0.0
2080-08-09,M18,Robotic Arm,0.44,28.35,2.5,15.7,156.7,idle,266.75,12.7,32.84,0,none,0.0
2080-08-10,M18,Robotic Arm,0.86,37.87,5.26,45.5,345.8,normal,266.96,16.5,32.62,0,none,0.0
2080-08-11,M18,Robotic Arm,0.44,30.88,2.49,18.9,159.3,idle,267.03,14.0,32.56,0,none,0.0
2080-08-12,M18,Robotic Arm,1.1,43.72,5.49,40.8,360.6,normal,267.15,9.7,32.44,0,none,0.0
2080-08-13,M18,Robotic Arm,1.07,42.44,5.36,45.1,369.1,normal,267.3,9.8,32.29,0,none,0.0
2080-08-14,M18,Robotic Arm,1.15,41.76,5.88,39.5,351.8,normal,267.51,17.2,32.07,0,none,0.0
2080-08-15,M18,Robotic Arm,1.15,42.1,5.69,47.1,364.9,normal,268.0,16.1,31.59,0,none,0.0
2080-08-16,M18,Robotic Arm,1.21,45.07,5.7,43.7,341.4,normal,268.06,9.9,31.52,0,none,0.0
2080-08-17,M18,Robotic Arm,0.86,46.08,5.43,41.5,353.5,normal,268.51,11.4,31.07,0,none,0.0
2080-08-18,M18,Robotic Arm,0.87,47.5,5.28,41.5,361.2,normal,268.96,8.0,30.62,0,none,0.0
2080-08-19,M18,Robotic Arm,1.37,35.68,5.28,47.5,359.4,normal,269.28,11.8,30.31,0,none,0.0
2080-08-20,M18,Robotic Arm,0.4,32.7,2.27,18.5,149.1,idle,269.56,16.7,30.02,0,none,0.0
2080-08-21,M18,Robotic Arm,0.38,32.18,2.21,14.3,145.2,idle,269.76,15.3,29.82,0,none,0.0
2080-08-22,M18,Robotic Arm,1.27,35.35,5.28,44.1,145.2,normal,270.11,13.2,29.47,0,none,0.0
2080-08-23,M18,Robotic Arm,1.61,46.62,8.36,55.8,517.0,peak,270.25,8.6,29.34,0,none,0.0
2080-08-24,M18,Robotic Arm,0.98,41.34,5.97,44.4,347.5,normal,270.28,14.3,29.31,0,none,0.0
2080-08-25,M18,Robotic Arm,1.39,41.34,5.45,44.0,356.7,normal,270.35,16.9,29.24,0,none,0.0
2080-08-26,M18,Robotic Arm,1.19,36.59,5.72,40.1,349.6,normal,270.81,16.6,28.77,0,none,0.0
2080-08-27,M18,Robotic Arm,1.66,44.77,8.39,59.2,349.6,peak,271.16,8.1,28.42,0,none,0.0
2080-08-28,M18,Robotic Arm,0.36,33.47,2.53,14.5,153.1,idle,271.26,8.3,28.32,0,none,0.0
2080-08-29,M18,Robotic Arm,1.21,46.81,5.24,41.5,343.6,normal,271.58,8.6,28.01,0,none,0.0
2080-08-30,M18,Robotic Arm,1.09,39.84,5.68,44.8,368.9,normal,271.8,10.3,27.79,0,none,0.0
2080-08-31,M18,Robotic Arm,0.37,33.59,2.54,17.4,156.8,idle,271.86,12.4,27.72,0,none,0.0
2080-09-01,M18,Robotic Arm,1.04,35.45,5.32,39.7,366.3,normal,272.1,12.1,27.49,0,none,0.0
2080-09-02,M18,Robotic Arm,1.38,40.23,5.73,41.0,353.4,normal,272.21,9.1,27.37,0,none,0.0
2080-09-03,M18,Robotic Arm,1.19,46.13,5.54,45.0,347.5,normal,272.51,11.4,27.07,0,none,0.0
2080-09-04,M18,Robotic Arm,0.38,29.54,2.55,14.7,156.6,idle,272.55,17.6,27.04,0,none,0.0
2080-09-05,M18,Robotic Arm,1.2,29.54,5.9,43.3,342.3,normal,272.85,8.5,26.74,0,none,0.0
2080-09-06,M18,Robotic Arm,1.2,29.54,5.22,43.3,350.8,normal,273.23,16.1,26.36,0,none,0.0
2080-09-07,M18,Robotic Arm,1.77,48.64,7.55,57.4,488.9,peak,273.56,14.3,26.02,0,none,0.0
2080-09-08,M18,Robotic Arm,1.27,35.86,5.46,44.7,358.4,normal,273.68,10.6,25.91,0,none,0.0
2080-09-09,M18,Robotic Arm,0.41,31.92,2.27,18.1,159.3,idle,273.8,10.7,25.79,0,none,0.0
2080-09-10,M18,Robotic Arm,0.35,30.53,2.32,14.9,149.0,idle,274.25,8.3,25.34,0,none,0.0
2080-09-11,M18,Robotic Arm,0.86,43.36,5.69,43.0,349.4,normal,274.66,17.3,24.92,0,none,0.0
2080-09-12,M18,Robotic Arm,1.39,43.05,5.91,41.1,362.7,normal,275.16,11.5,24.42,0,none,0.0
2080-09-13,M18,Robotic Arm,0.85,43.8,5.8,40.7,369.9,normal,275.53,9.3,24.06,0,none,0.0
2080-09-14,M18,Robotic Arm,0.85,30.59,2.27,14.9,148.1,idle,275.58,12.9,24.01,0,none,0.0
2080-09-15,M18,Robotic Arm,0.4,31.76,2.41,19.2,145.0,idle,275.81,10.8,23.77,0,none,0.0
2080-09-16,M18,Robotic Arm,1.0,46.51,5.28,40.0,349.8,normal,276.13,13.5,23.46,0,none,0.0
2080-09-17,M18,Robotic Arm,1.0,49.59,8.06,64.2,349.8,peak,276.55,9.7,23.04,0,none,0.0
2080-09-18,M18,Robotic Arm,1.37,36.74,5.52,46.2,344.5,normal,277.0,14.9,22.59,0,none,0.0
2080-09-19,M18,Robotic Arm,0.37,30.67,2.57,15.1,159.3,idle,277.08,9.8,22.51,0,none,0.0
2080-09-20,M18,Robotic Arm,0.42,31.3,2.21,17.1,151.2,idle,277.15,15.1,22.44,0,none,0.0
2080-09-21,M18,Robotic Arm,0.43,31.91,2.59,14.7,158.7,idle,277.26,11.8,22.32,0,none,0.0
2080-09-22,M18,Robotic Arm,0.39,31.55,2.54,18.1,159.2,idle,277.31,8.8,22.27,0,none,0.0
2080-09-23,M18,Robotic Arm,0.45,32.49,2.42,15.5,149.1,idle,277.43,14.4,22.16,0,none,0.0
2080-09-24,M18,Robotic Arm,0.38,33.49,2.45,18.4,157.2,idle,277.75,16.1,21.84,0,none,0.0
2080-09-25,M18,Robotic Arm,1.34,36.91,5.9,44.5,367.5,normal,278.01,8.0,21.57,0,none,0.0
2080-09-26,M18,Robotic Arm,1.36,40.55,5.77,46.3,347.7,normal,278.3,10.0,21.29,0,none,0.0
2080-09-27,M18,Robotic Arm,1.12,38.37,5.27,45.0,357.2,normal,278.45,15.2,21.14,0,none,0.0
2080-09-28,M18,Robotic Arm,1.07,37.76,5.35,40.8,369.5,normal,278.71,9.5,20.87,0,none,0.0
2080-09-29,M18,Robotic Arm,0.45,33.91,2.23,19.0,156.3,idle,278.88,8.6,20.71,0,none,0.0
2080-09-30,M18,Robotic Arm,0.44,31.27,2.41,17.4,153.2,idle,279.38,11.6,20.21,0,none,0.0
2080-10-01,M18,Robotic Arm,0.38,29.13,2.48,19.5,155.0,idle,279.43,12.3,20.16,0,none,0.0
2080-10-02,M18,Robotic Arm,0.43,31.65,2.4,19.9,159.9,idle,279.76,13.8,19.82,0,none,0.0
2080-10-03,M18,Robotic Arm,0.41,30.6,2.35,18.0,148.4,idle,279.96,12.9,19.62,0,none,0.0
2080-10-04,M18,Robotic Arm,0.45,32.99,2.26,16.2,148.4,idle,280.08,12.8,19.51,0,none,0.0
2080-10-05,M18,Robotic Arm,0.36,32.51,2.24,16.4,155.0,idle,280.45,9.6,19.14,0,none,0.0
2080-10-06,M18,Robotic Arm,0.37,34.19,2.27,17.7,158.9,idle,280.48,15.1,19.11,0,none,0.0
2080-10-07,M18,Robotic Arm,0.36,28.73,2.25,16.1,155.1,idle,280.9,15.5,18.69,0,none,0.0
2080-10-08,M18,Robotic Arm,0.4,30.09,2.45,16.7,150.3,idle,281.21,16.1,18.37,0,none,0.0
2080-10-09,M18,Robotic Arm,1.06,39.67,5.61,41.8,349.6,normal,281.28,16.9,18.31,0,none,0.0
2080-10-10,M18,Robotic Arm,0.38,29.53,2.28,15.7,159.6,idle,281.35,9.4,18.24,0,none,0.0
2080-10-11,M18,Robotic Arm,0.37,31.11,2.56,14.1,154.1,idle,281.41,10.3,18.17,0,none,0.0
2080-10-12,M18,Robotic Arm,0.37,29.17,2.53,17.9,157.3,idle,281.46,12.3,18.12,0,none,0.0
2080-10-13,M18,Robotic Arm,0.36,28.5,2.26,19.9,158.2,idle,281.53,8.9,18.06,0,none,0.0
2080-10-14,M18,Robotic Arm,0.41,31.7,2.26,15.3,148.5,idle,281.93,16.2,17.66,0,none,0.0
2080-10-15,M18,Robotic Arm,0.42,32.44,2.4,19.0,145.9,idle,281.98,15.3,17.61,0,none,0.0
2080-10-16,M18,Robotic Arm,0.35,33.74,2.37,18.0,151.1,idle,282.05,9.7,17.54,0,none,0.0
2080-10-17,M18,Robotic Arm,0.39,28.16,2.41,14.2,150.3,idle,282.16,13.3,17.42,0,none,0.0
2080-10-18,M18,Robotic Arm,0.39,29.52,2.56,14.2,145.5,idle,282.2,16.3,17.39,0,none,0.0
2080-10-19,M18,Robotic Arm,0.44,33.96,2.41,16.9,150.8,idle,282.23,17.6,17.36,0,none,0.0
2080-10-20,M18,Robotic Arm,0.42,29.28,2.23,19.9,157.3,idle,282.56,15.1,17.02,0,none,0.0
2080-10-21,M18,Robotic Arm,0.39,28.46,2.58,14.3,145.0,idle,282.93,13.8,16.66,0,none,0.0
2080-10-22,M18,Robotic Arm,0.38,33.22,2.58,17.5,151.9,idle,283.25,17.0,16.34,0,none,0.0
2080-10-23,M18,Robotic Arm,0.35,30.44,2.23,15.3,146.0,idle,283.71,11.3,15.87,0,none,0.0
2080-10-24,M18,Robotic Arm,0.44,32.96,2.38,19.6,148.1,idle,284.18,8.9,15.41,0,none,0.0
2080-10-25,M18,Robotic Arm,0.45,28.52,2.52,16.0,147.0,idle,284.25,13.2,15.34,0,none,0.0
2080-10-26,M18,Robotic Arm,0.42,32.45,2.57,15.7,156.5,idle,284.36,12.8,15.22,0,none,0.0
2080-10-27,M18,Robotic Arm,0.44,31.19,2.37,16.2,159.8,idle,284.51,13.9,15.07,0,none,0.0
2080-10-28,M18,Robotic Arm,0.41,34.46,2.38,19.3,151.9,idle,284.61,13.2,14.97,0,none,0.0
2080-10-29,M18,Robotic Arm,0.94,42.79,5.9,38.3,348.5,normal,285.08,12.5,14.51,0,none,0.0
2080-10-30,M18,Robotic Arm,1.37,38.51,5.52,41.3,347.8,normal,285.35,17.1,14.24,0,none,0.0
2080-10-31,M18,Robotic Arm,1.07,46.07,5.46,45.0,347.4,normal,285.76,9.4,13.82,0,none,0.0
2080-11-01,M18,Robotic Arm,0.95,45.49,5.3,45.7,359.1,normal,285.91,14.7,13.67,0,none,0.0
2080-11-02,M18,Robotic Arm,0.4,31.22,2.41,14.8,148.7,idle,286.21,15.4,13.37,0,none,0.0
2080-11-03,M18,Robotic Arm,0.86,44.09,5.84,44.9,361.3,normal,286.25,17.4,13.34,0,none,0.0
2080-11-04,M18,Robotic Arm,0.44,32.91,5.84,15.4,151.2,idle,286.71,12.6,12.87,0,none,0.0
2080-11-05,M18,Robotic Arm,1.1,38.55,5.43,45.1,346.2,normal,286.96,15.2,12.62,0,none,0.0
2080-11-06,M18,Robotic Arm,1.27,38.35,5.53,40.8,364.6,normal,287.46,8.3,12.12,0,none,0.0
2080-11-07,M18,Robotic Arm,1.07,47.72,5.68,38.2,364.4,normal,287.96,15.8,11.62,0,none,0.0
2080-11-08,M18,Robotic Arm,1.23,38.33,5.41,42.9,360.0,normal,288.06,16.4,11.52,0,none,0.0
2080-11-09,M18,Robotic Arm,1.34,37.16,5.33,45.0,349.5,normal,288.5,17.9,11.09,0,none,0.0
2080-11-10,M18,Robotic Arm,1.57,50.94,7.56,60.3,505.6,peak,288.63,11.2,10.96,0,none,0.0
2080-11-11,M18,Robotic Arm,1.62,43.63,7.84,59.3,486.4,peak,288.81,10.3,10.77,0,none,0.0
2080-11-12,M18,Robotic Arm,0.4,43.63,2.56,14.4,155.1,idle,289.3,14.3,10.29,0,none,0.0
2080-11-13,M18,Robotic Arm,1.25,42.92,5.62,39.1,358.2,normal,289.46,14.7,10.12,0,none,0.0
2080-11-14,M18,Robotic Arm,0.41,34.39,2.55,14.1,159.8,idle,289.66,9.2,9.92,0,none,0.0
2080-11-15,M18,Robotic Arm,1.16,46.91,5.32,14.1,353.8,normal,290.0,10.8,9.59,0,none,0.0
2080-11-16,M18,Robotic Arm,0.36,46.91,2.29,14.1,154.0,idle,290.11,10.1,9.47,0,none,0.0
2080-11-17,M18,Robotic Arm,1.02,47.4,5.71,45.6,353.0,normal,290.28,11.7,9.31,0,none,0.0
2080-11-18,M18,Robotic Arm,0.38,33.37,2.39,45.6,153.9,idle,290.6,17.5,8.99,0,none,0.0
2080-11-19,M18,Robotic Arm,1.31,38.74,5.54,40.4,363.3,normal,291.05,8.6,8.54,0,none,0.0
2080-11-20,M18,Robotic Arm,1.27,42.7,5.78,41.6,366.3,normal,291.35,9.5,8.24,0,none,0.0
2080-11-21,M18,Robotic Arm,1.36,43.63,5.5,46.4,369.4,normal,291.81,9.0,7.77,0,none,0.0
2080-11-22,M18,Robotic Arm,0.41,32.62,2.54,18.0,147.9,idle,291.85,14.6,7.74,0,none,0.0
2080-11-23,M18,Robotic Arm,1.08,42.96,5.57,44.8,348.4,normal,292.01,10.4,7.57,0,none,0.0
2080-11-24,M18,Robotic Arm,0.94,35.37,5.23,41.6,340.6,normal,292.21,14.3,7.37,0,none,0.0
2080-11-25,M18,Robotic Arm,0.38,31.59,5.23,41.6,153.0,idle,292.66,14.0,6.92,0,none,0.0
2080-11-26,M18,Robotic Arm,0.37,28.11,2.25,19.9,158.9,idle,292.85,12.0,6.74,0,none,0.0
2080-11-27,M18,Robotic Arm,1.02,39.17,5.91,19.9,345.1,normal,292.88,12.5,6.71,0,none,0.0
2080-11-28,M18,Robotic Arm,0.36,34.1,2.2,14.1,157.2,idle,292.98,11.4,6.61,0,none,0.0
2080-11-29,M18,Robotic Arm,0.41,31.94,2.57,16.9,152.0,idle,293.26,17.7,6.32,0,none,0.0
2080-11-30,M18,Robotic Arm,1.08,43.48,5.46,44.7,361.1,normal,293.46,13.1,6.12,0,none,0.0
2080-12-01,M18,Robotic Arm,0.97,42.73,5.78,47.6,368.2,normal,293.78,12.5,5.81,0,none,0.0
2080-12-02,M18,Robotic Arm,0.96,42.5,5.58,41.5,350.3,normal,294.03,11.7,5.56,0,none,0.0
2080-12-03,M18,Robotic Arm,1.38,42.5,5.88,42.5,357.0,normal,294.13,13.2,5.46,0,none,0.0
2080-12-04,M18,Robotic Arm,0.42,31.19,2.59,19.2,148.2,idle,294.58,9.1,5.01,0,none,0.0
2080-12-05,M18,Robotic Arm,1.7,48.18,7.86,58.5,486.5,peak,295.06,17.4,4.52,0,none,0.0
2080-12-06,M18,Robotic Arm,1.1,42.74,5.84,40.9,363.2,normal,295.51,9.1,4.07,0,none,0.0
2080-12-07,M18,Robotic Arm,1.15,38.35,5.83,44.0,363.2,normal,295.86,16.7,3.72,0,none,0.0
2080-12-08,M18,Robotic Arm,1.01,47.65,5.83,42.5,366.2,normal,296.15,18.0,3.44,0,none,0.0
2080-12-09,M18,Robotic Arm,0.94,41.01,5.3,44.1,341.3,normal,296.4,17.9,3.19,0,none,0.0
2080-12-10,M18,Robotic Arm,1.39,35.11,5.95,44.4,364.7,normal,296.46,14.9,3.12,0,none,0.0
2080-12-11,M18,Robotic Arm,1.61,45.17,7.67,60.3,490.7,peak,296.91,16.8,2.67,0,none,0.0
2080-12-12,M18,Robotic Arm,1.33,35.39,5.27,40.2,342.5,normal,297.31,14.7,2.27,0,none,0.0
2080-12-13,M18,Robotic Arm,1.31,35.05,5.72,42.5,363.2,normal,297.55,9.1,2.04,0,none,0.0
2080-12-14,M18,Robotic Arm,1.08,43.39,5.71,41.6,343.4,normal,297.9,8.5,1.69,0,none,0.0
2080-12-15,M18,Robotic Arm,1.63,53.38,8.3,58.7,514.7,peak,298.06,11.4,1.52,0,none,0.0
2080-12-16,M18,Robotic Arm,0.39,29.37,2.55,17.0,151.5,idle,298.41,10.9,1.17,0,none,0.0
2080-12-17,M18,Robotic Arm,0.37,33.35,2.42,15.2,148.9,idle,298.75,10.4,0.84,0,none,0.0
2080-12-18,M18,Robotic Arm,1.06,41.95,5.84,40.1,362.2,normal,298.78,17.6,0.81,0,none,0.0
2080-12-19,M18,Robotic Arm,0.44,30.77,2.35,16.9,157.3,idle,298.85,17.4,0.74,0,none,0.0
2080-12-20,M18,Robotic Arm,0.9,40.03,5.22,43.2,368.3,normal,298.88,14.5,0.71,0,none,0.0
2080-12-21,M18,Robotic Arm,0.94,38.32,5.76,44.9,357.9,normal,299.33,17.7,0.5,0,none,0.0
2080-12-22,M18,Robotic Arm,0.98,35.87,5.38,44.4,348.9,normal,299.51,11.2,0.5,0,none,0.0
2080-12-23,M18,Robotic Arm,0.43,32.31,2.22,14.5,149.2,idle,299.68,16.4,0.5,0,none,0.0
2080-12-24,M18,Robotic Arm,1.17,47.18,5.28,46.3,357.2,normal,299.95,10.2,0.5,0,none,0.0
2080-12-25,M18,Robotic Arm,1.17,47.18,2.51,16.1,357.2,idle,300.18,17.7,0.5,0,none,0.0
2080-12-26,M18,Robotic Arm,1.15,37.04,5.64,45.6,357.6,normal,300.63,18.0,0.5,0,none,0.0
2080-12-27,M18,Robotic Arm,0.41,28.19,2.39,16.2,145.7,idle,300.76,8.2,0.5,0,none,0.0
2080-12-28,M18,Robotic Arm,0.42,29.28,2.34,17.5,151.6,idle,301.06,9.9,0.5,0,none,0.0
2080-12-29,M18,Robotic Arm,0.42,33.91,2.27,15.7,147.8,idle,301.38,13.6,0.5,0,none,0.0
2080-12-30,M18,Robotic Arm,0.4,28.55,2.5,15.7,159.2,idle,301.5,17.6,0.5,0,none,0.0
2080-12-31,M18,Robotic Arm,0.43,34.79,2.22,15.2,159.4,idle,301.7,17.3,0.5,0,none,0.0
2081-01-01,M18,Robotic Arm,0.45,29.96,2.44,15.2,158.4,idle,302.11,11.6,0.5,0,none,0.0
2081-01-02,M18,Robotic Arm,0.36,32.82,2.32,16.2,153.2,idle,302.2,10.3,0.5,0,none,0.0
2081-01-03,M18,Robotic Arm,0.39,31.66,2.47,16.2,156.1,idle,302.7,12.1,0.5,0,none,0.0
2081-01-04,M18,Robotic Arm,0.39,28.15,2.47,15.7,157.9,idle,303.05,10.7,0.5,0,none,0.0
2081-01-05,M18,Robotic Arm,0.42,30.85,2.46,19.9,149.6,idle,303.15,10.8,0.5,0,none,0.0
2081-01-06,M18,Robotic Arm,0.4,29.04,2.55,17.3,146.5,idle,303.48,11.6,0.5,0,none,0.0
2081-01-07,M18,Robotic Arm,0.41,31.28,2.32,14.1,148.2,idle,303.73,13.5,0.5,0,none,0.0
2081-01-08,M18,Robotic Arm,0.37,33.01,2.3,19.9,147.8,idle,304.18,17.3,0.5,0,none,0.0
2081-01-09,M18,Robotic Arm,0.44,30.56,2.6,19.9,154.1,idle,304.63,12.8,0.5,0,none,0.0
2081-01-10,M18,Robotic Arm,0.44,34.28,2.6,15.0,153.8,idle,304.75,11.1,0.5,0,none,0.0
2081-01-11,M18,Robotic Arm,1.06,40.01,5.71,43.0,364.3,normal,305.08,16.6,0.5,0,none,0.0
2081-01-12,M18,Robotic Arm,0.38,31.71,2.59,14.5,149.0,idle,305.38,14.8,0.5,0,none,0.0
2081-01-13,M18,Robotic Arm,0.36,28.44,2.21,16.2,157.7,idle,305.48,9.1,0.5,0,none,0.0
2081-01-14,M18,Robotic Arm,0.37,30.27,2.54,14.9,148.6,idle,305.71,12.3,0.5,0,none,0.0
2081-01-15,M18,Robotic Arm,0.42,33.19,2.34,14.1,150.7,idle,305.96,11.6,0.5,0,none,0.0
2081-01-16,M18,Robotic Arm,0.42,33.0,2.37,16.1,155.5,idle,306.38,14.0,0.5,0,none,0.0
2081-01-17,M18,Robotic Arm,0.44,33.55,2.29,19.8,154.2,idle,306.5,8.2,0.5,0,none,0.0
2081-01-18,M18,Robotic Arm,0.91,39.38,5.78,46.7,355.9,normal,306.63,12.9,0.5,0,none,0.0
2081-01-19,M18,Robotic Arm,0.91,28.86,2.33,14.2,151.3,idle,306.98,15.4,0.5,0,none,0.0
2081-01-20,M18,Robotic Arm,0.43,31.23,2.53,17.9,147.9,idle,307.38,16.4,0.5,0,none,0.0
2081-01-21,M18,Robotic Arm,0.37,30.45,2.42,18.1,147.6,idle,307.41,13.2,0.5,0,none,0.0
2081-01-22,M18,Robotic Arm,0.37,28.09,2.25,18.5,145.8,idle,307.76,11.0,0.5,0,none,0.0
2081-01-23,M18,Robotic Arm,0.41,32.21,2.6,18.1,155.5,idle,307.96,13.2,0.5,0,none,0.0
2081-01-24,M18,Robotic Arm,0.36,34.13,2.33,15.9,152.0,idle,308.2,8.1,0.5,0,none,0.0
2081-01-25,M18,Robotic Arm,1.24,38.83,5.82,40.5,343.7,normal,308.56,8.3,0.5,0,none,0.0
2081-01-26,M18,Robotic Arm,0.42,38.83,2.56,14.4,150.9,idle,308.65,16.4,0.5,0,none,0.0
2081-01-27,M18,Robotic Arm,1.01,40.91,5.24,42.1,368.8,normal,308.93,14.5,0.5,0,none,0.0
2081-01-28,M18,Robotic Arm,1.16,37.82,5.85,42.0,341.9,normal,309.26,9.9,0.5,0,none,0.0
2081-01-29,M18,Robotic Arm,1.61,52.58,7.72,58.3,490.9,peak,309.3,8.4,0.5,0,none,0.0
2081-01-30,M18,Robotic Arm,0.44,30.06,2.3,19.6,160.0,idle,309.33,17.7,0.5,0,none,0.0
2081-01-31,M18,Robotic Arm,1.18,47.15,5.81,39.9,360.5,normal,309.7,12.5,0.5,0,none,0.0
2081-02-01,M18,Robotic Arm,1.28,44.66,5.62,43.1,364.7,normal,310.16,10.0,0.5,0,none,0.0
2081-02-02,M18,Robotic Arm,0.42,33.55,2.28,19.8,156.0,idle,310.41,12.1,0.5,0,none,0.0
2081-02-03,M18,Robotic Arm,1.08,42.79,5.71,46.0,361.0,normal,310.46,16.2,0.5,0,none,0.0
2081-02-04,M18,Robotic Arm,1.31,40.13,5.54,39.9,355.5,normal,310.53,16.8,0.5,0,none,0.0
2081-02-05,M18,Robotic Arm,1.62,50.64,5.54,63.6,486.7,peak,310.68,15.7,0.5,0,none,0.0
2081-02-06,M18,Robotic Arm,0.44,29.54,2.49,17.0,155.5,idle,311.16,17.9,0.5,0,none,0.0
2081-02-07,M18,Robotic Arm,0.4,32.57,2.5,15.2,150.1,idle,311.41,17.8,0.5,0,none,0.0
2081-02-08,M18,Robotic Arm,1.33,45.87,5.74,41.0,346.2,normal,311.81,11.3,0.5,0,none,0.0
2081-02-09,M18,Robotic Arm,0.88,47.14,5.71,42.1,360.7,normal,312.13,17.7,0.5,0,none,0.0
2081-02-10,M18,Robotic Arm,1.64,46.56,8.0,42.1,513.5,peak,312.55,13.1,0.5,0,none,0.0
2081-02-11,M18,Robotic Arm,0.9,35.84,5.47,38.4,354.8,normal,312.73,14.4,0.5,0,none,0.0
2081-02-12,M18,Robotic Arm,1.3,39.52,5.58,43.7,367.4,normal,313.01,8.4,0.5,0,none,0.0
2081-02-13,M18,Robotic Arm,1.36,43.21,5.21,39.9,346.1,normal,313.46,15.9,0.5,0,none,0.0
2081-02-14,M18,Robotic Arm,1.18,44.2,5.27,40.9,355.2,normal,313.65,16.3,0.5,0,none,0.0
2081-02-15,M18,Robotic Arm,1.27,39.48,5.6,43.0,367.8,normal,313.71,9.8,0.5,0,none,0.0
2081-02-16,M18,Robotic Arm,1.31,46.15,5.33,47.0,351.8,normal,314.01,12.1,0.5,0,none,0.0
2081-02-17,M18,Robotic Arm,0.4,32.3,5.33,16.1,148.7,idle,314.16,10.3,0.5,0,none,0.0
2081-02-18,M18,Robotic Arm,0.4,33.86,2.51,17.1,150.1,idle,314.41,16.9,0.5,0,none,0.0
2081-02-19,M18,Robotic Arm,1.5,44.7,7.69,60.9,516.8,peak,314.45,16.8,0.5,0,none,0.0
2081-02-20,M18,Robotic Arm,1.02,45.31,5.46,47.6,345.9,normal,314.6,16.7,0.5,0,none,0.0
2081-02-21,M18,Robotic Arm,0.39,29.05,5.46,14.6,146.6,idle,315.01,13.0,0.5,0,none,0.0
2081-02-22,M18,Robotic Arm,0.39,33.49,2.23,15.3,149.8,idle,315.35,18.0,0.5,0,none,0.0
2081-02-23,M18,Robotic Arm,1.37,42.77,5.29,41.7,361.5,normal,315.43,13.6,0.5,0,none,0.0
2081-02-24,M18,Robotic Arm,1.39,44.6,5.34,46.2,340.1,normal,315.75,10.5,0.5,0,none,0.0
2081-02-25,M18,Robotic Arm,0.4,30.42,2.58,46.2,148.8,idle,316.21,8.7,0.5,0,none,0.0
2081-02-26,M18,Robotic Arm,0.99,40.5,5.94,44.5,343.6,normal,316.31,14.1,0.5,0,none,0.0
2081-02-27,M18,Robotic Arm,1.75,50.19,7.52,64.2,481.9,peak,316.53,13.2,0.5,0,none,0.0
2081-02-28,M18,Robotic Arm,1.19,42.81,5.69,46.5,343.7,normal,316.7,16.7,0.5,0,none,0.0
2081-03-01,M18,Robotic Arm,1.14,42.46,5.52,43.3,355.0,normal,317.03,8.5,0.5,0,none,0.0
2081-03-02,M18,Robotic Arm,1.27,36.9,5.22,47.3,349.4,normal,317.23,10.4,0.5,0,none,0.0
2081-03-03,M18,Robotic Arm,1.29,39.16,5.2,40.2,343.2,normal,317.73,13.9,0.5,0,none,0.0
2081-03-04,M18,Robotic Arm,1.3,37.22,5.99,44.1,349.7,normal,318.0,17.1,0.5,0,none,0.0
2081-03-05,M18,Robotic Arm,1.13,47.5,5.71,45.5,354.8,normal,318.26,13.2,0.5,0,none,0.0
2081-03-06,M18,Robotic Arm,0.4,34.89,2.44,17.2,158.1,idle,318.46,10.0,0.5,0,none,0.0
2081-03-07,M18,Robotic Arm,1.1,41.16,5.77,39.6,343.9,normal,318.91,16.0,0.5,0,none,0.0
2081-03-08,M18,Robotic Arm,3.26,37.38,5.55,46.0,349.3,normal,319.38,13.1,0.5,0,none,0.0
2081-03-09,M18,Robotic Arm,3.26,39.26,5.23,38.9,353.0,normal,319.73,12.0,0.5,0,none,0.0
2081-03-10,M18,Robotic Arm,1.6,48.1,8.02,64.4,498.9,peak,319.86,16.5,0.5,0,none,0.0
2081-03-11,M18,Robotic Arm,1.32,46.06,5.91,43.4,348.6,normal,320.0,17.4,0.5,0,none,0.0
2081-03-12,M18,Robotic Arm,1.28,39.19,5.92,39.0,360.3,normal,320.05,8.1,0.5,0,none,0.0
2081-03-13,M18,Robotic Arm,1.11,42.89,5.29,47.7,361.4,normal,320.31,14.7,0.5,0,none,0.0
2081-03-14,M18,Robotic Arm,0.38,34.23,2.38,15.1,151.5,idle,320.76,10.4,0.5,0,none,0.0
2081-03-15,M18,Robotic Arm,1.03,44.21,5.22,46.8,353.0,normal,321.13,10.5,0.5,0,none,0.0
2081-03-16,M18,Robotic Arm,0.36,33.38,2.6,19.4,147.5,idle,321.5,17.8,0.5,0,none,0.0
2081-03-17,M18,Robotic Arm,0.97,47.84,5.36,41.0,358.7,normal,321.6,16.1,0.5,0,none,0.0
2081-03-18,M18,Robotic Arm,1.01,39.96,5.79,43.9,364.3,normal,322.05,10.9,0.5,0,none,0.0
2081-03-19,M18,Robotic Arm,1.28,45.39,5.34,40.6,345.5,normal,322.48,8.9,0.5,0,none,0.0
2081-03-20,M18,Robotic Arm,0.92,46.05,5.2,44.3,366.2,normal,322.81,8.5,0.5,0,none,0.0
2081-03-21,M18,Robotic Arm,0.93,34.52,2.58,17.5,155.0,idle,323.2,9.0,0.5,0,none,0.0
2081-03-22,M18,Robotic Arm,0.37,34.89,2.5,17.1,152.5,idle,323.48,10.9,0.5,0,none,0.0
2081-03-23,M18,Robotic Arm,1.19,37.42,5.68,38.7,358.1,normal,323.66,12.2,0.5,0,none,0.0
2081-03-24,M18,Robotic Arm,0.41,30.5,2.24,17.3,151.6,idle,323.91,12.5,0.5,0,none,0.0
2081-03-25,M18,Robotic Arm,1.02,40.56,5.25,38.9,344.3,normal,324.2,10.6,0.5,0,none,0.0
2081-03-26,M18,Robotic Arm,1.15,38.68,5.39,44.3,357.9,normal,324.6,14.6,0.5,0,none,0.0
2081-03-27,M18,Robotic Arm,0.38,38.68,2.36,15.1,158.3,idle,324.73,12.6,0.5,0,none,0.0
2081-03-28,M18,Robotic Arm,0.42,33.24,2.54,18.8,157.7,idle,324.95,10.4,0.5,0,none,0.0
2081-03-29,M18,Robotic Arm,0.98,43.01,5.74,40.9,369.8,normal,325.1,11.5,0.5,0,none,0.0
2081-03-30,M18,Robotic Arm,0.43,34.4,2.26,14.2,145.4,idle,325.26,9.7,0.5,0,none,0.0
2081-03-31,M18,Robotic Arm,0.44,31.82,2.32,18.8,154.7,idle,325.36,16.8,0.5,0,none,0.0
2081-04-01,M18,Robotic Arm,0.41,33.58,2.39,15.0,158.8,idle,325.55,17.2,0.5,0,none,0.0
2081-04-02,M18,Robotic Arm,0.44,29.74,2.33,18.9,159.6,idle,325.78,14.1,0.5,0,none,0.0
2081-04-03,M18,Robotic Arm,0.43,28.37,2.36,18.7,152.0,idle,325.96,17.0,0.5,0,none,0.0
2081-04-04,M18,Robotic Arm,0.42,28.25,2.28,18.6,147.9,idle,326.3,17.5,0.5,0,none,0.0
2081-04-05,M18,Robotic Arm,0.45,30.57,2.28,15.2,147.6,idle,326.36,11.8,0.5,0,none,0.0
2081-04-06,M18,Robotic Arm,0.38,32.07,2.55,19.6,154.0,idle,326.71,13.5,0.5,0,none,0.0
2081-04-07,M18,Robotic Arm,0.41,31.65,2.33,17.2,147.5,idle,326.93,9.0,0.5,0,none,0.0
2081-04-08,M18,Robotic Arm,1.03,37.59,5.87,39.6,362.4,normal,327.38,14.2,0.5,0,none,0.0
2081-04-09,M18,Robotic Arm,0.36,32.62,2.51,14.6,156.6,idle,327.56,11.1,0.5,0,none,0.0
2081-04-10,M18,Robotic Arm,1.17,32.62,5.78,39.6,363.9,normal,327.86,16.0,0.5,0,none,0.0
2081-04-11,M18,Robotic Arm,0.43,32.53,2.4,19.1,158.2,idle,328.06,13.5,0.5,0,none,0.0
2081-04-12,M18,Robotic Arm,0.38,31.73,2.38,16.6,157.4,idle,328.3,10.7,0.5,0,none,0.0
2081-04-13,M18,Robotic Arm,0.42,31.32,2.52,19.7,151.1,idle,328.46,11.1,0.5,0,none,0.0
2081-04-14,M18,Robotic Arm,0.36,34.44,2.58,16.4,154.7,idle,328.7,17.1,0.5,0,none,0.0
2081-04-15,M18,Robotic Arm,0.36,28.33,2.24,18.6,151.9,idle,329.16,12.6,0.5,0,none,0.0
2081-04-16,M18,Robotic Arm,0.42,31.88,2.28,18.9,148.2,idle,329.38,16.8,0.5,0,none,0.0
2081-04-17,M18,Robotic Arm,0.37,32.32,2.55,19.2,151.6,idle,329.45,10.9,0.5,0,none,0.0
2081-04-18,M18,Robotic Arm,1.23,45.73,5.37,42.0,359.0,normal,329.5,15.5,0.5,0,none,0.0
2081-04-19,M18,Robotic Arm,0.43,30.35,2.45,14.3,159.0,idle,329.7,14.1,0.5,0,none,0.0
2081-04-20,M18,Robotic Arm,0.44,34.46,2.59,19.1,148.2,idle,330.2,14.3,0.5,0,none,0.0
2081-04-21,M18,Robotic Arm,0.41,29.26,2.21,14.9,157.6,idle,330.41,12.3,0.5,0,none,0.0
2081-04-22,M18,Robotic Arm,0.42,33.32,2.36,14.2,149.8,idle,330.75,10.7,0.5,0,none,0.0
2081-04-23,M18,Robotic Arm,0.4,30.51,2.4,17.7,146.8,idle,330.78,15.5,0.5,0,none,0.0
2081-04-24,M18,Robotic Arm,0.44,31.92,2.54,16.9,156.0,idle,331.05,9.9,0.5,0,none,0.0
2081-04-25,M18,Robotic Arm,0.44,32.21,2.36,17.4,147.5,idle,331.38,10.6,0.5,0,none,0.0
2081-04-26,M18,Robotic Arm,0.42,28.26,2.38,17.3,151.0,idle,331.5,17.2,0.5,0,none,0.0
2081-04-27,M18,Robotic Arm,1.12,37.28,5.26,42.4,368.0,normal,331.68,18.0,0.5,0,none,0.0
2081-04-28,M18,Robotic Arm,0.37,29.98,2.55,15.6,150.8,idle,332.06,14.5,0.5,0,none,0.0
2081-04-29,M18,Robotic Arm,0.36,28.33,2.46,14.9,153.4,idle,332.33,13.1,0.5,0,none,0.0
2081-04-30,M18,Robotic Arm,0.39,28.66,2.37,15.5,157.9,idle,332.46,14.7,0.5,0,none,0.0
2081-05-01,M18,Robotic Arm,0.99,44.08,5.75,39.9,356.7,normal,332.61,9.5,0.5,0,none,0.0
2081-05-02,M18,Robotic Arm,0.43,44.08,2.44,15.0,148.6,idle,332.66,12.6,0.5,0,none,0.0
2081-05-03,M18,Robotic Arm,1.21,43.3,5.73,43.4,363.5,normal,332.86,14.4,0.5,0,none,0.0
2081-05-04,M18,Robotic Arm,0.41,29.49,2.24,14.1,145.1,idle,333.1,13.0,0.5,0,none,0.0
2081-05-05,M18,Robotic Arm,0.91,29.49,5.2,41.8,363.3,normal,333.36,13.0,0.5,0,none,0.0
2081-05-06,M18,Robotic Arm,0.92,45.24,5.35,40.3,347.3,normal,333.85,10.1,0.5,0,none,0.0
2081-05-07,M18,Robotic Arm,0.38,31.51,2.47,18.7,145.3,idle,334.33,11.6,0.5,0,none,0.0
2081-05-08,M18,Robotic Arm,0.93,44.73,5.82,47.4,348.7,normal,334.45,11.2,0.5,0,none,0.0
2081-05-09,M18,Robotic Arm,0.37,32.02,2.23,18.4,152.2,idle,334.6,11.2,0.5,0,none,0.0
2081-05-10,M18,Robotic Arm,1.24,37.06,5.57,41.5,354.1,normal,335.01,11.4,0.5,0,none,0.0
2081-05-11,M18,Robotic Arm,1.16,43.9,5.89,40.3,352.8,normal,335.21,17.7,0.5,0,none,0.0
2081-05-12,M18,Robotic Arm,0.91,39.34,5.5,42.4,367.8,normal,335.36,8.5,0.5,0,none,0.0
2081-05-13,M18,Robotic Arm,1.35,35.9,5.53,41.2,350.8,normal,335.51,9.3,0.5,0,none,0.0
2081-05-14,M18,Robotic Arm,1.26,37.56,5.8,41.2,360.8,normal,335.7,17.8,0.5,0,none,0.0
2081-05-15,M18,Robotic Arm,1.08,35.81,5.28,45.1,343.4,normal,336.0,15.6,0.5,0,none,0.0
2081-05-16,M18,Robotic Arm,1.08,46.33,5.63,45.1,346.9,normal,336.41,16.5,0.5,0,none,0.0
2081-05-17,M18,Robotic Arm,1.15,39.42,5.97,38.1,368.4,normal,336.78,17.4,0.5,0,none,0.0
2081-05-18,M18,Robotic Arm,0.37,32.02,2.31,18.9,155.5,idle,336.96,11.6,0.5,0,none,0.0
2081-05-19,M18,Robotic Arm,0.37,31.95,2.56,15.3,157.2,idle,337.41,8.5,0.5,0,none,0.0
2081-05-20,M18,Robotic Arm,0.43,30.68,2.22,15.0,152.1,idle,337.9,13.8,0.5,0,none,0.0
2081-05-21,M18,Robotic Arm,0.4,28.74,2.31,16.3,157.2,idle,338.05,11.3,0.5,0,none,0.0
2081-05-22,M18,Robotic Arm,1.34,42.85,5.42,44.9,368.3,normal,338.33,8.5,0.5,0,none,0.0
2081-05-23,M18,Robotic Arm,1.53,45.65,8.05,58.4,514.6,peak,338.53,17.6,0.5,0,none,0.0
2081-05-24,M18,Robotic Arm,0.99,46.48,5.87,39.7,342.8,normal,338.83,16.7,0.5,0,none,0.0
2081-05-25,M18,Robotic Arm,1.22,40.19,5.39,47.1,342.7,normal,338.96,13.2,0.5,0,none,0.0
2081-05-26,M18,Robotic Arm,1.22,40.19,5.39,41.8,356.0,normal,339.16,8.1,0.5,0,none,0.0
2081-05-27,M18,Robotic Arm,0.37,28.89,2.31,17.4,156.6,idle,339.36,14.6,0.5,0,none,0.0
2081-05-28,M18,Robotic Arm,1.79,43.93,7.51,64.8,485.5,peak,339.48,14.0,0.5,0,none,0.0
2081-05-29,M18,Robotic Arm,1.26,45.06,5.27,46.1,347.5,normal,339.7,8.5,0.5,0,none,0.0
2081-05-30,M18,Robotic Arm,1.74,46.14,8.25,63.4,480.2,peak,340.18,12.7,0.5,0,none,0.0
2081-05-31,M18,Robotic Arm,1.14,39.44,5.88,42.8,351.5,normal,340.6,8.6,0.5,0,none,0.0
2081-06-01,M18,Robotic Arm,0.93,38.68,6.0,46.6,349.2,normal,340.91,16.6,0.5,0,none,0.0
2081-06-02,M18,Robotic Arm,1.19,47.97,5.75,41.4,341.2,normal,341.23,11.1,0.5,0,none,0.0
2081-06-03,M18,Robotic Arm,1.29,38.71,5.31,39.1,343.2,normal,341.45,13.3,0.5,0,none,0.0
2081-06-04,M18,Robotic Arm,0.91,41.71,5.81,46.9,360.6,normal,341.61,8.3,0.5,0,none,0.0
2081-06-05,M18,Robotic Arm,0.9,47.31,5.2,45.5,369.5,normal,341.88,10.6,0.5,0,none,0.0
2081-06-06,M18,Robotic Arm,0.44,33.01,2.41,45.5,154.4,idle,342.16,9.2,0.5,0,none,0.0
2081-06-07,M18,Robotic Arm,1.31,37.36,5.71,38.1,364.2,normal,342.33,17.2,0.5,0,none,0.0
2081-06-08,M18,Robotic Arm,1.08,38.35,5.41,47.8,366.0,normal,342.53,14.3,0.5,0,none,0.0
2081-06-09,M18,Robotic Arm,1.28,41.57,5.52,43.9,356.4,normal,342.78,11.8,0.5,0,none,0.0
2081-06-10,M18,Robotic Arm,1.34,47.65,5.94,45.7,352.2,normal,342.93,9.5,0.5,0,none,0.0
2081-06-11,M18,Robotic Arm,1.27,45.14,5.34,46.2,367.4,normal,343.01,10.7,0.5,0,none,0.0
2081-06-12,M18,Robotic Arm,0.43,32.77,2.29,17.8,154.5,idle,343.2,13.2,0.5,0,none,0.0
2081-06-13,M18,Robotic Arm,1.06,36.47,5.55,47.2,363.4,normal,343.56,17.4,0.5,0,none,0.0
2081-06-14,M18,Robotic Arm,1.04,37.55,5.57,45.6,360.6,normal,343.93,8.3,0.5,0,none,0.0
2081-06-15,M18,Robotic Arm,1.04,39.05,5.6,45.6,363.2,normal,344.15,11.1,0.5,0,none,0.0
2081-06-16,M18,Robotic Arm,1.08,40.57,5.85,45.3,354.1,normal,344.48,14.2,0.5,0,none,0.0
2081-06-17,M18,Robotic Arm,0.39,32.82,2.58,16.6,145.6,idle,344.73,17.1,0.5,0,none,0.0
2081-06-18,M18,Robotic Arm,1.33,37.16,5.92,46.3,359.8,normal,344.86,9.2,0.5,0,none,0.0
2081-06-19,M18,Robotic Arm,0.43,29.82,2.54,17.4,147.7,idle,345.1,11.7,0.5,0,none,0.0
2081-06-20,M18,Robotic Arm,0.99,45.27,5.87,17.4,345.5,normal,345.3,17.6,0.5,0,none,0.0
2081-06-21,M18,Robotic Arm,0.44,31.46,2.6,16.9,148.8,idle,345.78,8.4,0.5,0,none,0.0
2081-06-22,M18,Robotic Arm,0.88,43.64,5.2,46.4,349.3,normal,346.0,11.0,0.5,0,none,0.0
2081-06-23,M18,Robotic Arm,1.7,48.5,8.16,55.5,487.9,peak,346.25,16.1,0.5,0,none,0.0
2081-06-24,M18,Robotic Arm,1.34,40.43,8.16,42.6,367.3,normal,346.38,17.9,0.5,0,none,0.0
2081-06-25,M18,Robotic Arm,0.96,45.91,5.25,46.6,367.1,normal,346.83,15.0,0.5,0,none,0.0
2081-06-26,M18,Robotic Arm,1.28,38.6,5.29,43.0,360.0,normal,347.21,8.5,0.5,0,none,0.0
2081-06-27,M18,Robotic Arm,1.3,41.58,5.64,47.4,341.4,normal,347.3,17.6,0.5,0,none,0.0
2081-06-28,M18,Robotic Arm,1.03,40.7,5.71,39.0,366.2,normal,347.35,12.9,0.5,0,none,0.0
2081-06-29,M18,Robotic Arm,1.59,44.41,8.09,56.4,493.2,peak,347.48,17.7,0.5,0,none,0.0
2081-06-30,M18,Robotic Arm,1.32,45.26,5.42,42.2,355.2,normal,347.8,8.3,0.5,0,none,0.0
2081-07-01,M18,Robotic Arm,0.41,30.1,2.41,18.6,155.3,idle,348.06,15.8,0.5,0,none,0.0
2081-07-02,M18,Robotic Arm,1.37,38.1,5.74,47.5,342.9,normal,348.38,16.2,0.5,0,none,0.0
2081-07-03,M18,Robotic Arm,0.41,34.89,2.22,16.2,146.3,idle,348.46,14.9,0.5,0,none,0.0
2081-07-04,M18,Robotic Arm,0.41,33.97,2.3,15.2,152.9,idle,348.78,12.5,0.5,0,none,0.0
2081-07-05,M18,Robotic Arm,0.39,33.78,2.25,15.2,157.2,idle,348.81,12.2,0.5,0,none,0.0
2081-07-06,M18,Robotic Arm,0.86,38.62,5.93,46.5,354.8,normal,349.05,13.1,0.5,0,none,0.0
2081-07-07,M18,Robotic Arm,0.86,28.57,2.52,14.5,154.7,idle,349.35,10.0,0.5,0,none,0.0
2081-07-08,M18,Robotic Arm,0.91,40.64,5.49,42.1,357.3,normal,349.48,12.3,0.5,0,none,0.0
2081-07-09,M18,Robotic Arm,0.36,29.56,2.24,17.9,145.8,idle,349.53,10.1,0.5,0,none,0.0
2081-07-10,M18,Robotic Arm,0.42,34.81,2.56,16.0,148.2,idle,350.03,14.6,0.5,0,none,0.0
2081-07-11,M18,Robotic Arm,0.45,31.11,2.34,14.8,147.5,idle,350.31,10.9,0.5,0,none,0.0
2081-07-12,M18,Robotic Arm,0.42,29.41,2.27,15.9,158.7,idle,350.73,16.4,0.5,0,none,0.0
2081-07-13,M18,Robotic Arm,0.41,33.43,2.49,19.7,155.4,idle,350.9,11.0,0.5,0,none,0.0
2081-07-14,M18,Robotic Arm,0.36,29.41,2.48,15.3,157.4,idle,351.25,11.8,0.5,0,none,0.0
2081-07-15,M18,Robotic Arm,0.44,30.9,2.35,14.7,159.1,idle,351.6,13.2,0.5,0,none,0.0
2081-07-16,M18,Robotic Arm,0.4,32.96,2.26,17.2,156.7,idle,351.88,13.2,0.5,0,none,0.0
2081-07-17,M18,Robotic Arm,0.41,30.66,2.45,20.0,155.2,idle,352.06,11.2,0.5,0,none,0.0
2081-07-18,M18,Robotic Arm,1.13,46.12,5.58,42.5,356.7,normal,352.2,9.8,0.5,0,none,0.0
2081-07-19,M18,Robotic Arm,0.38,28.5,2.35,18.4,152.3,idle,352.41,8.1,0.5,0,none,0.0
2081-07-20,M18,Robotic Arm,1.32,37.37,5.38,44.4,364.6,normal,352.88,15.7,0.5,0,none,0.0
2081-07-21,M18,Robotic Arm,1.23,40.77,5.91,44.8,365.0,normal,353.26,13.2,0.5,0,none,0.0
2081-07-22,M18,Robotic Arm,0.44,31.71,2.44,18.0,159.6,idle,353.6,16.7,0.5,0,none,0.0
2081-07-23,M18,Robotic Arm,0.43,28.24,2.37,19.2,145.6,idle,353.65,16.4,0.5,0,none,0.0
2081-07-24,M18,Robotic Arm,0.41,28.24,2.32,18.3,149.7,idle,353.7,9.1,0.5,0,none,0.0
2081-07-25,M18,Robotic Arm,0.41,34.56,2.35,19.8,150.7,idle,354.11,11.8,0.5,0,none,0.0
2081-07-26,M18,Robotic Arm,1.07,44.93,5.49,41.3,345.6,normal,354.43,16.6,0.5,0,none,0.0
2081-07-27,M18,Robotic Arm,0.36,33.86,2.39,17.9,152.2,idle,354.48,12.9,0.5,0,none,0.0
2081-07-28,M18,Robotic Arm,0.36,30.86,2.23,18.0,152.7,idle,354.78,14.9,0.5,0,none,0.0
2081-07-29,M18,Robotic Arm,0.36,32.4,2.28,14.8,159.7,idle,355.0,11.5,0.5,0,none,0.0
2081-07-30,M18,Robotic Arm,0.36,33.11,2.28,17.1,146.3,idle,355.36,16.3,0.5,0,none,0.0
2081-07-31,M18,Robotic Arm,0.38,29.13,2.59,14.6,145.2,idle,355.86,14.8,0.5,0,none,0.0
2081-08-01,M18,Robotic Arm,0.97,45.2,5.88,45.0,353.0,normal,356.1,8.9,0.5,0,none,0.0
2081-08-02,M18,Robotic Arm,0.43,32.74,2.6,16.6,147.8,idle,356.21,12.2,0.5,0,none,0.0
2081-08-03,M18,Robotic Arm,0.36,32.37,2.57,18.7,156.0,idle,356.4,12.1,0.5,0,none,0.0
2081-08-04,M18,Robotic Arm,0.4,29.26,2.31,15.7,156.0,idle,356.68,8.0,0.5,0,none,0.0
2081-08-05,M18,Robotic Arm,1.32,36.78,5.23,43.1,366.9,normal,356.85,15.0,0.5,0,none,0.0
2081-08-06,M18,Robotic Arm,1.38,41.22,5.4,43.1,345.1,normal,356.91,8.4,0.5,0,none,0.0
2081-08-07,M18,Robotic Arm,0.43,34.08,2.32,15.1,146.7,idle,357.28,14.4,0.5,0,none,0.0
2081-08-08,M18,Robotic Arm,0.41,34.87,2.38,15.6,157.4,idle,357.51,14.2,0.5,0,none,0.0
2081-08-09,M18,Robotic Arm,1.71,42.96,7.76,58.7,488.7,peak,357.65,14.6,0.5,0,none,0.0
2081-08-10,M18,Robotic Arm,1.34,42.96,5.83,45.4,340.4,normal,357.93,17.5,0.5,0,none,0.0
2081-08-11,M18,Robotic Arm,1.0,41.64,5.38,46.2,344.0,normal,358.23,17.4,0.5,0,none,0.0
2081-08-12,M18,Robotic Arm,0.94,42.65,5.22,47.9,355.9,normal,358.4,9.5,0.5,0,none,0.0
2081-08-13,M18,Robotic Arm,0.42,29.77,2.58,16.0,146.9,idle,358.6,8.9,0.5,0,none,0.0
2081-08-14,M18,Robotic Arm,0.4,28.89,2.58,17.0,154.0,idle,358.88,17.3,0.5,0,none,0.0
2081-08-15,M18,Robotic Arm,1.12,38.02,5.34,47.6,349.5,normal,358.91,10.3,0.5,0,none,0.0
2081-08-16,M18,Robotic Arm,1.52,48.56,7.74,62.1,495.1,peak,359.03,12.1,0.5,0,none,0.0
2081-08-17,M18,Robotic Arm,1.36,40.66,5.74,46.5,365.9,normal,359.26,10.1,0.5,0,none,0.0
2081-08-18,M18,Robotic Arm,1.67,52.45,7.75,61.0,481.3,peak,359.4,9.9,0.5,0,none,0.0
2081-08-19,M18,Robotic Arm,1.67,39.5,5.9,42.7,362.2,normal,359.58,14.1,0.5,0,none,0.0
2081-08-20,M18,Robotic Arm,1.11,39.08,5.95,44.2,359.2,normal,359.93,15.6,0.5,0,none,0.0
2081-08-21,M18,Robotic Arm,0.4,29.3,2.53,18.4,150.7,idle,360.4,17.2,0.5,0,none,0.0
2081-08-22,M18,Robotic Arm,1.37,29.3,5.23,40.6,351.1,normal,360.51,8.2,0.5,0,none,0.0
2081-08-23,M18,Robotic Arm,1.3,45.24,5.55,40.6,346.9,normal,360.96,9.3,0.5,0,none,0.0
2081-08-24,M18,Robotic Arm,1.34,35.8,5.52,46.1,355.3,normal,361.23,8.3,0.5,0,none,0.0
2081-08-25,M18,Robotic Arm,1.74,44.16,7.75,59.0,514.4,peak,361.46,9.3,0.5,0,none,0.0
2081-08-26,M18,Robotic Arm,1.38,35.74,5.95,45.0,354.5,normal,361.85,17.8,0.5,0,none,0.0
2081-08-27,M18,Robotic Arm,0.98,38.69,5.73,42.2,340.9,normal,362.13,11.0,0.5,0,none,0.0
2081-08-28,M18,Robotic Arm,0.98,43.65,5.73,44.4,340.9,normal,362.21,15.3,0.5,0,none,0.0
2081-08-29,M18,Robotic Arm,0.87,40.06,5.95,47.6,367.6,normal,362.4,9.7,0.5,0,none,0.0
2081-08-30,M18,Robotic Arm,1.8,42.92,7.56,64.3,481.2,peak,362.68,9.8,0.5,0,none,0.0
2081-08-31,M18,Robotic Arm,1.34,46.39,5.63,46.8,360.6,normal,363.13,15.7,0.5,0,none,0.0
2081-09-01,M18,Robotic Arm,0.94,45.97,5.52,40.2,369.3,normal,363.5,17.8,0.5,0,none,0.0
2081-09-02,M18,Robotic Arm,0.94,37.41,5.9,46.2,343.1,normal,363.85,14.6,0.5,0,none,0.0
2081-09-03,M18,Robotic Arm,0.92,37.91,5.92,45.2,367.1,normal,364.35,16.6,0.5,0,none,0.0
2081-09-04,M18,Robotic Arm,0.43,31.73,2.22,18.3,154.2,idle,364.66,16.5,0.5,0,none,0.0
2081-09-05,M18,Robotic Arm,0.98,47.02,5.75,46.0,363.3,normal,365.05,12.3,0.5,0,none,0.0
2081-09-06,M18,Robotic Arm,0.92,38.63,5.81,43.8,343.8,normal,365.13,14.3,0.5,0,none,0.0
2081-09-07,M18,Robotic Arm,1.63,38.63,8.25,43.8,343.8,peak,365.43,15.6,0.5,0,none,0.0
2081-09-08,M18,Robotic Arm,0.35,32.84,2.24,43.8,152.2,idle,365.81,14.3,0.5,0,none,0.0
2081-09-09,M18,Robotic Arm,0.86,47.71,5.42,38.0,365.9,normal,366.31,14.4,0.5,0,none,0.0
2081-09-10,M18,Robotic Arm,0.89,46.37,5.84,39.2,343.4,normal,366.68,16.7,0.5,0,none,0.0
2081-09-11,M18,Robotic Arm,1.26,45.21,5.5,46.8,345.9,normal,367.08,16.1,0.5,0,none,0.0
2081-09-12,M18,Robotic Arm,0.41,30.91,2.33,17.2,149.5,idle,367.35,11.1,0.5,0,none,0.0
2081-09-13,M18,Robotic Arm,0.97,42.03,5.62,46.1,359.5,normal,367.53,17.2,0.5,0,none,0.0
2081-09-14,M18,Robotic Arm,1.03,43.94,5.29,39.8,357.6,normal,367.75,12.7,0.5,0,none,0.0
2081-09-15,M18,Robotic Arm,0.41,31.71,2.45,14.9,157.0,idle,368.23,10.0,0.5,0,none,0.0
2081-09-16,M18,Robotic Arm,1.33,41.77,5.75,46.2,359.5,normal,368.28,13.2,0.5,0,none,0.0
2081-09-17,M18,Robotic Arm,1.09,43.88,5.94,40.9,364.0,normal,368.33,17.2,0.5,0,none,0.0
2081-09-18,M18,Robotic Arm,0.45,33.34,2.32,14.7,153.2,idle,368.45,16.4,0.5,0,none,0.0
2081-09-19,M18,Robotic Arm,0.91,41.0,5.47,42.8,349.4,normal,368.78,15.5,0.5,0,none,0.0
2081-09-20,M18,Robotic Arm,1.31,40.68,5.28,44.5,363.4,normal,369.06,14.2,0.5,0,none,0.0
2081-09-21,M18,Robotic Arm,0.39,32.24,2.38,15.2,154.0,idle,369.43,10.8,0.5,0,none,0.0
2081-09-22,M18,Robotic Arm,1.71,45.24,8.21,63.6,516.7,peak,369.61,11.9,0.5,0,none,0.0
2081-09-23,M18,Robotic Arm,0.37,29.17,2.55,18.1,146.9,idle,369.75,10.9,0.5,0,none,0.0
2081-09-24,M18,Robotic Arm,1.12,44.88,5.36,47.1,366.0,normal,369.91,13.7,0.5,0,none,0.0
2081-09-25,M18,Robotic Arm,1.18,45.11,5.32,40.5,363.2,normal,370.4,9.2,0.5,0,none,0.0
2081-09-26,M18,Robotic Arm,1.09,37.35,5.43,44.2,341.2,normal,370.48,8.7,0.5,0,none,0.0
2081-09-27,M18,Robotic Arm,1.09,37.35,5.91,46.9,346.4,normal,370.91,16.4,0.5,0,none,0.0
2081-09-28,M18,Robotic Arm,1.18,39.68,5.24,39.5,340.2,normal,371.33,16.6,0.5,0,none,0.0
2081-09-29,M18,Robotic Arm,1.39,43.45,5.31,45.3,358.4,normal,371.63,16.8,0.5,0,none,0.0
2081-09-30,M18,Robotic Arm,0.96,41.41,5.69,41.6,368.8,normal,371.96,13.4,0.5,0,none,0.0
2081-10-01,M18,Robotic Arm,0.9,36.64,5.89,40.5,343.9,normal,372.03,12.3,0.5,0,none,0.0
2081-10-02,M18,Robotic Arm,1.06,37.19,5.6,45.3,362.7,normal,372.45,12.1,0.5,0,none,0.0
2081-10-03,M18,Robotic Arm,1.02,43.97,5.97,38.1,359.4,normal,372.5,13.5,0.5,0,none,0.0
2081-10-04,M18,Robotic Arm,1.12,40.13,5.37,39.2,367.6,normal,372.61,10.4,0.5,0,none,0.0
2081-10-05,M18,Robotic Arm,0.35,31.29,2.28,14.9,150.3,idle,372.83,10.5,0.5,0,none,0.0
2081-10-06,M18,Robotic Arm,0.38,31.23,2.4,17.0,147.0,idle,373.16,9.7,0.5,0,none,0.0
2081-10-07,M18,Robotic Arm,0.37,30.27,2.23,19.0,146.5,idle,373.36,13.8,0.5,0,none,0.0
2081-10-08,M18,Robotic Arm,0.37,32.46,2.57,14.8,151.6,idle,373.81,12.5,0.5,0,none,0.0
2081-10-09,M18,Robotic Arm,0.38,31.36,2.57,17.5,145.6,idle,373.95,12.0,0.5,0,none,0.0
2081-10-10,M18,Robotic Arm,0.43,28.23,2.43,18.9,146.7,idle,374.33,16.2,0.5,0,none,0.0
2081-10-11,M18,Robotic Arm,0.42,29.47,2.28,14.3,150.5,idle,374.8,15.6,0.5,0,none,0.0
2081-10-12,M18,Robotic Arm,0.44,32.93,2.43,18.9,157.5,idle,374.93,10.8,0.5,0,none,0.0
2081-10-13,M18,Robotic Arm,0.41,30.17,2.55,16.1,147.6,idle,374.98,9.9,0.5,0,none,0.0
2081-10-14,M18,Robotic Arm,0.41,28.59,2.28,19.1,151.3,idle,375.28,8.8,0.5,0,none,0.0
2081-10-15,M18,Robotic Arm,1.12,42.0,5.59,40.2,367.5,normal,375.4,12.4,0.5,0,none,0.0
2081-10-16,M18,Robotic Arm,1.22,43.46,5.87,44.8,343.6,normal,375.66,15.1,0.5,0,none,0.0
2081-10-17,M18,Robotic Arm,0.38,30.62,2.47,18.2,153.3,idle,376.05,16.3,0.5,0,none,0.0
2081-10-18,M18,Robotic Arm,1.07,46.39,5.64,46.2,367.8,normal,376.26,9.2,0.5,0,none,0.0
2081-10-19,M18,Robotic Arm,0.39,30.04,2.35,14.5,150.3,idle,376.53,10.3,0.5,0,none,0.0
2081-10-20,M18,Robotic Arm,0.4,29.44,2.27,15.9,146.5,idle,376.9,8.7,0.5,0,none,0.0
2081-10-21,M18,Robotic Arm,0.4,32.45,2.44,15.7,157.9,idle,377.1,10.6,0.5,0,none,0.0
2081-10-22,M18,Robotic Arm,0.4,28.01,2.25,18.3,156.8,idle,377.4,11.7,0.5,0,none,0.0
2081-10-23,M18,Robotic Arm,0.43,30.27,2.55,19.3,157.3,idle,377.7,16.3,0.5,0,none,0.0
2081-10-24,M18,Robotic Arm,0.42,33.89,2.46,19.8,154.4,idle,378.11,12.2,0.5,0,none,0.0
2081-10-25,M18,Robotic Arm,0.37,29.28,2.37,18.3,147.1,idle,378.61,11.4,0.5,0,none,0.0
2081-10-26,M18,Robotic Arm,0.96,36.0,5.33,40.2,356.8,normal,379.0,15.9,0.5,0,none,0.0
2081-10-27,M18,Robotic Arm,0.39,28.66,2.26,17.1,147.0,idle,379.1,11.9,0.5,0,none,0.0
2081-10-28,M18,Robotic Arm,0.42,28.67,2.28,19.3,153.0,idle,379.2,10.2,0.5,0,none,0.0
2081-10-29,M18,Robotic Arm,1.39,36.98,5.26,38.8,368.1,normal,379.25,12.8,0.5,0,none,0.0
2081-10-30,M18,Robotic Arm,0.41,30.36,2.35,38.8,154.2,idle,379.31,12.8,0.5,0,none,0.0
2081-10-31,M18,Robotic Arm,0.39,32.83,2.34,38.8,157.8,idle,379.78,17.7,0.5,0,none,0.0
2081-11-01,M18,Robotic Arm,0.36,31.03,2.24,14.2,159.5,idle,380.25,14.1,0.5,0,none,0.0
2081-11-02,M18,Robotic Arm,0.41,34.84,2.54,19.9,159.0,idle,380.7,10.8,0.5,0,none,0.0
2081-11-03,M18,Robotic Arm,1.76,51.42,8.23,64.4,519.1,peak,380.83,13.6,0.5,0,none,0.0
2081-11-04,M18,Robotic Arm,0.44,31.38,2.55,17.1,153.5,idle,381.23,8.8,0.5,0,none,0.0
2081-11-05,M18,Robotic Arm,0.43,33.81,2.53,19.0,151.4,idle,381.41,16.8,0.5,0,none,0.0
2081-11-06,M18,Robotic Arm,1.14,33.81,5.57,47.6,364.5,normal,381.5,8.2,0.5,0,none,0.0
2081-11-07,M18,Robotic Arm,1.05,43.23,5.4,40.1,352.5,normal,381.7,8.1,0.5,0,none,0.0
2081-11-08,M18,Robotic Arm,0.94,42.21,5.54,39.4,361.0,normal,382.0,10.2,0.5,0,none,0.0
2081-11-09,M18,Robotic Arm,0.42,34.23,2.48,15.3,154.9,idle,382.41,8.1,0.5,0,none,0.0
2081-11-10,M18,Robotic Arm,1.39,46.08,5.55,45.0,340.5,normal,382.8,15.7,0.5,0,none,0.0
2081-11-11,M18,Robotic Arm,0.37,30.79,2.36,19.3,159.8,idle,382.83,16.8,0.5,0,none,0.0
2081-11-12,M18,Robotic Arm,1.1,40.07,5.31,40.3,344.2,normal,383.26,14.9,0.5,0,none,0.0
2081-11-13,M18,Robotic Arm,1.04,44.72,5.22,46.7,361.7,normal,383.66,8.4,0.5,0,none,0.0
2081-11-14,M18,Robotic Arm,1.05,41.83,5.29,45.8,363.4,normal,384.03,13.9,0.5,0,none,0.0
2081-11-15,M18,Robotic Arm,1.06,38.39,5.67,41.2,361.1,normal,384.48,11.3,0.5,0,none,0.0
2081-11-16,M18,Robotic Arm,0.42,34.85,2.34,14.3,158.3,idle,384.81,10.3,0.5,0,none,0.0
2081-11-17,M18,Robotic Arm,0.86,40.82,5.41,42.1,345.2,normal,384.9,13.0,0.5,0,none,0.0
2081-11-18,M18,Robotic Arm,0.42,31.93,2.36,18.0,146.2,idle,385.38,13.2,0.5,0,none,0.0
2081-11-19,M18,Robotic Arm,0.44,31.18,2.45,15.7,159.6,idle,385.68,11.3,0.5,0,none,0.0
2081-11-20,M18,Robotic Arm,0.4,29.3,2.26,15.7,156.6,idle,385.85,17.3,0.5,0,none,0.0
2081-11-21,M18,Robotic Arm,1.02,36.07,5.56,40.1,367.6,normal,385.93,12.9,0.5,0,none,0.0
2081-11-22,M18,Robotic Arm,0.39,30.21,2.38,14.2,153.0,idle,386.18,12.3,0.5,0,none,0.0
2081-11-23,M18,Robotic Arm,0.45,30.4,2.57,14.7,153.8,idle,386.23,13.3,0.5,0,none,0.0
2081-11-24,M18,Robotic Arm,0.94,46.43,5.78,46.8,360.8,normal,386.48,16.1,0.5,0,none,0.0
2081-11-25,M18,Robotic Arm,1.22,41.87,5.64,45.8,357.2,normal,386.8,9.2,0.5,0,none,0.0
2081-11-26,M18,Robotic Arm,1.09,44.2,5.97,47.1,349.8,normal,387.05,8.2,0.5,0,none,0.0
2081-11-27,M18,Robotic Arm,1.62,54.45,7.73,47.1,499.1,peak,387.36,16.3,0.5,0,none,0.0
2081-11-28,M18,Robotic Arm,0.39,31.83,2.21,15.2,157.0,idle,387.46,11.7,0.5,0,none,0.0
2081-11-29,M18,Robotic Arm,1.05,46.92,5.66,38.2,369.3,normal,387.81,8.6,0.5,0,none,0.0
2081-11-30,M18,Robotic Arm,0.38,30.58,2.56,19.3,155.3,idle,388.3,17.5,0.5,0,none,0.0
2081-12-01,M18,Robotic Arm,1.5,42.05,7.68,62.6,513.4,peak,388.48,8.8,0.5,0,none,0.0
2081-12-02,M18,Robotic Arm,1.57,43.02,7.93,64.3,501.0,peak,388.7,12.0,0.5,0,none,0.0
2081-12-03,M18,Robotic Arm,1.25,44.21,5.88,47.8,369.4,normal,389.15,11.4,0.5,0,none,0.0
2081-12-04,M18,Robotic Arm,1.15,39.34,5.83,45.0,363.5,normal,389.23,14.4,0.5,0,none,0.0
2081-12-05,M18,Robotic Arm,1.01,42.58,5.35,40.2,351.1,normal,389.3,15.8,0.5,0,none,0.0
2081-12-06,M18,Robotic Arm,1.24,38.96,5.46,46.0,367.4,normal,389.78,16.4,0.5,0,none,0.0
2081-12-07,M18,Robotic Arm,1.31,37.4,5.57,45.0,361.4,normal,390.06,13.1,0.5,0,none,0.0
2081-12-08,M18,Robotic Arm,1.07,40.47,5.57,44.8,342.2,normal,390.11,11.2,0.5,0,none,0.0
2081-12-09,M18,Robotic Arm,1.2,41.66,5.23,38.6,346.0,normal,390.51,17.0,0.5,0,none,0.0
2081-12-10,M18,Robotic Arm,1.05,44.89,5.45,45.6,354.9,normal,391.0,11.7,0.5,0,none,0.0
2081-12-11,M18,Robotic Arm,0.97,45.1,5.78,45.6,362.1,normal,391.38,17.5,0.5,0,none,0.0
2081-12-12,M18,Robotic Arm,1.22,39.88,5.7,39.5,357.6,normal,391.71,8.2,0.5,0,none,0.0
2081-12-13,M18,Robotic Arm,0.94,36.47,5.36,39.2,343.7,normal,391.85,15.8,0.5,0,none,0.0
2081-12-14,M18,Robotic Arm,0.44,34.29,2.49,18.7,150.4,idle,391.98,10.9,0.5,0,none,0.0
2081-12-15,M18,Robotic Arm,0.4,33.7,2.4,18.4,150.4,idle,392.1,13.6,0.5,0,none,0.0
2081-12-16,M18,Robotic Arm,0.38,33.93,2.33,16.9,146.6,idle,392.45,14.7,0.5,0,none,0.0
2081-12-17,M18,Robotic Arm,1.13,42.87,5.51,44.5,353.2,normal,392.78,12.6,0.5,0,none,0.0
2081-12-18,M18,Robotic Arm,0.39,30.96,2.54,18.4,151.8,idle,392.93,14.4,0.5,0,none,0.0
2081-12-19,M18,Robotic Arm,0.41,33.77,2.38,19.1,147.7,idle,393.28,12.6,0.5,0,none,0.0
2081-12-20,M18,Robotic Arm,1.18,39.68,5.28,46.9,354.7,normal,393.33,13.5,0.5,0,none,0.0
2081-12-21,M18,Robotic Arm,1.15,41.73,5.28,43.9,366.1,normal,393.51,14.3,0.5,0,none,0.0
2081-12-22,M18,Robotic Arm,0.44,32.34,2.35,17.1,155.5,idle,393.63,16.8,0.5,0,none,0.0
2081-12-23,M18,Robotic Arm,1.14,38.39,5.69,46.9,343.2,normal,393.68,13.2,0.5,0,none,0.0
2081-12-24,M18,Robotic Arm,0.36,34.83,2.52,16.5,145.4,idle,393.95,13.4,0.5,0,none,0.0
2081-12-25,M18,Robotic Arm,1.78,52.32,8.11,62.9,505.1,peak,394.33,8.4,0.5,0,none,0.0
2081-12-26,M18,Robotic Arm,1.22,46.76,5.53,43.3,363.4,normal,394.65,11.0,0.5,0,none,0.0
2081-12-27,M18,Robotic Arm,1.0,42.82,5.48,38.5,344.6,normal,394.91,16.2,0.5,0,none,0.0
2081-12-28,M18,Robotic Arm,0.91,42.14,5.3,43.4,362.0,normal,395.08,12.0,0.5,0,none,0.0
2081-12-29,M18,Robotic Arm,0.41,33.24,2.4,18.4,156.9,idle,395.48,15.4,0.5,0,none,0.0
2081-12-30,M18,Robotic Arm,0.99,46.13,5.95,45.3,369.1,normal,395.73,13.6,0.5,0,none,0.0
2081-12-31,M18,Robotic Arm,0.89,36.95,5.92,38.3,357.6,normal,395.85,15.8,0.5,0,none,0.0
2082-01-01,M18,Robotic Arm,0.38,31.19,2.35,15.1,153.8,idle,396.18,15.1,0.5,0,none,0.0
2082-01-02,M18,Robotic Arm,0.96,40.29,5.82,44.7,153.8,normal,396.31,9.7,0.5,0,none,0.0
2082-01-03,M18,Robotic Arm,0.4,29.32,2.38,16.8,148.0,idle,396.8,13.7,0.5,0,none,0.0
2082-01-04,M18,Robotic Arm,0.41,31.59,2.33,15.2,147.1,idle,397.28,9.8,0.5,0,none,0.0
2082-01-05,M18,Robotic Arm,0.44,34.57,2.53,17.6,159.4,idle,397.55,16.0,0.5,0,none,0.0
2082-01-06,M18,Robotic Arm,1.11,35.58,5.5,39.8,360.8,normal,398.0,12.3,0.5,0,none,0.0
2082-01-07,M18,Robotic Arm,0.38,31.29,2.57,20.0,153.0,idle,398.26,10.7,0.5,0,none,0.0
2082-01-08,M18,Robotic Arm,0.38,31.08,2.55,15.4,145.9,idle,398.6,11.6,0.5,0,none,0.0
2082-01-09,M18,Robotic Arm,0.43,31.71,2.56,18.1,145.5,idle,398.93,17.6,0.5,0,none,0.0
2082-01-10,M18,Robotic Arm,0.43,29.34,2.25,17.4,151.6,idle,399.08,14.7,0.5,0,none,0.0
2082-01-11,M18,Robotic Arm,0.38,32.12,2.5,17.0,156.8,idle,399.36,11.7,0.5,0,none,0.0
2082-01-12,M18,Robotic Arm,0.39,31.49,2.42,15.9,150.4,idle,399.81,17.0,0.5,0,none,0.0
2082-01-13,M18,Robotic Arm,0.4,34.18,2.42,14.7,156.0,idle,400.11,13.2,0.5,0,none,0.0
2082-01-14,M18,Robotic Arm,0.4,30.8,2.48,15.0,156.8,idle,400.15,13.6,0.5,0,none,0.0
2082-01-15,M18,Robotic Arm,0.42,29.3,2.54,15.2,155.2,idle,400.25,13.2,0.5,0,none,0.0
2082-01-16,M18,Robotic Arm,0.42,33.29,2.22,15.5,152.1,idle,400.73,16.9,0.5,0,none,0.0
2082-01-17,M18,Robotic Arm,1.24,43.0,5.96,43.6,349.1,normal,400.9,14.9,0.5,0,none,0.0
2082-01-18,M18,Robotic Arm,0.39,28.53,2.25,17.1,159.6,idle,401.18,11.0,0.5,0,none,0.0
2082-01-19,M18,Robotic Arm,0.37,33.44,2.35,14.2,147.5,idle,401.45,15.6,0.5,0,none,0.0
2082-01-20,M18,Robotic Arm,1.19,37.98,5.88,41.7,346.8,normal,401.78,12.3,0.5,0,none,0.0
2082-01-21,M18,Robotic Arm,1.28,37.07,5.96,40.4,364.5,normal,402.26,12.5,0.5,0,none,0.0
2082-01-22,M18,Robotic Arm,0.4,33.17,2.26,15.2,148.0,idle,402.61,17.4,0.5,0,none,0.0
2082-01-23,M18,Robotic Arm,0.36,33.17,2.54,18.5,149.6,idle,402.66,17.1,0.5,0,none,0.0
2082-01-24,M18,Robotic Arm,0.39,33.14,2.53,16.5,156.1,idle,402.76,14.9,0.5,0,none,0.0
2082-01-25,M18,Robotic Arm,1.16,47.9,5.75,45.4,365.3,normal,403.06,13.6,0.5,0,none,0.0
2082-01-26,M18,Robotic Arm,0.93,39.78,5.59,39.5,350.9,normal,403.18,13.8,0.5,0,none,0.0
2082-01-27,M18,Robotic Arm,0.93,38.26,5.59,39.4,343.4,normal,403.51,16.0,0.5,0,none,0.0
2082-01-28,M18,Robotic Arm,0.39,33.09,2.41,17.8,151.1,idle,403.55,17.4,0.5,0,none,0.0
2082-01-29,M18,Robotic Arm,0.41,31.39,2.36,14.1,157.7,idle,403.81,16.6,0.5,0,none,0.0
2082-01-30,M18,Robotic Arm,0.45,31.71,2.38,18.6,145.2,idle,404.01,16.9,0.5,0,none,0.0
2082-01-31,M18,Robotic Arm,0.36,29.94,2.23,14.3,159.1,idle,404.2,17.8,0.5,0,none,0.0
2082-02-01,M18,Robotic Arm,0.37,32.15,2.42,15.7,154.7,idle,404.38,8.4,0.5,0,none,0.0
2082-02-02,M18,Robotic Arm,0.38,31.2,2.35,19.5,159.0,idle,404.48,10.2,0.5,0,none,0.0
2082-02-03,M18,Robotic Arm,0.39,29.73,2.49,15.9,152.2,idle,404.58,17.0,0.5,0,none,0.0
2082-02-04,M18,Robotic Arm,1.15,47.83,5.51,42.1,342.1,normal,404.81,16.5,0.5,0,none,0.0
2082-02-05,M18,Robotic Arm,1.21,37.48,5.69,40.4,368.3,normal,405.28,13.9,0.5,0,none,0.0
2082-02-06,M18,Robotic Arm,0.89,47.09,5.64,47.4,354.8,normal,405.7,15.8,0.5,0,none,0.0
2082-02-07,M18,Robotic Arm,0.87,37.57,5.48,47.4,362.8,normal,406.11,13.0,0.5,0,none,0.0
2082-02-08,M18,Robotic Arm,1.18,40.72,5.56,44.5,361.6,normal,406.56,10.2,0.5,0,none,0.0
2082-02-09,M18,Robotic Arm,0.4,33.59,2.41,17.1,154.7,idle,406.96,16.5,0.5,0,none,0.0
2082-02-10,M18,Robotic Arm,1.29,42.76,5.94,46.8,363.1,normal,407.28,15.8,0.5,0,none,0.0
2082-02-11,M18,Robotic Arm,1.1,42.97,5.61,38.1,359.9,normal,407.41,12.6,0.5,0,none,0.0
2082-02-12,M18,Robotic Arm,0.44,31.63,2.27,16.8,145.1,idle,407.6,15.8,0.5,0,none,0.0
2082-02-13,M18,Robotic Arm,1.26,43.69,5.72,42.3,351.8,normal,407.96,8.4,0.5,0,none,0.0
2082-02-14,M18,Robotic Arm,0.38,34.41,2.35,17.3,151.9,idle,408.16,11.1,0.5,0,none,0.0
2082-02-15,M18,Robotic Arm,0.42,34.87,2.43,16.4,154.1,idle,408.2,15.9,0.5,0,none,0.0
2082-02-16,M18,Robotic Arm,1.51,34.87,7.67,60.4,495.2,peak,408.3,14.4,0.5,0,none,0.0
2082-02-17,M18,Robotic Arm,0.44,34.74,2.22,15.2,157.7,idle,408.68,13.4,0.5,0,none,0.0
2082-02-18,M18,Robotic Arm,1.1,43.22,2.22,43.3,348.0,normal,409.08,11.7,0.5,0,none,0.0
2082-02-19,M18,Robotic Arm,1.17,40.63,5.75,44.1,344.0,normal,409.4,17.6,0.5,0,none,0.0
2082-02-20,M18,Robotic Arm,0.95,35.3,5.49,40.7,342.5,normal,409.56,14.8,0.5,0,none,0.0
2082-02-21,M18,Robotic Arm,1.22,44.31,5.49,40.3,358.9,normal,410.01,14.6,0.5,0,none,0.0
2082-02-22,M18,Robotic Arm,1.06,35.13,5.97,45.2,358.9,normal,410.18,9.6,0.5,0,none,0.0
2082-02-23,M18,Robotic Arm,1.06,35.13,5.4,38.9,358.9,normal,410.31,13.4,0.5,0,none,0.0
2082-02-24,M18,Robotic Arm,1.06,42.06,5.64,44.9,367.3,normal,410.48,11.3,0.5,0,none,0.0
2082-02-25,M18,Robotic Arm,1.3,38.03,5.71,44.7,364.6,normal,410.66,17.6,0.5,0,none,0.0
2082-02-26,M18,Robotic Arm,1.77,42.76,7.59,56.0,507.7,peak,410.73,18.0,0.5,0,none,0.0
2082-02-27,M18,Robotic Arm,0.44,32.07,2.43,19.0,159.9,idle,411.15,12.9,0.5,0,none,0.0
2082-02-28,M18,Robotic Arm,1.37,42.89,6.0,45.2,361.0,normal,411.25,16.1,0.5,0,none,0.0
2082-03-01,M18,Robotic Arm,0.9,38.86,5.67,45.0,346.1,normal,411.56,16.0,0.5,0,none,0.0
2082-03-02,M18,Robotic Arm,3.81,53.38,8.35,60.4,493.6,peak,411.61,12.1,0.5,0,none,0.0
2082-03-03,M18,Robotic Arm,1.31,44.65,5.23,43.0,364.7,normal,412.06,9.5,0.5,0,none,0.0
2082-03-04,M18,Robotic Arm,1.16,38.49,5.21,40.3,358.4,normal,412.28,8.7,0.5,0,none,0.0
2082-03-05,M18,Robotic Arm,0.99,35.15,5.26,41.8,353.9,normal,412.66,9.0,0.5,0,none,0.0
2082-03-06,M18,Robotic Arm,1.27,42.04,5.82,39.5,350.5,normal,413.11,15.0,0.5,0,none,0.0
2082-03-07,M18,Robotic Arm,0.4,28.11,2.58,39.5,155.0,idle,413.2,9.1,0.5,0,none,0.0
2082-03-08,M18,Robotic Arm,0.97,36.79,5.91,40.9,351.3,normal,413.6,12.6,0.5,0,none,0.0
2082-03-09,M18,Robotic Arm,0.39,29.49,2.49,17.4,158.3,idle,413.71,8.2,0.5,0,none,0.0
2082-03-10,M18,Robotic Arm,0.97,39.41,5.6,42.7,369.4,normal,414.18,14.5,0.5,0,none,0.0
2082-03-11,M18,Robotic Arm,1.18,40.33,5.43,43.8,369.4,normal,414.6,15.3,0.5,0,none,0.0
2082-03-12,M18,Robotic Arm,1.13,47.27,5.6,40.3,344.7,normal,414.66,10.7,0.5,0,none,0.0
2082-03-13,M18,Robotic Arm,0.44,34.98,2.44,18.4,151.3,idle,414.78,9.6,0.5,0,none,0.0
2082-03-14,M18,Robotic Arm,1.32,39.51,5.22,38.4,364.8,normal,415.01,15.8,0.5,0,none,0.0
2082-03-15,M18,Robotic Arm,0.39,34.77,2.37,19.7,152.1,idle,415.08,17.2,0.5,0,none,0.0
2082-03-16,M18,Robotic Arm,1.25,38.81,5.64,41.3,360.3,normal,415.18,10.1,0.5,0,none,0.0
2082-03-17,M18,Robotic Arm,0.98,39.65,5.71,41.0,348.4,normal,415.51,17.0,0.5,0,none,0.0
2082-03-18,M18,Robotic Arm,1.06,43.08,5.47,42.4,340.6,normal,415.7,11.4,0.5,0,none,0.0
2082-03-19,M18,Robotic Arm,0.42,33.68,5.47,17.3,151.4,idle,415.95,15.0,0.5,0,none,0.0
2082-03-20,M18,Robotic Arm,0.95,43.53,5.66,42.3,358.4,normal,416.13,13.7,0.5,0,none,0.0
2082-03-21,M18,Robotic Arm,0.45,28.95,2.59,17.4,157.5,idle,416.36,15.1,0.5,0,none,0.0
2082-03-22,M18,Robotic Arm,1.4,47.07,5.52,42.6,358.2,normal,416.65,10.8,0.5,0,none,0.0
2082-03-23,M18,Robotic Arm,1.2,37.97,5.52,46.3,343.9,normal,417.08,15.8,0.5,0,none,0.0
2082-03-24,M18,Robotic Arm,1.4,47.95,5.48,46.5,347.8,normal,417.53,10.1,0.5,0,none,0.0
2082-03-25,M18,Robotic Arm,0.37,33.98,2.42,14.4,157.5,idle,417.83,13.7,0.5,0,none,0.0
2082-03-26,M18,Robotic Arm,1.06,37.2,5.62,42.7,364.1,normal,417.88,8.5,0.5,0,none,0.0
2082-03-27,M18,Robotic Arm,1.06,37.2,5.62,42.7,341.3,normal,418.05,8.2,0.5,0,none,0.0
2082-03-28,M18,Robotic Arm,1.03,43.69,5.21,40.5,344.5,normal,418.31,10.9,0.5,0,none,0.0
2082-03-29,M18,Robotic Arm,1.1,44.7,5.64,44.1,368.4,normal,418.53,13.8,0.5,0,none,0.0
2082-03-30,M18,Robotic Arm,0.4,33.7,2.34,17.7,156.5,idle,418.6,14.8,0.5,0,none,0.0
2082-03-31,M18,Robotic Arm,1.3,37.89,5.4,41.8,347.5,normal,418.73,9.5,0.5,0,none,0.0
2082-04-01,M18,Robotic Arm,1.15,45.49,5.32,42.1,361.8,normal,419.1,9.4,0.5,0,none,0.0
2082-04-02,M18,Robotic Arm,1.24,38.1,5.73,47.7,358.8,normal,419.16,8.2,0.5,0,none,0.0
2082-04-03,M18,Robotic Arm,1.03,41.69,5.47,43.3,365.2,normal,419.53,8.8,0.5,0,none,0.0
2082-04-04,M18,Robotic Arm,1.54,47.37,8.13,59.6,511.3,peak,419.68,14.6,0.5,0,none,0.0
2082-04-05,M18,Robotic Arm,0.94,46.37,5.98,41.6,343.4,normal,420.15,9.3,0.5,0,none,0.0
2082-04-06,M18,Robotic Arm,1.39,39.56,5.59,40.4,341.7,normal,420.48,8.6,0.5,0,none,0.0
2082-04-07,M18,Robotic Arm,0.36,39.56,2.6,18.8,151.3,idle,420.78,16.5,0.5,0,none,0.0
2082-04-08,M18,Robotic Arm,0.38,29.01,2.39,19.4,159.9,idle,420.96,9.1,0.5,0,none,0.0
2082-04-09,M18,Robotic Arm,0.44,28.46,2.26,14.8,147.4,idle,421.38,10.6,0.5,0,none,0.0
2082-04-10,M18,Robotic Arm,0.36,28.67,2.34,14.8,147.2,idle,421.56,12.2,0.5,0,none,0.0
2082-04-11,M18,Robotic Arm,0.4,29.42,2.2,18.2,149.9,idle,422.06,14.7,0.5,0,none,0.0
2082-04-12,M18,Robotic Arm,0.42,34.25,2.57,15.1,155.1,idle,422.16,9.3,0.5,0,none,0.0
2082-04-13,M18,Robotic Arm,0.36,31.24,2.37,15.2,156.6,idle,422.56,16.1,0.5,0,none,0.0
2082-04-14,M18,Robotic Arm,0.44,29.81,2.3,15.2,155.3,idle,422.65,16.8,0.5,0,none,0.0
2082-04-15,M18,Robotic Arm,0.36,28.45,2.27,17.3,148.8,idle,422.7,10.8,0.5,0,none,0.0
2082-04-16,M18,Robotic Arm,0.36,40.14,5.58,38.6,361.2,normal,423.0,15.1,0.5,0,none,0.0
2082-04-17,M18,Robotic Arm,0.43,40.14,2.49,15.4,157.0,idle,423.21,10.6,0.5,0,none,0.0
2082-04-18,M18,Robotic Arm,0.4,30.78,2.49,17.7,153.0,idle,423.38,10.8,0.5,0,none,0.0
2082-04-19,M18,Robotic Arm,0.4,46.04,5.55,42.5,346.0,normal,423.85,15.1,0.5,0,none,0.0
2082-04-20,M18,Robotic Arm,0.44,31.88,2.39,19.9,150.5,idle,424.06,12.1,0.5,0,none,0.0
2082-04-21,M18,Robotic Arm,0.35,29.61,2.5,14.9,147.3,idle,424.3,12.8,0.5,0,none,0.0
2082-04-22,M18,Robotic Arm,0.4,31.17,2.38,15.3,147.5,idle,424.76,16.4,0.5,0,none,0.0
2082-04-23,M18,Robotic Arm,0.4,31.17,2.38,15.3,158.2,idle,424.86,8.4,0.5,0,none,0.0
2082-04-24,M18,Robotic Arm,0.4,32.09,2.44,19.1,145.8,idle,425.0,17.3,0.5,0,none,0.0
2082-04-25,M18,Robotic Arm,0.38,34.76,2.43,16.5,149.8,idle,425.28,13.8,0.5,0,none,0.0
2082-04-26,M18,Robotic Arm,0.36,29.31,2.51,15.5,148.3,idle,425.68,10.7,0.5,0,none,0.0
2082-04-27,M18,Robotic Arm,0.38,33.29,2.37,15.5,152.7,idle,425.95,12.0,0.5,0,none,0.0
2082-04-28,M18,Robotic Arm,0.38,31.21,2.55,15.2,150.1,idle,426.16,11.8,0.5,0,none,0.0
2082-04-29,M18,Robotic Arm,0.44,33.41,2.31,14.6,159.0,idle,426.41,12.0,0.5,0,none,0.0
2082-04-30,M18,Robotic Arm,0.36,30.55,2.33,14.7,146.5,idle,426.68,17.6,0.5,0,none,0.0
2082-05-01,M18,Robotic Arm,0.38,30.58,2.59,17.2,158.6,idle,427.08,11.0,0.5,0,none,0.0
2082-05-02,M18,Robotic Arm,0.36,29.67,2.27,16.2,158.8,idle,427.38,17.2,0.5,0,none,0.0
2082-05-03,M18,Robotic Arm,1.01,29.67,2.27,43.0,355.8,normal,427.81,15.3,0.5,0,none,0.0
2082-05-04,M18,Robotic Arm,1.15,38.64,5.53,46.5,352.0,normal,427.98,10.1,0.5,0,none,0.0
2082-05-05,M18,Robotic Arm,0.39,28.81,2.39,14.5,149.0,idle,428.16,9.6,0.5,0,none,0.0
2082-05-06,M18,Robotic Arm,1.39,46.76,5.7,45.1,347.1,normal,428.41,10.6,0.5,0,none,0.0
2082-05-07,M18,Robotic Arm,0.36,31.86,5.7,19.0,153.8,idle,428.63,9.4,0.5,0,none,0.0
2082-05-08,M18,Robotic Arm,1.39,38.22,5.81,40.8,369.2,normal,429.01,18.0,0.5,0,none,0.0
2082-05-09,M18,Robotic Arm,1.0,39.75,5.58,41.2,348.3,normal,429.41,9.2,0.5,0,none,0.0
2082-05-10,M18,Robotic Arm,1.11,45.61,5.82,42.4,349.4,normal,429.65,8.2,0.5,0,none,0.0
2082-05-11,M18,Robotic Arm,0.92,46.31,5.91,38.7,362.5,normal,429.98,11.2,0.5,0,none,0.0
2082-05-12,M18,Robotic Arm,1.34,44.57,5.47,42.3,349.0,normal,430.33,8.5,0.5,0,none,0.0
2082-05-13,M18,Robotic Arm,1.15,46.57,5.74,42.6,365.8,normal,430.8,15.6,0.5,0,none,0.0
2082-05-14,M18,Robotic Arm,0.85,38.57,5.55,43.9,369.9,normal,431.11,11.7,0.5,0,none,0.0
2082-05-15,M18,Robotic Arm,1.2,39.96,5.78,47.8,358.3,normal,431.55,13.8,0.5,0,none,0.0
2082-05-16,M18,Robotic Arm,1.04,43.87,5.57,43.4,368.7,normal,431.75,8.9,0.5,0,none,0.0
2082-05-17,M18,Robotic Arm,1.09,39.08,5.71,43.7,351.9,normal,431.9,11.5,0.5,0,none,0.0
2082-05-18,M18,Robotic Arm,1.09,41.83,5.33,40.7,365.5,normal,432.25,15.5,0.5,0,none,0.0
2082-05-19,M18,Robotic Arm,1.35,40.11,5.87,39.0,346.5,normal,432.3,17.9,0.5,0,none,0.0
2082-05-20,M18,Robotic Arm,0.41,32.75,2.3,19.6,154.3,idle,432.43,8.9,0.5,0,none,0.0
2082-05-21,M18,Robotic Arm,1.36,36.38,5.67,41.4,154.3,normal,432.75,11.6,0.5,0,none,0.0
2082-05-22,M18,Robotic Arm,0.86,44.97,5.33,46.9,353.9,normal,433.25,8.6,0.5,0,none,0.0
2082-05-23,M18,Robotic Arm,1.55,52.63,8.0,55.6,481.3,peak,433.38,10.7,0.5,0,none,0.0
2082-05-24,M18,Robotic Arm,0.99,44.28,8.0,43.3,344.1,normal,433.6,17.1,0.5,0,none,0.0
2082-05-25,M18,Robotic Arm,1.25,39.7,5.47,43.8,363.0,normal,433.76,15.3,0.5,0,none,0.0
2082-05-26,M18,Robotic Arm,0.35,28.34,2.24,19.1,157.8,idle,434.11,9.8,0.5,0,none,0.0
2082-05-27,M18,Robotic Arm,1.2,35.6,5.8,46.7,367.5,normal,434.53,16.2,0.5,0,none,0.0
2082-05-28,M18,Robotic Arm,0.43,31.14,2.38,17.0,152.1,idle,434.91,11.3,0.5,0,none,0.0
2082-05-29,M18,Robotic Arm,1.13,36.06,5.85,38.0,340.9,normal,435.11,9.9,0.5,0,none,0.0
2082-05-30,M18,Robotic Arm,0.86,46.7,6.0,41.0,343.8,normal,435.56,15.9,0.5,0,none,0.0
2082-05-31,M18,Robotic Arm,0.35,34.31,2.34,16.9,150.6,idle,435.96,11.6,0.5,0,none,0.0
2082-06-01,M18,Robotic Arm,1.35,45.82,5.92,42.3,346.5,normal,436.3,14.1,0.5,0,none,0.0
2082-06-02,M18,Robotic Arm,1.18,37.75,5.46,47.5,366.1,normal,436.71,15.8,0.5,0,none,0.0
2082-06-03,M18,Robotic Arm,1.09,39.17,5.66,45.6,345.8,normal,436.88,14.9,0.5,0,none,0.0
2082-06-04,M18,Robotic Arm,1.35,37.44,5.69,45.6,349.9,normal,436.96,11.4,0.5,0,none,0.0
2082-06-05,M18,Robotic Arm,1.16,46.44,5.46,46.9,341.9,normal,437.41,16.1,0.5,0,none,0.0
2082-06-06,M18,Robotic Arm,1.14,38.81,5.94,38.5,340.6,normal,437.5,9.1,0.5,0,none,0.0
2082-06-07,M18,Robotic Arm,0.43,33.18,2.26,19.6,158.1,idle,437.78,10.0,0.5,0,none,0.0
2082-06-08,M18,Robotic Arm,0.98,43.9,5.54,43.6,363.7,normal,438.1,10.5,0.5,0,none,0.0
2082-06-09,M18,Robotic Arm,1.2,36.22,5.68,39.9,353.4,normal,438.5,13.4,0.5,0,none,0.0
2082-06-10,M18,Robotic Arm,1.07,36.09,5.28,45.9,357.3,normal,438.73,10.9,0.5,0,none,0.0
2082-06-11,M18,Robotic Arm,0.45,34.66,2.28,19.1,149.9,idle,439.2,14.2,0.5,0,none,0.0
2082-06-12,M18,Robotic Arm,0.94,40.87,5.43,43.1,359.4,normal,439.48,16.2,0.5,0,none,0.0
2082-06-13,M18,Robotic Arm,1.02,42.07,5.7,44.2,367.7,normal,439.85,8.7,0.5,0,none,0.0
2082-06-14,M18,Robotic Arm,0.41,30.33,2.24,16.9,153.6,idle,440.31,13.5,0.5,0,none,0.0
2082-06-15,M18,Robotic Arm,1.16,42.15,5.5,47.6,358.4,normal,440.8,16.6,0.5,0,none,0.0
2082-06-16,M18,Robotic Arm,0.97,35.08,5.66,45.5,343.3,normal,441.28,17.9,0.5,0,none,0.0
2082-06-17,M18,Robotic Arm,1.11,47.64,5.6,46.5,344.2,normal,441.6,9.8,0.5,0,none,0.0
2082-06-18,M18,Robotic Arm,1.1,39.59,5.22,43.2,352.0,normal,441.68,10.3,0.5,0,none,0.0
2082-06-19,M18,Robotic Arm,1.19,42.1,5.56,39.0,353.3,normal,441.71,11.7,0.5,0,none,0.0
2082-06-20,M18,Robotic Arm,0.45,29.92,2.35,19.1,152.8,idle,442.03,16.9,0.5,0,none,0.0
2082-06-21,M18,Robotic Arm,0.85,42.01,5.9,44.9,362.7,normal,442.25,10.0,0.5,0,none,0.0
2082-06-22,M18,Robotic Arm,0.87,37.33,5.67,39.5,362.6,normal,442.45,14.0,0.5,0,none,0.0
2082-06-23,M18,Robotic Arm,0.97,39.13,5.23,42.3,347.7,normal,442.71,10.0,0.5,0,none,0.0
2082-06-24,M18,Robotic Arm,0.87,39.13,5.51,41.4,347.7,normal,442.8,10.0,0.5,0,none,0.0
2082-06-25,M18,Robotic Arm,0.38,30.91,2.36,17.6,158.5,idle,443.28,8.7,0.5,0,none,0.0
2082-06-26,M18,Robotic Arm,0.42,33.87,2.27,19.0,155.5,idle,443.7,9.8,0.5,0,none,0.0
2082-06-27,M18,Robotic Arm,1.01,46.64,5.73,42.7,361.1,normal,443.83,14.7,0.5,0,none,0.0
2082-06-28,M18,Robotic Arm,0.35,30.26,2.51,19.1,157.0,idle,444.06,9.3,0.5,0,none,0.0
2082-06-29,M18,Robotic Arm,1.25,41.47,5.35,39.1,367.7,normal,444.41,10.0,0.5,0,none,0.0
2082-06-30,M18,Robotic Arm,0.37,29.72,2.49,18.5,151.1,idle,444.81,17.7,0.5,0,none,0.0
2082-07-01,M18,Robotic Arm,0.36,31.39,2.53,19.3,154.8,idle,444.88,13.9,0.5,0,none,0.0
2082-07-02,M18,Robotic Arm,0.42,28.17,2.29,18.5,153.0,idle,445.36,15.6,0.5,0,none,0.0
2082-07-03,M18,Robotic Arm,0.41,33.67,2.47,16.5,159.6,idle,445.4,17.5,0.5,0,none,0.0
2082-07-04,M18,Robotic Arm,0.37,30.38,2.47,15.4,150.7,idle,445.65,15.0,0.5,0,none,0.0
2082-07-05,M18,Robotic Arm,0.42,30.37,2.22,17.4,156.6,idle,445.68,17.9,0.5,0,none,0.0
2082-07-06,M18,Robotic Arm,0.42,32.35,2.51,15.2,156.0,idle,445.85,10.8,0.5,0,none,0.0
2082-07-07,M18,Robotic Arm,0.35,33.18,2.22,18.6,158.3,idle,446.11,14.2,0.5,0,none,0.0
2082-07-08,M18,Robotic Arm,0.35,39.53,5.98,43.2,351.4,normal,446.36,8.3,0.5,0,none,0.0
2082-07-09,M18,Robotic Arm,0.41,30.13,2.27,15.0,147.5,idle,446.55,17.2,0.5,0,none,0.0
2082-07-10,M18,Robotic Arm,0.37,34.21,2.36,14.0,149.6,idle,447.03,11.7,0.5,0,none,0.0
2082-07-11,M18,Robotic Arm,1.4,44.57,5.6,39.3,353.7,normal,447.16,10.4,0.5,0,none,0.0
2082-07-12,M18,Robotic Arm,1.2,46.94,5.59,43.5,357.0,normal,447.41,10.8,0.5,0,none,0.0
2082-07-13,M18,Robotic Arm,0.45,30.37,2.54,16.6,156.1,idle,447.9,9.1,0.5,0,none,0.0
2082-07-14,M18,Robotic Arm,0.4,31.88,2.33,16.5,152.9,idle,447.93,12.5,0.5,0,none,0.0
2082-07-15,M18,Robotic Arm,0.41,30.59,2.53,18.3,151.8,idle,448.15,13.4,0.5,0,none,0.0
2082-07-16,M18,Robotic Arm,1.25,35.09,5.67,43.2,355.4,normal,448.35,10.6,0.5,0,none,0.0
2082-07-17,M18,Robotic Arm,1.25,33.62,2.22,14.9,145.1,idle,448.76,12.3,0.5,0,none,0.0
2082-07-18,M18,Robotic Arm,0.98,47.71,5.5,43.8,369.7,normal,449.18,17.1,0.5,0,none,0.0
2082-07-19,M18,Robotic Arm,0.41,29.2,2.52,17.3,159.9,idle,449.63,9.4,0.5,0,none,0.0
2082-07-20,M18,Robotic Arm,1.27,47.93,5.91,39.8,362.4,normal,450.13,11.4,0.5,0,none,0.0
2082-07-21,M18,Robotic Arm,0.4,28.91,2.43,14.6,156.4,idle,450.43,8.0,0.5,0,none,0.0
2082-07-22,M18,Robotic Arm,0.39,33.66,2.47,19.3,147.8,idle,450.63,16.1,0.5,0,none,0.0
2082-07-23,M18,Robotic Arm,0.41,34.05,2.29,18.7,149.3,idle,450.68,14.0,0.5,0,none,0.0
2082-07-24,M18,Robotic Arm,1.3,41.7,5.73,41.7,364.8,normal,450.96,13.7,0.5,0,none,0.0
2082-07-25,M18,Robotic Arm,0.36,29.35,2.24,19.7,152.0,idle,451.35,11.1,0.5,0,none,0.0
2082-07-26,M18,Robotic Arm,0.4,30.11,2.39,15.4,159.3,idle,451.8,12.3,0.5,0,none,0.0
2082-07-27,M18,Robotic Arm,0.38,34.48,2.4,16.6,157.1,idle,452.06,17.1,0.5,0,none,0.0
2082-07-28,M18,Robotic Arm,0.4,29.87,2.37,16.6,149.4,idle,452.2,15.4,0.5,0,none,0.0
2082-07-29,M18,Robotic Arm,0.39,28.84,2.58,17.8,147.9,idle,452.61,13.2,0.5,0,none,0.0
2082-07-30,M18,Robotic Arm,1.28,38.46,5.68,47.1,363.0,normal,452.76,13.8,0.5,0,none,0.0
2082-07-31,M18,Robotic Arm,0.92,42.1,5.77,40.0,343.0,normal,452.96,8.2,0.5,0,none,0.0
2082-08-01,M18,Robotic Arm,0.92,47.52,5.88,46.6,347.4,normal,453.35,8.8,0.5,0,none,0.0
2082-08-02,M18,Robotic Arm,0.41,31.41,2.53,16.5,153.1,idle,453.48,11.6,0.5,0,none,0.0
2082-08-03,M18,Robotic Arm,0.41,30.6,2.21,17.0,152.4,idle,453.95,9.9,0.5,0,none,0.0
2082-08-04,M18,Robotic Arm,0.41,41.32,2.21,39.3,344.3,normal,454.3,10.6,0.5,0,none,0.0
2082-08-05,M18,Robotic Arm,1.37,37.47,5.45,41.0,359.7,normal,454.8,9.7,0.5,0,none,0.0
2082-08-06,M18,Robotic Arm,0.41,34.39,2.36,18.7,150.7,idle,455.26,9.5,0.5,0,none,0.0
2082-08-07,M18,Robotic Arm,0.98,46.59,5.59,41.9,367.2,normal,455.71,13.1,0.5,0,none,0.0
2082-08-08,M18,Robotic Arm,1.37,40.87,5.22,38.3,358.3,normal,456.15,12.2,0.5,0,none,0.0
2082-08-09,M18,Robotic Arm,1.32,46.38,5.92,46.1,366.2,normal,456.56,16.1,0.5,0,none,0.0
2082-08-10,M18,Robotic Arm,1.31,45.92,5.46,41.9,349.5,normal,456.6,9.8,0.5,0,none,0.0
2082-08-11,M18,Robotic Arm,0.94,39.32,5.93,47.7,344.5,normal,456.98,11.1,0.5,0,none,0.0
2082-08-12,M18,Robotic Arm,1.7,54.57,7.71,63.4,491.9,peak,457.25,11.8,0.5,0,none,0.0
2082-08-13,M18,Robotic Arm,1.7,46.99,5.26,42.5,355.1,normal,457.56,10.4,47.74,0,none,0.0
2082-08-14,M18,Robotic Arm,1.37,42.63,5.97,41.2,354.6,normal,457.85,17.3,47.46,0,none,0.0
2082-08-15,M18,Robotic Arm,0.36,35.2,2.3,19.6,150.9,idle,458.2,15.9,47.11,0,none,0.0
2082-08-16,M18,Robotic Arm,0.38,31.27,2.34,19.7,156.4,idle,458.36,10.8,46.94,0,none,0.0
2082-08-17,M18,Robotic Arm,0.99,42.38,5.77,43.8,367.1,normal,458.46,11.3,46.84,0,none,0.0
2082-08-18,M18,Robotic Arm,0.94,35.91,5.72,45.5,363.8,normal,458.51,13.2,46.79,0,none,0.0
2082-08-19,M18,Robotic Arm,0.39,29.75,2.55,16.0,363.8,idle,458.65,10.5,46.66,0,none,0.0
2082-08-20,M18,Robotic Arm,0.98,45.97,6.01,47.7,354.9,normal,459.1,16.3,46.21,0,none,0.0
2082-08-21,M18,Robotic Arm,1.05,37.53,5.45,44.2,352.3,normal,459.55,8.3,45.76,0,none,0.0
2082-08-22,M18,Robotic Arm,1.2,41.99,5.89,46.3,339.5,normal,459.95,12.2,45.36,0,none,0.0
2082-08-23,M18,Robotic Arm,0.48,31.64,2.33,20.0,146.4,idle,460.26,10.3,45.04,0,none,0.0
2082-08-24,M18,Robotic Arm,1.13,47.74,5.65,47.3,346.2,normal,460.35,13.9,44.96,0,none,0.0
2082-08-25,M18,Robotic Arm,1.79,43.71,8.06,55.0,491.0,peak,460.63,15.5,44.68,0,none,0.0
2082-08-26,M18,Robotic Arm,0.47,34.23,8.06,14.1,146.4,idle,461.01,10.8,44.29,0,none,0.0
2082-08-27,M18,Robotic Arm,1.11,36.51,5.46,43.2,342.3,normal,461.46,11.6,43.84,0,none,0.0
2082-08-28,M18,Robotic Arm,0.5,29.84,2.56,16.7,153.5,idle,461.86,16.1,43.44,0,none,0.0
2082-08-29,M18,Robotic Arm,1.3,42.14,5.86,40.3,352.7,normal,462.35,9.2,42.96,0,none,0.0
2082-08-30,M18,Robotic Arm,0.5,30.78,2.29,17.6,158.6,idle,462.71,13.4,42.59,0,none,0.0
2082-08-31,M18,Robotic Arm,0.46,35.48,2.45,15.4,151.4,idle,463.01,11.9,42.29,0,none,0.0
2082-09-01,M18,Robotic Arm,1.3,40.17,5.62,41.9,363.5,normal,463.35,14.0,41.96,0,none,0.0
2082-09-02,M18,Robotic Arm,0.46,36.48,2.27,14.8,144.4,idle,463.7,17.3,41.61,0,none,0.0
2082-09-03,M18,Robotic Arm,0.46,30.89,2.5,18.7,151.3,idle,463.78,9.8,41.53,0,none,0.0
2082-09-04,M18,Robotic Arm,1.09,48.03,5.51,38.9,360.4,normal,464.15,11.2,41.16,0,none,0.0
2082-09-05,M18,Robotic Arm,1.06,45.22,5.7,42.3,361.5,normal,464.33,17.9,40.98,0,none,0.0
2082-09-06,M18,Robotic Arm,1.08,46.87,5.93,46.9,354.7,normal,464.43,9.2,40.88,0,none,0.0
2082-09-07,M18,Robotic Arm,0.46,30.69,2.45,18.3,144.5,idle,464.85,14.0,40.46,0,none,0.0
2082-09-08,M18,Robotic Arm,1.23,47.49,5.56,41.8,359.4,normal,465.21,15.5,40.09,0,none,0.0
2082-09-09,M18,Robotic Arm,1.36,47.55,5.6,47.6,339.9,normal,465.38,15.2,39.93,0,none,0.0
2082-09-10,M18,Robotic Arm,1.59,38.56,6.08,39.4,354.5,normal,465.61,14.8,39.69,0,none,0.0
2082-09-11,M18,Robotic Arm,1.31,45.54,5.43,46.8,358.2,normal,465.9,9.0,39.41,0,none,0.0
2082-09-12,M18,Robotic Arm,1.33,43.9,5.91,44.2,355.9,normal,466.21,10.8,39.09,0,none,0.0
2082-09-13,M18,Robotic Arm,1.21,48.15,5.78,46.0,364.4,normal,466.4,15.7,38.91,0,none,0.0
2082-09-14,M18,Robotic Arm,1.18,42.61,5.78,39.4,364.4,normal,466.85,15.8,38.46,0,none,0.0
2082-09-15,M18,Robotic Arm,1.14,46.85,5.82,38.3,345.6,normal,466.88,17.7,38.43,0,none,0.0
2082-09-16,M18,Robotic Arm,0.51,33.41,2.3,15.7,144.8,idle,466.95,15.9,38.36,0,none,0.0
2082-09-17,M18,Robotic Arm,1.11,42.63,5.73,47.1,340.4,normal,467.03,9.4,38.28,0,none,0.0
2082-09-18,M18,Robotic Arm,0.55,32.97,2.5,16.6,150.7,idle,467.33,9.3,37.98,0,none,0.0
2082-09-19,M18,Robotic Arm,1.68,38.49,5.7,41.4,339.1,normal,467.71,14.9,37.59,0,none,0.0
2082-09-20,M18,Robotic Arm,1.15,47.73,6.18,41.1,355.5,normal,468.13,12.4,37.18,0,none,0.0
2082-09-21,M18,Robotic Arm,1.88,40.55,5.67,46.2,336.2,normal,468.21,13.1,37.09,0,none,0.0
2082-09-22,M18,Robotic Arm,1.58,44.63,6.04,43.3,351.4,normal,468.25,11.3,37.06,0,none,0.0
2082-09-23,M18,Robotic Arm,2.3,52.59,8.88,62.0,506.4,peak,468.31,17.3,36.99,0,none,0.0
2082-09-24,M18,Robotic Arm,1.47,51.04,5.83,41.5,363.8,normal,468.8,13.7,36.51,0,none,0.0
2082-09-25,M18,Robotic Arm,1.47,34.18,2.54,19.1,148.1,idle,468.88,14.4,36.43,0,none,0.0
2082-09-26,M18,Robotic Arm,1.8,40.86,5.61,42.5,343.6,normal,469.26,17.0,36.04,0,none,0.0
2082-09-27,M18,Robotic Arm,1.55,39.03,5.7,47.5,361.7,normal,469.7,17.1,35.61,0,none,0.0
2082-09-28,M18,Robotic Arm,1.55,37.64,2.51,18.9,147.2,idle,470.15,11.7,35.16,0,none,0.0
2082-09-29,M18,Robotic Arm,0.58,38.99,2.46,19.3,156.0,idle,470.4,15.4,34.91,0,none,0.0
2082-09-30,M18,Robotic Arm,0.52,33.86,2.37,15.7,150.7,idle,470.63,16.5,34.68,0,none,0.0
2082-10-01,M18,Robotic Arm,0.63,34.99,2.75,16.4,151.7,idle,470.76,12.7,34.54,0,none,0.0
2082-10-02,M18,Robotic Arm,0.64,36.47,2.48,17.1,151.0,idle,470.95,15.1,34.36,0,none,0.0
2082-10-03,M18,Robotic Arm,1.3,44.56,5.94,45.8,335.3,normal,471.08,15.6,34.23,0,none,0.0
2082-10-04,M18,Robotic Arm,0.62,34.31,2.64,18.6,155.6,idle,471.45,11.6,33.86,0,none,0.0
2082-10-05,M18,Robotic Arm,0.65,38.79,2.6,18.4,153.2,idle,471.68,9.9,33.63,0,none,0.0
2082-10-06,M18,Robotic Arm,1.65,49.61,5.9,46.2,356.7,normal,472.1,8.1,33.21,0,none,0.0
2082-10-07,M18,Robotic Arm,1.64,46.35,6.07,41.3,351.1,normal,472.25,17.8,33.06,0,none,0.0
2082-10-08,M18,Robotic Arm,0.65,34.94,2.64,14.2,144.6,idle,472.55,10.4,32.76,0,none,0.0
2082-10-09,M18,Robotic Arm,2.0,51.64,6.03,44.0,346.5,normal,472.98,14.3,32.33,0,none,0.0
2082-10-10,M18,Robotic Arm,1.77,51.36,5.67,43.0,360.2,normal,473.25,14.2,32.06,0,none,0.0
2082-10-11,M18,Robotic Arm,0.54,34.45,2.57,17.7,153.0,idle,473.45,15.9,31.86,0,none,0.0
2082-10-12,M18,Robotic Arm,0.56,37.38,2.5,15.9,143.4,idle,473.95,12.3,31.36,0,none,0.0
2082-10-13,M18,Robotic Arm,0.55,38.83,2.55,18.5,154.5,idle,474.06,11.7,31.24,0,none,0.0
2082-10-14,M18,Robotic Arm,0.66,40.16,2.46,14.4,150.1,idle,474.23,11.6,31.08,0,none,0.0
2082-10-15,M18,Robotic Arm,0.69,34.81,2.59,16.5,151.6,idle,474.56,10.3,30.74,0,none,0.0
2082-10-16,M18,Robotic Arm,0.61,40.45,2.7,18.6,147.7,idle,475.0,8.6,30.31,0,none,0.0
2082-10-17,M18,Robotic Arm,1.99,47.41,6.33,45.8,353.3,normal,475.33,14.2,29.98,0,none,0.0
2082-10-18,M18,Robotic Arm,0.58,37.79,2.76,17.7,154.4,idle,475.78,11.1,29.53,0,none,0.0
2082-10-19,M18,Robotic Arm,0.63,39.74,2.62,19.1,149.1,idle,476.0,9.7,29.31,0,none,0.0
2082-10-20,M18,Robotic Arm,0.67,34.27,2.57,14.8,145.5,idle,476.1,12.8,29.21,0,none,0.0
2082-10-21,M18,Robotic Arm,0.64,37.67,2.72,16.9,156.0,idle,476.15,14.3,29.16,0,none,0.0
2082-10-22,M18,Robotic Arm,0.61,37.24,2.71,17.9,144.5,idle,476.6,11.6,28.71,0,none,0.0
2082-10-23,M18,Robotic Arm,1.84,42.16,5.76,39.0,335.8,normal,477.05,11.1,28.26,0,none,0.0
2082-10-24,M18,Robotic Arm,1.51,52.81,6.23,44.8,359.3,normal,477.23,16.4,28.08,0,none,0.0
2082-10-25,M18,Robotic Arm,2.0,49.21,6.29,45.0,350.5,normal,477.43,17.8,27.88,0,none,0.0
2082-10-26,M18,Robotic Arm,2.51,49.33,8.32,61.2,490.2,peak,477.85,17.3,27.46,0,none,0.0
2082-10-27,M18,Robotic Arm,0.66,37.26,2.75,18.4,142.6,idle,478.31,16.0,26.99,0,none,0.0
2082-10-28,M18,Robotic Arm,1.59,48.68,5.82,39.4,142.6,normal,478.4,13.0,26.91,0,none,0.0
2082-10-29,M18,Robotic Arm,0.75,36.34,2.58,17.8,145.4,idle,478.8,13.6,26.51,0,none,0.0
2082-10-30,M18,Robotic Arm,2.18,49.5,6.27,17.8,353.5,normal,479.06,14.5,26.24,0,none,0.0
2082-10-31,M18,Robotic Arm,0.61,37.17,2.59,14.6,149.9,idle,479.45,10.4,25.86,0,none,0.0
2082-11-01,M18,Robotic Arm,0.64,35.88,2.52,17.5,145.0,idle,479.48,12.3,25.83,0,none,0.0
2082-11-02,M18,Robotic Arm,1.88,50.95,6.22,45.6,352.4,normal,479.61,8.5,25.69,0,none,0.0
2082-11-03,M18,Robotic Arm,1.91,50.95,5.92,47.3,358.4,normal,479.98,8.9,25.33,0,none,0.0
2082-11-04,M18,Robotic Arm,0.74,36.28,2.75,19.6,154.8,idle,480.46,17.7,24.84,0,none,0.0
2082-11-05,M18,Robotic Arm,0.76,40.02,2.52,17.5,145.6,idle,480.68,12.8,24.63,0,none,0.0
2082-11-06,M18,Robotic Arm,2.24,44.62,5.9,40.6,349.0,normal,480.93,14.0,24.38,0,none,0.0
2082-11-07,M18,Robotic Arm,2.04,49.59,5.85,42.6,358.7,normal,481.15,9.2,24.16,0,none,0.0
2082-11-08,M18,Robotic Arm,2.41,48.85,5.96,47.9,337.8,normal,481.63,8.7,23.68,1,bearing,3925.0
2082-11-09,M18,Robotic Arm,2.32,46.56,6.54,39.2,340.5,normal,482.03,16.5,23.28,1,bearing,4436.0
2082-11-10,M18,Robotic Arm,0.73,36.44,2.6,16.4,148.7,idle,482.2,15.4,23.11,1,bearing,3340.0
2082-11-11,M18,Robotic Arm,1.52,51.34,6.11,40.4,337.1,normal,482.48,12.9,22.83,1,bearing,3469.0
2082-11-12,M18,Robotic Arm,2.3,46.7,6.35,38.1,359.3,normal,482.85,12.1,22.46,1,bearing,3496.0
2082-11-13,M18,Robotic Arm,1.61,46.7,6.35,44.2,356.8,normal,483.33,14.7,21.98,1,bearing,2720.0
2082-11-14,M18,Robotic Arm,1.61,52.52,6.33,39.0,343.6,normal,483.43,13.1,21.88,1,bearing,2977.0
2082-11-15,M18,Robotic Arm,1.74,48.22,5.9,45.9,345.6,normal,483.81,17.3,21.49,1,bearing,3556.0
2082-11-16,M18,Robotic Arm,1.66,50.06,6.06,43.0,338.1,normal,483.85,17.7,21.46,1,bearing,2773.0
2082-11-17,M18,Robotic Arm,2.34,43.5,5.9,43.7,349.4,normal,484.16,12.1,21.14,1,bearing,4737.0
2082-11-18,M18,Robotic Arm,1.61,52.12,5.96,39.5,331.0,normal,484.36,13.1,20.94,1,bearing,4421.0
2082-11-19,M18,Robotic Arm,0.74,41.8,2.72,19.2,148.7,idle,484.6,12.5,20.71,1,bearing,4392.0
2082-11-20,M18,Robotic Arm,0.65,42.56,2.86,19.2,143.6,idle,484.76,8.6,20.54,1,bearing,3507.0
2082-11-21,M18,Robotic Arm,2.6,56.24,6.58,43.8,335.9,normal,485.26,8.0,20.04,1,bearing,4030.0
2082-11-22,M18,Robotic Arm,1.81,50.63,6.61,41.8,344.3,normal,485.75,16.0,19.56,1,bearing,3206.0
2082-11-23,M18,Robotic Arm,2.06,53.63,5.92,45.2,352.6,normal,486.2,8.3,19.11,1,bearing,3465.0
2082-11-24,M18,Robotic Arm,2.37,52.9,6.18,42.8,335.9,normal,486.41,8.9,18.89,1,bearing,4909.0
2082-11-25,M18,Robotic Arm,0.8,38.61,2.72,18.5,143.3,idle,486.58,14.9,18.73,1,bearing,4322.0
2082-11-26,M18,Robotic Arm,1.92,49.91,6.42,41.2,334.7,normal,486.75,16.4,18.56,1,bearing,2583.0
2082-11-27,M18,Robotic Arm,1.82,47.73,6.21,38.9,357.1,normal,487.1,12.3,18.21,1,bearing,3556.0
2082-11-28,M18,Robotic Arm,0.87,43.42,2.84,16.6,145.4,idle,487.15,14.9,18.16,1,bearing,2794.0
2082-11-29,M18,Robotic Arm,2.12,44.69,6.0,43.5,356.2,normal,487.51,11.2,17.79,1,bearing,3679.0
2082-11-30,M18,Robotic Arm,2.65,53.81,6.3,40.7,341.2,normal,487.76,11.2,17.54,1,bearing,3845.0
2082-12-01,M18,Robotic Arm,2.73,55.77,6.31,46.5,350.8,normal,488.13,16.3,17.18,1,bearing,3565.0
2082-12-02,M18,Robotic Arm,2.11,51.17,6.29,38.1,338.3,normal,488.5,9.4,16.81,1,bearing,4299.0
2082-12-03,M18,Robotic Arm,2.11,44.04,2.75,16.4,338.3,idle,488.81,15.3,16.49,1,bearing,2720.0
2082-12-04,M18,Robotic Arm,1.73,48.2,6.25,44.0,339.0,normal,488.9,8.6,16.41,1,bearing,3438.0
2082-12-05,M18,Robotic Arm,0.8,42.64,2.51,17.1,144.4,idle,488.93,17.7,16.38,1,bearing,3435.0
2082-12-06,M18,Robotic Arm,2.56,49.19,6.05,45.9,351.0,normal,489.28,9.1,16.03,1,bearing,4276.0
2082-12-07,M18,Robotic Arm,2.23,47.51,6.33,42.4,332.8,normal,489.65,14.4,15.66,1,bearing,3005.0
2082-12-08,M18,Robotic Arm,0.79,43.87,2.73,14.8,152.9,idle,489.86,9.5,15.44,1,bearing,3340.0
2082-12-09,M18,Robotic Arm,2.55,52.29,6.15,39.0,349.8,normal,490.03,15.7,15.28,1,bearing,4754.0
2082-12-10,M18,Robotic Arm,2.44,55.99,6.54,39.5,341.4,normal,490.36,14.9,14.94,1,bearing,4467.0
2082-12-11,M18,Robotic Arm,2.09,56.72,6.18,43.0,344.0,normal,490.81,15.4,14.49,1,bearing,3388.0
2082-12-12,M18,Robotic Arm,0.84,43.01,2.81,16.1,147.2,idle,491.1,15.7,14.21,1,bearing,4069.0
2082-12-13,M18,Robotic Arm,1.82,52.56,6.51,45.4,332.1,normal,491.55,14.6,13.76,1,bearing,4796.0
2082-12-14,M18,Robotic Arm,5.13,50.12,6.51,42.8,331.4,normal,492.05,15.6,13.26,1,bearing,4253.0
2082-12-15,M18,Robotic Arm,3.28,53.69,9.7,42.8,487.0,peak,492.1,15.2,13.21,1,bearing,2745.0
2082-12-16,M18,Robotic Arm,1.91,55.06,6.77,42.8,347.4,normal,492.5,8.3,12.81,1,bearing,2891.0
2082-12-17,M18,Robotic Arm,2.54,54.52,6.06,46.2,344.4,normal,492.56,9.8,12.74,1,bearing,3628.0
2082-12-18,M18,Robotic Arm,0.78,54.52,2.86,17.9,141.9,idle,492.6,15.5,12.71,1,bearing,3703.0
2082-12-19,M18,Robotic Arm,0.87,42.72,2.83,18.7,144.4,idle,493.01,12.5,12.29,1,bearing,2583.0
2082-12-20,M18,Robotic Arm,0.83,43.37,2.89,17.7,139.8,idle,493.18,13.2,12.13,1,bearing,4814.0
2082-12-21,M18,Robotic Arm,0.96,39.57,2.94,19.4,142.6,idle,493.68,9.9,11.63,1,bearing,3422.0
2082-12-22,M18,Robotic Arm,0.92,42.73,2.73,14.9,146.1,idle,493.76,15.4,11.54,1,bearing,3691.0
2082-12-23,M18,Robotic Arm,0.88,42.96,2.64,16.9,152.1,idle,494.01,17.0,11.29,1,bearing,3967.0
2082-12-24,M18,Robotic Arm,0.92,40.85,2.77,17.6,147.1,idle,494.13,14.5,11.18,1,bearing,2828.0
2082-12-25,M18,Robotic Arm,0.9,44.32,2.72,15.4,145.8,idle,494.2,10.6,11.11,1,bearing,3702.0
2082-12-26,M18,Robotic Arm,0.78,44.91,2.9,19.7,152.3,idle,494.7,17.3,10.61,1,bearing,3066.0
2082-12-27,M18,Robotic Arm,0.78,43.58,2.87,19.0,143.6,idle,494.95,13.7,10.36,1,bearing,4075.0
2082-12-28,M18,Robotic Arm,0.98,43.36,2.76,16.5,141.8,idle,495.16,10.2,10.14,1,bearing,3214.0
2082-12-29,M18,Robotic Arm,0.9,40.79,2.94,14.3,151.5,idle,495.45,10.0,9.86,1,bearing,4179.0
2082-12-30,M18,Robotic Arm,0.9,42.16,2.57,19.3,150.7,idle,495.9,11.2,9.41,1,bearing,2610.0
2082-12-31,M18,Robotic Arm,2.66,47.9,6.52,47.3,329.3,normal,496.3,17.7,9.01,1,bearing,3599.0
2083-01-01,M18,Robotic Arm,0.89,45.87,2.86,16.4,151.9,idle,496.5,13.1,8.81,1,bearing,3621.0
2083-01-02,M18,Robotic Arm,0.89,46.41,2.84,15.9,152.0,idle,496.76,14.1,8.54,1,bearing,3381.0
2083-01-03,M18,Robotic Arm,0.99,42.64,2.67,19.9,145.8,idle,497.26,11.7,8.04,1,bearing,4824.0
2083-01-04,M18,Robotic Arm,1.02,42.39,2.62,14.1,143.4,idle,497.65,11.3,7.66,1,bearing,2924.0
2083-01-05,M18,Robotic Arm,2.65,50.87,6.61,38.6,353.6,normal,497.76,10.4,7.54,1,bearing,3535.0
2083-01-06,M18,Robotic Arm,0.87,47.6,2.82,16.8,140.1,idle,498.25,16.0,7.06,1,bearing,4989.0
2083-01-07,M18,Robotic Arm,0.82,44.45,2.73,15.1,140.7,idle,498.41,8.0,6.89,1,bearing,4765.0
2083-01-08,M18,Robotic Arm,0.94,44.45,2.95,14.5,138.9,idle,498.6,16.6,6.71,1,bearing,4557.0
2083-01-09,M18,Robotic Arm,1.01,41.08,2.98,19.3,152.3,idle,498.76,14.5,6.54,1,bearing,2753.0
2083-01-10,M18,Robotic Arm,0.92,45.46,2.76,19.8,149.2,idle,499.18,16.1,6.13,1,bearing,3457.0
2083-01-11,M18,Robotic Arm,0.97,43.57,2.73,17.3,139.8,idle,499.23,16.8,6.08,1,bearing,2969.0
2083-01-12,M18,Robotic Arm,2.51,55.18,6.83,43.7,336.2,normal,499.73,11.1,5.58,1,bearing,4081.0
2083-01-13,M18,Robotic Arm,0.82,46.36,6.83,19.1,141.4,idle,500.2,14.9,5.11,1,bearing,3112.0
2083-01-14,M18,Robotic Arm,0.94,44.72,2.95,17.0,149.9,idle,500.51,16.4,4.79,1,bearing,2812.0
2083-01-15,M18,Robotic Arm,2.12,49.3,6.39,42.7,346.1,normal,500.81,12.1,4.49,1,bearing,2775.0
2083-01-16,M18,Robotic Arm,2.48,58.24,6.94,43.0,352.0,normal,500.86,15.9,4.44,1,bearing,4739.0
2083-01-17,M18,Robotic Arm,2.21,52.58,7.1,39.7,350.5,normal,501.26,9.0,4.04,1,bearing,3397.0
2083-01-18,M18,Robotic Arm,3.24,57.13,6.21,43.1,326.3,normal,501.55,9.1,3.76,1,bearing,2680.0
2083-01-19,M18,Robotic Arm,2.46,49.1,6.21,45.0,352.4,normal,501.73,13.1,3.58,1,bearing,3596.0
2083-01-20,M18,Robotic Arm,1.03,44.7,2.76,20.0,141.6,idle,501.9,10.5,3.41,1,bearing,3794.0
2083-01-21,M18,Robotic Arm,0.84,43.92,2.78,16.9,148.2,idle,502.38,15.7,2.93,1,bearing,3049.0
2083-01-22,M18,Robotic Arm,2.92,57.32,7.03,43.8,329.0,normal,502.6,9.3,2.71,1,bearing,2763.0
2083-01-23,M18,Robotic Arm,0.95,46.97,2.87,43.8,142.4,idle,502.93,11.3,2.38,1,bearing,2854.0
2083-01-24,M18,Robotic Arm,2.45,55.12,6.22,42.3,337.9,normal,502.96,11.6,2.34,1,bearing,3040.0
2083-01-25,M18,Robotic Arm,2.14,49.77,6.21,41.6,338.0,normal,503.2,15.6,2.11,1,bearing,3043.0
2083-01-26,M18,Robotic Arm,2.14,61.0,6.76,44.0,325.6,normal,503.26,11.6,2.04,1,bearing,3728.0
2083-01-27,M18,Robotic Arm,2.18,56.06,6.93,46.4,339.0,normal,503.71,14.8,1.59,1,bearing,2544.0
2083-01-28,M18,Robotic Arm,2.88,57.64,6.51,47.8,351.2,normal,504.2,13.3,1.11,1,bearing,4598.0
2083-01-29,M18,Robotic Arm,1.01,45.4,3.04,15.1,146.5,idle,504.51,14.5,0.79,1,bearing,4431.0
2083-01-30,M18,Robotic Arm,3.18,49.92,6.65,40.6,345.9,normal,504.88,15.4,0.5,1,bearing,2937.0
2083-01-31,M18,Robotic Arm,3.39,52.17,6.4,47.6,337.7,normal,505.06,17.0,0.5,1,bearing,3178.0
2083-02-01,M18,Robotic Arm,2.25,50.95,6.4,42.3,349.9,normal,505.18,11.7,0.5,1,bearing,4259.0
2083-02-02,M18,Robotic Arm,0.41,33.06,2.31,14.4,156.8,idle,0.0,10.8,91.75,0,none,0.0
2083-02-03,M18,Robotic Arm,0.94,44.31,5.26,43.8,362.6,normal,0.15,13.4,91.6,0,none,0.0
2083-02-04,M18,Robotic Arm,0.35,30.72,2.44,18.8,148.9,idle,0.22,15.2,91.53,0,none,0.0
2083-02-05,M18,Robotic Arm,1.3,43.42,5.48,41.0,361.1,normal,0.5,12.6,91.25,0,none,0.0
2083-02-06,M18,Robotic Arm,1.72,50.28,7.94,55.2,503.0,peak,0.98,15.1,90.77,0,none,0.0
2083-02-07,M18,Robotic Arm,1.19,38.12,5.36,46.6,345.4,normal,1.05,17.8,90.7,0,none,0.0
2083-02-08,M18,Robotic Arm,0.97,43.1,5.46,42.4,355.9,normal,1.47,12.5,90.28,0,none,0.0
2083-02-09,M18,Robotic Arm,1.36,38.39,5.24,42.4,341.6,normal,1.75,8.9,90.0,0,none,0.0
2083-02-10,M18,Robotic Arm,0.43,34.87,2.23,15.7,157.8,idle,1.78,16.2,89.97,0,none,0.0
2083-02-11,M18,Robotic Arm,0.44,29.51,2.57,17.5,159.9,idle,1.98,9.9,89.77,0,none,0.0
2083-02-12,M18,Robotic Arm,1.51,52.22,7.56,62.3,517.8,peak,2.25,11.2,89.5,0,none,0.0
2083-02-13,M18,Robotic Arm,1.03,39.41,5.39,42.3,354.2,normal,2.58,11.3,89.17,0,none,0.0
2083-02-14,M18,Robotic Arm,1.16,43.95,5.69,39.0,359.0,normal,2.9,14.9,88.85,0,none,0.0
2083-02-15,M18,Robotic Arm,0.37,31.74,2.44,16.6,151.3,idle,3.12,14.3,88.63,0,none,0.0
2083-02-16,M18,Robotic Arm,1.08,38.05,5.84,42.9,355.2,normal,3.45,14.6,88.3,0,none,0.0
2083-02-17,M18,Robotic Arm,0.95,41.18,5.55,42.1,353.4,normal,3.73,16.2,88.02,0,none,0.0
2083-02-18,M18,Robotic Arm,0.37,33.56,2.28,17.2,149.8,idle,4.22,9.3,87.53,0,none,0.0
2083-02-19,M18,Robotic Arm,1.25,43.99,5.76,46.9,363.4,normal,4.55,14.2,87.2,0,none,0.0
2083-02-20,M18,Robotic Arm,1.6,47.12,8.37,63.2,516.9,peak,5.02,13.2,86.73,0,none,0.0
2083-02-21,M18,Robotic Arm,1.31,36.68,5.46,63.2,351.4,normal,5.08,17.7,86.67,0,none,0.0
2083-02-22,M18,Robotic Arm,1.01,45.2,5.76,40.0,345.4,normal,5.18,17.3,86.57,0,none,0.0
2083-02-23,M18,Robotic Arm,0.37,30.2,2.47,16.2,151.4,idle,5.62,11.8,86.13,0,none,0.0
2083-02-24,M18,Robotic Arm,0.35,30.2,2.38,18.1,148.0,idle,6.05,8.3,85.7,0,none,0.0
2083-02-25,M18,Robotic Arm,1.25,44.33,5.7,41.6,341.8,normal,6.43,13.8,85.32,0,none,0.0
2083-02-26,M18,Robotic Arm,0.98,47.09,5.9,40.0,349.6,normal,6.65,13.4,85.1,0,none,0.0
2083-02-27,M18,Robotic Arm,0.35,30.17,2.52,17.4,158.0,idle,7.02,12.6,84.73,0,none,0.0
2083-02-28,M18,Robotic Arm,0.35,29.55,2.42,18.5,154.3,idle,7.45,9.4,84.3,0,none,0.0
2083-03-01,M18,Robotic Arm,0.35,34.84,2.47,14.1,152.7,idle,7.6,17.1,84.15,0,none,0.0
2083-03-02,M18,Robotic Arm,0.37,33.06,2.23,16.0,149.7,idle,7.85,18.0,83.9,0,none,0.0
2083-03-03,M18,Robotic Arm,0.44,34.12,2.53,18.5,159.3,idle,8.13,9.3,83.62,0,none,0.0
2083-03-04,M18,Robotic Arm,0.96,45.66,5.74,45.0,352.8,normal,8.35,13.9,83.4,0,none,0.0
2083-03-05,M18,Robotic Arm,0.42,29.66,5.74,19.8,155.3,idle,8.58,16.2,83.17,0,none,0.0
2083-03-06,M18,Robotic Arm,0.42,29.65,2.54,19.5,146.6,idle,8.87,9.8,82.88,0,none,0.0
2083-03-07,M18,Robotic Arm,0.4,32.66,2.55,17.2,151.3,idle,9.23,17.5,82.52,0,none,0.0
2083-03-08,M18,Robotic Arm,0.35,31.86,2.33,20.0,154.0,idle,9.68,9.3,82.07,0,none,0.0
2083-03-09,M18,Robotic Arm,0.37,34.95,2.44,18.6,159.5,idle,10.0,12.6,81.75,0,none,0.0
2083-03-10,M18,Robotic Arm,0.43,34.6,2.34,14.3,159.5,idle,10.1,16.5,81.65,0,none,0.0
2083-03-11,M18,Robotic Arm,1.15,45.03,5.64,45.6,341.8,normal,10.52,17.0,81.23,0,none,0.0
2083-03-12,M18,Robotic Arm,0.36,34.44,2.37,15.8,158.7,idle,10.77,11.8,80.98,0,none,0.0
2083-03-13,M18,Robotic Arm,0.45,32.3,2.42,19.5,147.7,idle,11.27,14.3,80.48,0,none,0.0
2083-03-14,M18,Robotic Arm,0.41,33.64,2.5,18.5,157.1,idle,11.67,10.3,80.08,0,none,0.0
2083-03-15,M18,Robotic Arm,0.37,31.89,2.24,14.5,157.3,idle,11.78,16.7,79.97,0,none,0.0
2083-03-16,M18,Robotic Arm,0.43,29.28,2.43,14.2,150.6,idle,12.15,9.7,79.6,0,none,0.0
2083-03-17,M18,Robotic Arm,0.43,30.61,2.43,18.8,152.7,idle,12.47,14.9,79.28,0,none,0.0
2083-03-18,M18,Robotic Arm,0.44,28.71,2.42,19.4,148.5,idle,12.65,8.0,79.1,0,none,0.0
2083-03-19,M18,Robotic Arm,0.43,29.79,2.59,18.5,154.8,idle,13.02,17.6,78.73,0,none,0.0
2083-03-20,M18,Robotic Arm,1.33,42.64,5.43,41.2,357.7,normal,13.25,13.3,78.5,0,none,0.0
2083-03-21,M18,Robotic Arm,1.14,46.8,5.63,43.1,353.4,normal,13.45,17.7,78.3,0,none,0.0
2083-03-22,M18,Robotic Arm,0.36,28.84,2.47,16.8,153.2,idle,13.8,10.4,77.95,0,none,0.0
2083-03-23,M18,Robotic Arm,1.36,45.18,5.5,45.8,369.2,normal,13.9,8.8,77.85,0,none,0.0
2083-03-24,M18,Robotic Arm,0.37,34.28,2.34,18.4,155.2,idle,14.37,10.3,77.38,0,none,0.0
2083-03-25,M18,Robotic Arm,1.24,46.59,5.7,39.9,360.1,normal,14.78,10.8,76.97,0,none,0.0
2083-03-26,M18,Robotic Arm,1.04,47.41,5.45,40.4,340.5,normal,14.88,14.0,76.87,0,none,0.0
2083-03-27,M18,Robotic Arm,1.32,46.91,5.25,42.1,352.6,normal,15.02,14.9,76.73,0,none,0.0
2083-03-28,M18,Robotic Arm,1.29,39.47,5.47,41.3,352.9,normal,15.45,10.5,76.3,0,none,0.0
2083-03-29,M18,Robotic Arm,0.41,34.78,2.41,16.3,145.3,idle,15.67,10.8,76.08,0,none,0.0
2083-03-30,M18,Robotic Arm,0.94,47.33,5.41,40.0,345.2,normal,15.92,8.2,75.83,0,none,0.0
2083-03-31,M18,Robotic Arm,1.17,40.13,5.67,47.7,342.2,normal,16.35,15.7,75.4,0,none,0.0
2083-04-01,M18,Robotic Arm,0.92,42.46,5.33,44.6,364.4,normal,16.72,17.0,75.03,0,none,0.0
2083-04-02,M18,Robotic Arm,1.72,46.13,8.34,60.1,511.3,peak,16.95,8.9,74.8,0,none,0.0
2083-04-03,M18,Robotic Arm,0.45,31.26,2.39,15.5,146.8,idle,17.37,15.2,74.38,0,none,0.0
2083-04-04,M18,Robotic Arm,0.42,33.24,2.4,18.5,148.7,idle,17.6,10.9,74.15,0,none,0.0
2083-04-05,M18,Robotic Arm,0.85,35.42,5.65,38.5,364.9,normal,17.68,8.5,74.07,0,none,0.0
2083-04-06,M18,Robotic Arm,1.24,46.38,5.75,38.6,349.6,normal,17.83,13.9,73.92,0,none,0.0
2083-04-07,M18,Robotic Arm,1.61,49.55,8.46,62.7,490.1,peak,18.0,16.8,73.75,0,none,0.0
2083-04-08,M18,Robotic Arm,0.36,34.28,2.43,14.9,157.6,idle,18.17,9.2,73.58,0,none,0.0
2083-04-09,M18,Robotic Arm,1.69,34.28,8.26,60.2,502.6,peak,18.58,12.3,73.17,0,none,0.0
2083-04-10,M18,Robotic Arm,0.4,28.38,2.57,19.9,149.6,idle,19.07,8.2,72.68,0,none,0.0
2083-04-11,M18,Robotic Arm,0.43,34.98,2.21,15.9,153.6,idle,19.55,13.0,72.2,0,none,0.0
2083-04-12,M18,Robotic Arm,0.39,34.77,2.28,16.4,156.0,idle,19.95,15.7,71.8,0,none,0.0
2083-04-13,M18,Robotic Arm,1.29,36.31,5.38,39.3,355.0,normal,20.2,8.1,71.55,0,none,0.0
2083-04-14,M18,Robotic Arm,0.4,33.16,2.55,39.3,152.9,idle,20.3,14.7,71.45,0,none,0.0
2083-04-15,M18,Robotic Arm,1.11,46.64,5.62,40.3,367.8,normal,20.38,8.5,71.37,0,none,0.0
2083-04-16,M18,Robotic Arm,1.36,36.63,5.88,46.4,357.7,normal,20.88,8.1,70.87,0,none,0.0
2083-04-17,M18,Robotic Arm,1.11,37.4,5.37,46.4,342.4,normal,21.33,9.5,70.42,0,none,0.0
2083-04-18,M18,Robotic Arm,1.11,35.65,5.28,39.6,360.7,normal,21.38,10.3,70.37,0,none,0.0
2083-04-19,M18,Robotic Arm,0.91,37.31,5.95,40.8,360.8,normal,21.82,14.9,69.93,0,none,0.0
2083-04-20,M18,Robotic Arm,1.36,35.54,5.57,43.4,362.8,normal,22.3,9.5,69.45,0,none,0.0
2083-04-21,M18,Robotic Arm,1.38,35.53,5.5,43.4,369.0,normal,22.77,15.7,68.98,0,none,0.0
2083-04-22,M18,Robotic Arm,1.73,54.16,7.64,55.2,518.8,peak,23.0,10.3,68.75,0,none,0.0
2083-04-23,M18,Robotic Arm,1.03,43.54,5.33,43.5,368.2,normal,23.35,16.6,68.4,0,none,0.0
2083-04-24,M18,Robotic Arm,1.71,47.87,8.42,43.5,368.2,peak,23.75,12.4,68.0,0,none,0.0
2083-04-25,M18,Robotic Arm,1.17,35.18,5.21,44.2,359.6,normal,23.8,11.2,67.95,0,none,0.0
2083-04-26,M18,Robotic Arm,1.39,39.04,5.47,43.9,362.3,normal,23.85,11.7,67.9,0,none,0.0
2083-04-27,M18,Robotic Arm,1.14,43.03,5.37,45.2,352.1,normal,24.17,10.7,67.58,0,none,0.0
2083-04-28,M18,Robotic Arm,0.41,32.61,2.2,17.5,159.1,idle,24.23,14.9,67.52,0,none,0.0
2083-04-29,M18,Robotic Arm,0.9,36.41,5.36,39.0,365.6,normal,24.45,17.0,67.3,0,none,0.0
2083-04-30,M18,Robotic Arm,0.44,31.32,2.52,15.8,152.6,idle,24.9,9.7,66.85,0,none,0.0
2083-05-01,M18,Robotic Arm,1.15,38.98,5.67,46.4,368.4,normal,24.98,8.7,66.77,0,none,0.0
2083-05-02,M18,Robotic Arm,1.59,54.03,8.13,61.0,484.9,peak,25.33,11.2,66.42,0,none,0.0
2083-05-03,M18,Robotic Arm,1.24,38.99,8.13,39.4,346.9,normal,25.57,9.2,66.18,0,none,0.0
2083-05-04,M18,Robotic Arm,1.19,42.98,5.57,44.3,366.0,normal,25.82,14.7,65.93,0,none,0.0
2083-05-05,M18,Robotic Arm,0.87,37.67,5.44,43.8,360.0,normal,26.07,16.6,65.68,0,none,0.0
2083-05-06,M18,Robotic Arm,0.41,32.88,2.38,18.8,146.1,idle,26.47,12.7,65.28,0,none,0.0
2083-05-07,M18,Robotic Arm,1.19,35.56,5.38,38.6,357.8,normal,26.97,8.7,64.78,0,none,0.0
2083-05-08,M18,Robotic Arm,0.97,36.2,5.82,38.0,356.5,normal,27.22,14.5,64.53,0,none,0.0
2083-05-09,M18,Robotic Arm,1.78,52.24,8.1,56.0,511.6,peak,27.42,12.6,64.33,0,none,0.0
2083-05-10,M18,Robotic Arm,1.03,36.99,5.99,38.9,361.6,normal,27.57,14.7,64.18,0,none,0.0
2083-05-11,M18,Robotic Arm,1.04,45.94,5.64,46.9,356.6,normal,27.88,13.9,63.87,0,none,0.0
2083-05-12,M18,Robotic Arm,1.03,47.49,5.56,46.5,365.2,normal,28.13,13.5,63.62,0,none,0.0
2083-05-13,M18,Robotic Arm,1.16,47.49,5.44,43.6,357.2,normal,28.2,16.4,63.55,0,none,0.0
2083-05-14,M18,Robotic Arm,0.37,33.63,2.33,18.5,159.8,idle,28.38,17.6,63.37,0,none,0.0
2083-05-15,M18,Robotic Arm,1.4,46.22,5.89,46.1,360.9,normal,28.88,9.4,62.87,0,none,0.0
2083-05-16,M18,Robotic Arm,0.95,36.4,5.66,44.8,352.0,normal,29.1,11.9,62.65,0,none,0.0
2083-05-17,M18,Robotic Arm,0.44,29.76,2.3,19.2,152.6,idle,29.18,10.5,62.57,0,none,0.0
2083-05-18,M18,Robotic Arm,0.35,29.76,2.43,16.0,152.3,idle,29.6,14.0,62.15,0,none,0.0
2083-05-19,M18,Robotic Arm,0.43,31.47,2.39,15.1,147.2,idle,29.98,11.4,61.77,0,none,0.0
2083-05-20,M18,Robotic Arm,1.09,37.72,5.52,43.7,343.4,normal,30.43,17.4,61.32,0,none,0.0
2083-05-21,M18,Robotic Arm,0.37,34.0,2.45,18.5,152.3,idle,30.72,9.7,61.03,0,none,0.0
2083-05-22,M18,Robotic Arm,0.37,34.0,2.25,18.5,152.3,idle,30.9,17.2,60.85,0,none,0.0
2083-05-23,M18,Robotic Arm,0.38,32.93,2.25,15.4,155.9,idle,31.13,16.4,60.62,0,none,0.0
2083-05-24,M18,Robotic Arm,0.37,32.4,2.48,15.3,152.6,idle,31.18,14.9,60.57,0,none,0.0
2083-05-25,M19,Robotic Arm,0.44,32.14,2.21,15.2,157.3,idle,72.78,11.2,73.9,0,none,0.0
2083-05-26,M19,Robotic Arm,1.11,35.91,5.49,15.2,362.3,normal,73.03,15.7,73.65,0,none,0.0
2083-05-27,M19,Robotic Arm,0.41,33.26,2.37,16.9,151.4,idle,73.21,14.7,73.47,0,none,0.0
2083-05-28,M19,Robotic Arm,0.38,32.55,2.47,19.2,149.8,idle,73.53,12.8,73.15,0,none,0.0
2083-05-29,M19,Robotic Arm,1.2,39.45,5.92,41.2,363.6,normal,73.75,17.6,72.94,0,none,0.0
2083-05-30,M19,Robotic Arm,0.43,30.52,2.29,14.4,158.7,idle,74.21,15.5,72.47,0,none,0.0
2083-05-31,M19,Robotic Arm,0.42,33.74,2.45,15.0,149.6,idle,74.35,8.7,72.34,0,none,0.0
2083-06-01,M19,Robotic Arm,0.38,31.01,2.22,18.0,149.1,idle,74.55,9.7,72.14,0,none,0.0
2083-06-02,M19,Robotic Arm,0.4,28.42,2.48,17.3,158.6,idle,74.93,15.2,71.75,0,none,0.0
2083-06-03,M19,Robotic Arm,0.37,34.7,2.56,15.8,158.5,idle,75.43,17.4,71.25,0,none,0.0
2083-06-04,M19,Robotic Arm,1.01,39.37,5.93,45.9,353.2,normal,75.73,14.8,70.95,0,none,0.0
2083-06-05,M19,Robotic Arm,0.36,31.24,2.54,17.6,145.7,idle,75.83,11.3,70.85,0,none,0.0
2083-06-06,M19,Robotic Arm,0.39,32.9,2.55,19.9,157.6,idle,76.23,9.6,70.45,0,none,0.0
2083-06-07,M19,Robotic Arm,0.44,29.51,2.54,19.6,154.5,idle,76.68,14.3,70.0,0,none,0.0
2083-06-08,M19,Robotic Arm,0.4,33.68,2.45,19.0,151.8,idle,76.83,10.1,69.85,0,none,0.0
2083-06-09,M19,Robotic Arm,0.37,34.42,2.59,19.8,159.3,idle,77.1,8.5,69.59,0,none,0.0
2083-06-10,M19,Robotic Arm,0.4,32.4,2.55,14.1,159.3,idle,77.33,10.3,69.35,0,none,0.0
2083-06-11,M19,Robotic Arm,0.37,29.54,2.36,16.8,150.9,idle,77.45,16.0,69.24,0,none,0.0
2083-06-12,M19,Robotic Arm,0.44,29.81,2.5,19.9,154.8,idle,77.78,15.8,68.9,0,none,0.0
2083-06-13,M19,Robotic Arm,0.35,28.8,2.54,16.2,151.1,idle,78.18,12.6,68.5,0,none,0.0
2083-06-14,M19,Robotic Arm,0.44,32.94,2.48,18.0,154.5,idle,78.45,12.6,68.24,0,none,0.0
2083-06-15,M19,Robotic Arm,1.27,44.11,5.28,40.2,343.3,normal,78.7,15.4,67.99,0,none,0.0
2083-06-16,M19,Robotic Arm,1.74,49.74,8.46,62.2,499.8,peak,79.06,14.4,67.62,0,none,0.0
2083-06-17,M19,Robotic Arm,1.36,47.55,5.7,44.3,357.4,normal,79.1,16.6,67.59,0,none,0.0
2083-06-18,M19,Robotic Arm,0.9,44.95,5.9,43.6,345.8,normal,79.31,12.8,67.37,0,none,0.0
2083-06-19,M19,Robotic Arm,1.3,46.64,5.84,40.1,346.5,normal,79.75,17.9,66.94,0,none,0.0
2083-06-20,M19,Robotic Arm,1.1,37.05,5.75,45.1,369.6,normal,80.16,13.0,66.52,0,none,0.0
2083-06-21,M19,Robotic Arm,1.06,44.43,5.6,39.6,367.4,normal,80.33,14.9,66.35,0,none,0.0
2083-06-22,M19,Robotic Arm,1.52,42.55,7.76,65.0,480.8,peak,80.46,17.4,66.22,0,none,0.0
2083-06-23,M19,Robotic Arm,1.08,41.74,5.45,45.1,351.2,normal,80.8,16.9,65.89,0,none,0.0
2083-06-24,M19,Robotic Arm,0.42,30.41,2.26,17.4,153.3,idle,80.96,11.6,65.72,0,none,0.0
2083-06-25,M19,Robotic Arm,1.58,46.7,7.94,60.6,505.7,peak,81.36,16.2,65.32,0,none,0.0
2083-06-26,M19,Robotic Arm,0.92,36.89,5.49,42.2,350.0,normal,81.56,16.7,65.12,0,none,0.0
2083-06-27,M19,Robotic Arm,1.21,47.53,5.68,39.7,349.9,normal,81.96,9.3,64.72,0,none,0.0
2083-06-28,M19,Robotic Arm,1.15,39.07,5.57,43.8,361.2,normal,82.26,16.7,64.42,0,none,0.0
2083-06-29,M19,Robotic Arm,0.98,41.11,5.53,39.0,358.1,normal,82.33,16.9,64.35,0,none,0.0
2083-06-30,M19,Robotic Arm,1.28,46.05,5.26,43.6,369.6,normal,82.76,10.0,63.92,0,none,0.0
2083-07-01,M19,Robotic Arm,0.43,32.13,2.21,14.4,145.8,idle,82.98,13.3,63.7,0,none,0.0
2083-07-02,M19,Robotic Arm,0.43,31.8,2.32,19.2,157.2,idle,83.23,10.4,63.45,0,none,0.0
2083-07-03,M19,Robotic Arm,1.28,45.06,5.35,46.8,345.9,normal,83.65,14.5,63.04,0,none,0.0
2083-07-04,M19,Robotic Arm,1.32,46.59,5.77,45.1,347.8,normal,83.68,9.0,63.0,0,none,0.0
2083-07-05,M19,Robotic Arm,1.02,46.59,5.66,41.4,366.9,normal,84.18,10.3,62.5,0,none,0.0
2083-07-06,M19,Robotic Arm,0.92,40.06,5.41,47.3,344.3,normal,84.25,14.6,62.44,0,none,0.0
2083-07-07,M19,Robotic Arm,1.11,35.55,5.82,44.6,365.3,normal,84.4,17.4,62.29,0,none,0.0
2083-07-08,M19,Robotic Arm,1.59,49.19,8.46,57.5,516.1,peak,84.8,16.3,61.89,0,none,0.0
2083-07-09,M19,Robotic Arm,0.44,30.65,2.33,15.7,157.6,idle,85.08,14.2,61.6,0,none,0.0
2083-07-10,M19,Robotic Arm,1.23,37.72,5.88,39.9,354.7,normal,85.38,17.5,61.3,0,none,0.0
2083-07-11,M19,Robotic Arm,0.36,32.54,2.46,16.2,146.6,idle,85.51,11.7,61.17,0,none,0.0
2083-07-12,M19,Robotic Arm,1.15,46.97,5.83,43.7,342.3,normal,85.88,17.2,60.8,0,none,0.0
2083-07-13,M19,Robotic Arm,0.42,30.41,2.5,14.2,152.2,idle,85.95,8.8,60.74,0,none,0.0
2083-07-14,M19,Robotic Arm,1.05,35.19,5.58,39.5,340.7,normal,86.25,17.4,60.44,0,none,0.0
2083-07-15,M19,Robotic Arm,1.19,47.83,5.74,46.8,343.8,normal,86.56,15.3,60.12,0,none,0.0
2083-07-16,M19,Robotic Arm,1.01,44.99,5.34,44.0,354.2,normal,86.86,13.7,59.82,0,none,0.0
2083-07-17,M19,Robotic Arm,1.18,47.56,5.81,47.9,343.7,normal,87.36,8.5,59.32,0,none,0.0
2083-07-18,M19,Robotic Arm,0.4,29.73,2.47,14.1,158.4,idle,87.73,9.9,58.95,0,none,0.0
2083-07-19,M19,Robotic Arm,0.4,43.72,5.84,45.5,360.6,normal,88.18,8.8,58.5,0,none,0.0
2083-07-20,M19,Robotic Arm,1.37,38.09,5.28,44.3,341.9,normal,88.55,17.4,58.14,0,none,0.0
2083-07-21,M19,Robotic Arm,1.15,44.09,5.74,41.4,360.4,normal,89.0,17.3,57.69,0,none,0.0
2083-07-22,M19,Robotic Arm,1.03,45.47,5.9,44.7,358.8,normal,89.11,15.6,57.57,0,none,0.0
2083-07-23,M19,Robotic Arm,1.01,41.05,5.38,45.0,359.5,normal,89.61,13.6,57.07,0,none,0.0
2083-07-24,M19,Robotic Arm,0.36,34.28,2.6,14.8,149.1,idle,89.86,14.6,56.82,0,none,0.0
2083-07-25,M19,Robotic Arm,1.3,40.13,5.25,47.1,355.8,normal,90.16,13.5,56.52,0,none,0.0
2083-07-26,M19,Robotic Arm,0.87,40.65,5.87,41.9,343.9,normal,90.33,15.6,56.35,0,none,0.0
2083-07-27,M19,Robotic Arm,0.35,33.46,2.4,15.9,157.4,idle,90.7,17.1,55.99,0,none,0.0
2083-07-28,M19,Robotic Arm,0.91,37.13,5.51,38.4,365.6,normal,90.95,13.4,55.74,0,none,0.0
2083-07-29,M19,Robotic Arm,0.91,49.72,7.55,63.7,518.8,peak,91.45,13.1,55.24,0,none,0.0
2083-07-30,M19,Robotic Arm,1.34,43.89,5.83,46.5,346.5,normal,91.76,17.8,54.92,0,none,0.0
2083-07-31,M19,Robotic Arm,1.54,44.66,8.39,58.4,486.1,peak,92.06,12.5,54.62,0,none,0.0
2083-08-01,M19,Robotic Arm,1.8,44.19,7.62,63.3,513.8,peak,92.45,13.9,54.24,0,none,0.0
2083-08-02,M19,Robotic Arm,1.15,38.58,5.45,41.0,366.0,normal,92.75,12.1,53.94,0,none,0.0
2083-08-03,M19,Robotic Arm,0.86,44.23,5.96,45.5,354.7,normal,93.03,9.8,53.65,0,none,0.0
2083-08-04,M19,Robotic Arm,0.9,35.4,5.37,44.1,353.6,normal,93.21,10.7,53.47,0,none,0.0
2083-08-05,M19,Robotic Arm,0.41,28.6,2.53,18.1,154.6,idle,93.35,17.4,53.34,0,none,0.0
2083-08-06,M19,Robotic Arm,0.37,31.82,2.3,19.6,152.0,idle,93.65,14.3,53.04,0,none,0.0
2083-08-07,M19,Robotic Arm,1.02,47.36,5.36,42.9,345.1,normal,93.88,10.7,52.8,0,none,0.0
2083-08-08,M19,Robotic Arm,0.36,28.36,2.21,18.3,150.8,idle,94.28,15.8,52.4,0,none,0.0
2083-08-09,M19,Robotic Arm,0.36,32.39,2.52,15.7,148.2,idle,94.4,12.7,52.29,0,none,0.0
2083-08-10,M19,Robotic Arm,0.39,33.79,2.39,17.3,150.4,idle,94.9,8.4,51.79,0,none,0.0
2083-08-11,M19,Robotic Arm,1.18,41.57,5.57,43.5,352.6,normal,95.18,10.6,51.5,0,none,0.0
2083-08-12,M19,Robotic Arm,0.43,28.48,2.34,18.5,150.5,idle,95.28,17.3,51.4,0,none,0.0
2083-08-13,M19,Robotic Arm,0.4,30.75,2.34,17.3,147.4,idle,95.78,13.5,50.9,0,none,0.0
2083-08-14,M19,Robotic Arm,0.39,33.28,2.2,17.6,159.7,idle,96.1,11.0,50.59,0,none,0.0
2083-08-15,M19,Robotic Arm,0.39,33.28,2.26,18.2,151.3,idle,96.33,13.5,50.35,0,none,0.0
2083-08-16,M19,Robotic Arm,0.43,28.88,2.23,15.7,147.6,idle,96.81,16.2,49.87,0,none,0.0
2083-08-17,M19,Robotic Arm,0.43,33.31,2.59,14.4,149.3,idle,96.95,14.1,49.74,0,none,0.0
2083-08-18,M19,Robotic Arm,0.45,28.81,2.4,17.9,148.4,idle,97.03,14.2,47.92,0,none,0.0
2083-08-19,M19,Robotic Arm,0.43,34.18,2.37,18.2,152.8,idle,97.25,11.8,47.71,0,none,0.0
2083-08-20,M19,Robotic Arm,0.42,31.64,2.22,15.9,149.1,idle,97.63,17.5,47.32,0,none,0.0
2083-08-21,M19,Robotic Arm,0.42,31.69,2.58,14.0,154.1,idle,97.8,10.5,47.16,0,none,0.0
2083-08-22,M19,Robotic Arm,0.4,29.05,2.41,16.3,147.7,idle,97.96,10.5,46.99,0,none,0.0
2083-08-23,M19,Robotic Arm,0.9,46.15,5.75,16.3,365.8,normal,98.16,11.2,46.79,0,none,0.0
2083-08-24,M19,Robotic Arm,0.35,32.85,2.61,16.7,151.4,idle,98.41,16.2,46.54,0,none,0.0
2083-08-25,M19,Robotic Arm,0.36,32.85,2.54,14.8,153.6,idle,98.88,15.6,46.07,0,none,0.0
2083-08-26,M19,Robotic Arm,0.4,33.54,2.51,14.6,148.5,idle,99.13,10.6,45.82,0,none,0.0
2083-08-27,M19,Robotic Arm,0.44,31.06,2.51,19.0,153.1,idle,99.51,13.1,45.44,0,none,0.0
2083-08-28,M19,Robotic Arm,0.44,33.34,2.61,18.1,148.9,idle,99.58,12.7,45.37,0,none,0.0
2083-08-29,M19,Robotic Arm,1.16,45.67,5.98,39.7,366.1,normal,100.05,11.8,44.91,0,none,0.0
2083-08-30,M19,Robotic Arm,0.38,34.38,2.28,16.6,143.4,idle,100.5,15.0,44.46,0,none,0.0
2083-08-31,M19,Robotic Arm,0.37,34.56,2.45,14.4,157.1,idle,100.68,11.9,44.27,0,none,0.0
2083-09-01,M19,Robotic Arm,0.4,36.14,2.68,19.4,153.3,idle,100.98,17.3,43.97,0,none,0.0
2083-09-02,M19,Robotic Arm,0.36,35.46,2.68,16.6,156.7,idle,101.03,14.1,43.92,0,none,0.0
2083-09-03,M19,Robotic Arm,0.37,36.2,2.4,15.0,146.5,idle,101.43,9.2,43.52,0,none,0.0
2083-09-04,M19,Robotic Arm,0.4,37.11,2.51,16.1,145.4,idle,101.71,9.2,43.24,0,none,0.0
2083-09-05,M19,Robotic Arm,1.02,50.88,5.6,41.3,349.2,normal,101.88,17.4,43.07,0,none,0.0
2083-09-06,M19,Robotic Arm,0.41,33.82,2.3,41.3,143.8,idle,102.0,16.3,42.96,0,none,0.0
2083-09-07,M19,Robotic Arm,1.32,42.81,6.19,43.0,334.8,normal,102.2,17.2,42.76,0,none,0.0
2083-09-08,M19,Robotic Arm,0.41,38.38,2.32,16.8,152.8,idle,102.45,17.2,42.51,0,none,0.0
2083-09-09,M19,Robotic Arm,0.37,33.86,2.32,17.3,154.4,idle,102.75,11.5,42.21,0,none,0.0
2083-09-10,M19,Robotic Arm,0.4,33.09,2.53,19.2,151.0,idle,102.86,13.9,42.09,0,none,0.0
2083-09-11,M19,Robotic Arm,1.63,49.46,8.26,55.8,491.7,peak,103.31,8.2,41.64,0,none,0.0
2083-09-12,M19,Robotic Arm,1.44,50.37,5.96,47.2,349.8,normal,103.7,10.1,41.26,0,none,0.0
2083-09-13,M19,Robotic Arm,0.45,34.23,2.41,19.2,145.3,idle,103.73,10.7,41.22,0,none,0.0
2083-09-14,M19,Robotic Arm,0.43,34.65,2.58,16.7,153.8,idle,104.03,10.9,40.92,0,none,0.0
2083-09-15,M19,Robotic Arm,1.19,35.09,2.55,19.9,149.3,idle,104.41,14.8,40.54,0,none,0.0
2083-09-16,M19,Robotic Arm,0.41,34.05,2.59,19.7,154.7,idle,104.83,13.3,40.12,0,none,0.0
2083-09-17,M19,Robotic Arm,1.3,45.36,6.18,43.5,347.5,normal,105.11,12.4,39.84,0,none,0.0
2083-09-18,M19,Robotic Arm,1.37,44.18,6.05,44.0,358.2,normal,105.31,13.2,39.64,0,none,0.0
2083-09-19,M19,Robotic Arm,0.91,47.39,5.79,46.4,339.8,normal,105.41,10.1,39.54,0,none,0.0
2083-09-20,M19,Robotic Arm,1.05,47.39,5.82,42.0,331.7,normal,105.66,14.8,39.29,0,none,0.0
2083-09-21,M19,Robotic Arm,1.11,50.76,6.07,39.4,354.3,normal,106.03,13.1,38.92,0,none,0.0
2083-09-22,M19,Robotic Arm,1.09,53.31,6.33,39.4,356.4,normal,106.41,17.4,38.54,0,none,0.0
2083-09-23,M19,Robotic Arm,0.94,47.39,5.76,39.2,333.1,normal,106.56,8.5,38.39,0,none,0.0
2083-09-24,M19,Robotic Arm,0.9,52.48,5.85,38.1,336.0,normal,106.81,14.2,38.14,0,none,0.0
2083-09-25,M19,Robotic Arm,0.9,35.86,2.74,14.1,152.9,idle,107.3,12.7,37.66,0,none,0.0
2083-09-26,M19,Robotic Arm,1.02,55.04,6.32,40.5,337.3,normal,107.46,16.1,37.49,0,none,0.0
2083-09-27,M19,Robotic Arm,1.07,45.65,5.88,44.0,347.7,normal,107.63,11.0,37.32,0,none,0.0
2083-09-28,M19,Robotic Arm,1.03,53.83,6.33,42.9,332.9,normal,107.66,14.8,37.29,0,none,0.0
2083-09-29,M19,Robotic Arm,1.14,47.85,6.45,46.6,329.6,normal,107.71,11.4,37.24,0,none,0.0
2083-09-30,M19,Robotic Arm,0.91,52.92,5.77,40.0,356.0,normal,107.75,17.7,37.21,0,none,0.0
2083-10-01,M19,Robotic Arm,1.12,54.12,5.83,44.8,346.2,normal,108.21,9.9,36.74,0,none,0.0
2083-10-02,M19,Robotic Arm,1.34,47.32,5.83,38.8,347.3,normal,108.65,16.9,36.31,0,none,0.0
2083-10-03,M19,Robotic Arm,0.45,36.76,2.68,14.9,140.2,idle,108.8,17.8,36.16,0,none,0.0
2083-10-04,M19,Robotic Arm,0.43,38.42,2.66,18.3,152.9,idle,109.08,17.8,35.87,0,none,0.0
2083-10-05,M19,Robotic Arm,0.41,40.01,2.5,18.3,152.9,idle,109.36,14.2,35.59,0,none,0.0
2083-10-06,M19,Robotic Arm,0.45,40.33,2.68,15.3,149.9,idle,109.61,9.0,35.34,0,none,0.0
2083-10-07,M19,Robotic Arm,0.45,56.47,6.26,45.5,340.6,normal,109.91,15.4,35.04,0,none,0.0
2083-10-08,M19,Robotic Arm,0.46,41.62,2.65,14.9,150.7,idle,109.95,11.9,35.01,0,none,0.0
2083-10-09,M19,Robotic Arm,0.47,39.74,2.64,16.5,150.7,idle,110.03,8.5,34.92,0,none,0.0
2083-10-10,M19,Robotic Arm,0.43,41.21,2.48,15.6,139.8,idle,110.23,16.4,34.72,0,none,0.0
2083-10-11,M19,Robotic Arm,1.36,54.37,6.05,43.8,337.7,normal,110.71,10.1,34.24,0,none,0.0
2083-10-12,M19,Robotic Arm,1.01,53.85,6.49,41.4,339.9,normal,110.83,8.8,34.12,0,none,0.0
2083-10-13,M19,Robotic Arm,0.4,38.73,2.58,18.9,149.6,idle,111.1,15.9,33.86,0,none,0.0
2083-10-14,M19,Robotic Arm,0.4,39.11,2.84,17.7,139.7,idle,111.58,17.2,33.37,0,none,0.0
2083-10-15,M19,Robotic Arm,1.36,52.63,5.97,38.2,348.2,normal,111.86,14.9,33.09,0,none,0.0
2083-10-16,M19,Robotic Arm,1.11,53.13,5.99,44.8,325.5,normal,112.05,17.7,32.91,0,none,0.0
2083-10-17,M19,Robotic Arm,0.47,43.13,2.53,17.3,144.0,idle,112.26,9.3,32.69,0,none,0.0
2083-10-18,M19,Robotic Arm,0.42,44.18,2.85,14.7,141.8,idle,112.68,8.9,32.27,0,none,0.0
2083-10-19,M19,Robotic Arm,1.03,52.55,5.89,45.0,324.2,normal,112.93,13.1,32.02,0,none,0.0
2083-10-20,M19,Robotic Arm,1.05,57.9,6.64,44.2,343.1,normal,113.21,10.3,31.74,0,none,0.0
2083-10-21,M19,Robotic Arm,1.28,52.09,6.13,47.1,348.1,normal,113.4,15.8,31.56,0,none,0.0
2083-10-22,M19,Robotic Arm,1.48,59.08,6.62,47.0,347.0,normal,113.71,13.7,31.24,0,none,0.0
2083-10-23,M19,Robotic Arm,0.42,46.46,2.77,17.1,139.0,idle,114.16,15.2,30.79,0,none,0.0
2083-10-24,M19,Robotic Arm,1.46,51.74,6.14,17.1,139.0,normal,114.25,8.7,30.71,0,none,0.0
2083-10-25,M19,Robotic Arm,0.41,44.27,2.94,16.6,139.5,idle,114.55,9.3,30.41,0,none,0.0
2083-10-26,M19,Robotic Arm,1.24,56.06,6.77,46.1,343.3,normal,114.61,17.5,30.34,0,none,0.0
2083-10-27,M19,Robotic Arm,1.24,47.57,2.93,18.6,148.0,idle,115.06,9.0,29.89,0,none,0.0
2083-10-28,M19,Robotic Arm,0.49,43.7,2.97,14.8,149.2,idle,115.2,13.9,29.76,0,none,0.0
2083-10-29,M19,Robotic Arm,1.08,55.75,6.53,47.4,328.0,normal,115.5,13.4,29.46,0,none,0.0
2083-10-30,M19,Robotic Arm,1.08,50.71,6.53,41.9,332.4,normal,115.93,12.1,29.02,0,none,0.0
2083-10-31,M19,Robotic Arm,1.0,50.71,6.35,44.4,337.5,normal,116.08,16.0,28.87,0,none,0.0
2083-11-01,M19,Robotic Arm,1.34,52.11,6.13,38.7,335.5,normal,116.25,11.7,28.71,0,none,0.0
2083-11-02,M19,Robotic Arm,1.01,52.11,6.87,38.7,337.4,normal,116.66,16.0,28.29,0,none,0.0
2083-11-03,M19,Robotic Arm,1.23,60.88,6.76,39.2,326.8,normal,117.11,14.4,27.84,0,none,0.0
2083-11-04,M19,Robotic Arm,1.35,52.25,6.84,40.4,341.4,normal,117.55,17.9,27.41,0,none,0.0
2083-11-05,M19,Robotic Arm,1.79,60.05,9.91,61.4,468.9,peak,117.83,16.4,27.12,0,none,0.0
2083-11-06,M19,Robotic Arm,1.79,54.02,6.23,39.6,325.0,normal,118.01,9.1,26.94,0,none,0.0
2083-11-07,M19,Robotic Arm,0.41,50.0,2.63,19.2,142.0,idle,118.48,15.9,26.47,0,none,0.0
2083-11-08,M19,Robotic Arm,1.07,57.63,6.95,46.9,327.0,normal,118.6,17.4,26.36,0,none,0.0
2083-11-09,M19,Robotic Arm,0.48,44.55,2.84,15.4,139.2,idle,119.01,17.2,25.94,0,none,0.0
2083-11-10,M19,Robotic Arm,0.48,63.03,6.94,41.8,329.8,normal,119.1,14.5,25.86,0,none,0.0
2083-11-11,M19,Robotic Arm,0.5,44.98,2.98,15.0,138.7,idle,119.45,12.4,25.51,0,none,0.0
2083-11-12,M19,Robotic Arm,0.42,48.33,2.72,16.7,135.1,idle,119.55,12.2,25.41,0,none,0.0
2083-11-13,M19,Robotic Arm,0.43,49.67,2.82,18.9,141.0,idle,119.85,9.5,25.11,0,none,0.0
2083-11-14,M19,Robotic Arm,1.18,47.51,2.79,15.5,141.0,idle,119.93,10.7,25.02,0,none,0.0
2083-11-15,M19,Robotic Arm,0.49,50.08,2.71,19.6,140.6,idle,120.38,16.3,24.57,0,none,0.0
2083-11-16,M19,Robotic Arm,0.42,51.85,2.85,15.0,145.7,idle,120.65,14.8,24.31,0,none,0.0
2083-11-17,M19,Robotic Arm,0.46,46.85,2.96,19.9,135.3,idle,120.91,15.0,24.04,0,none,0.0
2083-11-18,M19,Robotic Arm,0.45,49.09,2.95,15.4,136.7,idle,120.95,9.0,24.01,0,none,0.0
2083-11-19,M19,Robotic Arm,0.48,50.53,2.77,14.3,145.0,idle,121.41,17.2,23.54,1,motor_overheat,7427.0
2083-11-20,M19,Robotic Arm,1.42,64.51,6.33,42.9,318.1,normal,121.73,8.8,23.22,1,motor_overheat,6234.0
2083-11-21,M19,Robotic Arm,0.49,47.94,2.79,18.3,145.1,idle,121.9,10.4,23.06,1,motor_overheat,7616.0
2083-11-22,M19,Robotic Arm,1.56,54.52,7.09,47.7,314.5,normal,122.33,17.7,22.62,1,motor_overheat,6264.0
2083-11-23,M19,Robotic Arm,0.51,53.29,2.77,15.8,137.6,idle,122.48,13.1,22.47,1,motor_overheat,6700.0
2083-11-24,M19,Robotic Arm,0.51,46.88,2.94,17.5,142.3,idle,122.68,17.4,22.27,1,motor_overheat,7104.0
2083-11-25,M19,Robotic Arm,0.43,50.21,2.88,16.4,137.9,idle,122.86,8.2,22.09,1,motor_overheat,4228.0
2083-11-26,M19,Robotic Arm,0.51,51.5,3.04,15.9,133.2,idle,122.93,17.8,22.02,1,motor_overheat,7889.0
2083-11-27,M19,Robotic Arm,1.08,53.31,2.9,16.3,139.2,idle,123.26,15.0,21.69,1,motor_overheat,7243.0
2083-11-28,M19,Robotic Arm,0.44,51.63,3.16,14.4,143.8,idle,123.46,15.1,21.49,1,motor_overheat,3565.0
2083-11-29,M19,Robotic Arm,0.42,53.62,2.77,17.0,139.8,idle,123.85,15.2,21.11,1,motor_overheat,6198.0
2083-11-30,M19,Robotic Arm,0.48,52.13,3.04,19.1,133.1,idle,124.23,10.0,20.72,1,motor_overheat,7763.0
2083-12-01,M19,Robotic Arm,0.49,48.49,3.1,18.8,135.1,idle,124.56,12.9,20.39,1,motor_overheat,7403.0
2083-12-02,M19,Robotic Arm,1.14,56.43,6.65,43.0,320.9,normal,124.95,11.9,20.01,1,motor_overheat,3262.0
2083-12-03,M19,Robotic Arm,0.44,53.11,2.98,14.8,136.5,idle,125.43,16.5,19.52,1,motor_overheat,7046.0
2083-12-04,M19,Robotic Arm,0.52,53.72,3.2,16.7,132.2,idle,125.76,8.4,19.19,1,motor_overheat,7644.0
2083-12-05,M19,Robotic Arm,0.52,49.87,3.21,15.8,140.8,idle,126.05,17.4,18.91,1,motor_overheat,7908.0
2083-12-06,M19,Robotic Arm,0.51,52.69,2.95,15.1,141.6,idle,126.41,8.2,18.54,1,motor_overheat,7722.0
2083-12-07,M19,Robotic Arm,1.23,64.86,6.74,45.4,327.3,normal,126.71,17.5,18.24,1,motor_overheat,4993.0
2083-12-08,M19,Robotic Arm,1.01,64.86,6.59,38.4,309.7,normal,127.01,8.1,17.94,1,motor_overheat,4550.0
2083-12-09,M19,Robotic Arm,0.45,55.45,3.02,14.6,132.0,idle,127.25,10.8,17.71,1,motor_overheat,7154.0
2083-12-10,M19,Robotic Arm,1.08,62.25,6.83,45.1,132.0,normal,127.66,14.1,17.29,1,motor_overheat,4227.0
2083-12-11,M19,Robotic Arm,2.1,77.01,9.44,57.3,436.2,peak,128.06,11.8,16.89,1,motor_overheat,6237.0
2083-12-12,M19,Robotic Arm,1.22,65.65,6.83,39.9,317.1,normal,128.35,10.5,16.61,1,motor_overheat,5633.0
2083-12-13,M19,Robotic Arm,0.42,57.88,3.27,14.8,133.2,idle,128.6,9.9,16.36,1,motor_overheat,4458.0
2083-12-14,M19,Robotic Arm,2.0,69.16,9.5,55.5,456.6,peak,128.7,17.2,16.26,1,motor_overheat,5694.0
2083-12-15,M19,Robotic Arm,1.16,65.17,6.86,43.2,333.2,normal,128.73,14.5,16.22,1,motor_overheat,6817.0
2083-12-16,M19,Robotic Arm,1.48,62.98,7.57,38.4,310.4,normal,129.15,13.2,15.81,1,motor_overheat,5358.0
2083-12-17,M19,Robotic Arm,0.48,53.73,3.16,14.2,134.0,idle,129.45,16.4,15.51,1,motor_overheat,3094.0
2083-12-18,M19,Robotic Arm,0.53,54.82,2.91,17.1,135.0,idle,129.88,11.7,15.07,1,motor_overheat,5713.0
2083-12-19,M19,Robotic Arm,1.22,70.16,7.5,42.2,321.1,normal,130.05,9.8,14.91,1,motor_overheat,3233.0
2083-12-20,M19,Robotic Arm,1.51,68.35,6.98,44.6,329.4,normal,130.15,13.7,14.81,1,motor_overheat,4222.0
2083-12-21,M19,Robotic Arm,1.06,68.35,7.51,44.0,305.3,normal,130.3,18.0,14.66,1,motor_overheat,6709.0
2083-12-22,M19,Robotic Arm,2.1,68.05,10.69,59.8,439.7,peak,130.78,17.7,14.17,1,motor_overheat,4438.0
2083-12-23,M19,Robotic Arm,0.5,54.24,3.11,16.9,132.7,idle,131.26,9.9,13.69,1,motor_overheat,7123.0
2083-12-24,M19,Robotic Arm,1.48,64.85,7.58,38.8,323.7,normal,131.65,15.9,13.31,1,motor_overheat,5014.0
2083-12-25,M19,Robotic Arm,1.33,64.65,7.69,40.0,314.0,normal,132.06,17.2,12.89,1,motor_overheat,5232.0
2083-12-26,M19,Robotic Arm,1.36,64.73,6.83,47.0,326.2,normal,132.41,13.5,12.54,1,motor_overheat,5427.0
2083-12-27,M19,Robotic Arm,1.47,65.42,7.41,47.6,325.4,normal,132.88,15.4,12.07,1,motor_overheat,7683.0
2083-12-28,M19,Robotic Arm,1.15,71.98,7.6,47.2,302.8,normal,133.11,12.2,11.84,1,motor_overheat,7027.0
2083-12-29,M19,Robotic Arm,1.56,68.58,7.6,41.5,322.3,normal,133.26,16.9,11.69,1,motor_overheat,4914.0
2083-12-30,M19,Robotic Arm,1.33,66.39,7.79,42.6,322.1,normal,133.63,16.4,11.32,1,motor_overheat,3893.0
2083-12-31,M19,Robotic Arm,1.89,66.39,10.68,60.1,429.7,peak,133.75,8.1,11.21,1,motor_overheat,4123.0
2084-01-01,M19,Robotic Arm,0.44,59.61,3.32,17.4,134.4,idle,133.81,11.2,11.14,1,motor_overheat,7672.0
2084-01-02,M19,Robotic Arm,1.41,64.2,6.87,46.3,322.9,normal,134.2,17.3,10.76,1,motor_overheat,5703.0
2084-01-03,M19,Robotic Arm,1.56,72.36,7.05,39.1,304.4,normal,134.43,17.1,10.52,1,motor_overheat,4229.0
2084-01-04,M19,Robotic Arm,1.48,67.62,6.84,47.5,306.1,normal,134.6,8.4,10.36,1,motor_overheat,4382.0
2084-01-05,M19,Robotic Arm,1.86,74.71,10.15,58.7,456.1,peak,134.96,14.9,9.99,1,motor_overheat,4939.0
2084-01-06,M19,Robotic Arm,0.51,60.56,3.37,14.7,456.1,idle,135.41,16.6,9.54,1,motor_overheat,6800.0
2084-01-07,M19,Robotic Arm,0.55,57.38,3.29,15.2,133.7,idle,135.73,8.2,9.22,1,motor_overheat,6181.0
2084-01-08,M19,Robotic Arm,1.32,64.86,7.61,46.5,301.1,normal,136.05,14.2,8.91,1,motor_overheat,6350.0
2084-01-09,M19,Robotic Arm,2.01,71.0,10.27,57.6,449.8,peak,136.21,9.5,8.74,1,motor_overheat,4890.0
2084-01-10,M19,Robotic Arm,2.16,81.67,10.08,56.3,431.3,peak,136.53,11.6,8.42,1,motor_overheat,6000.0
2084-01-11,M19,Robotic Arm,1.57,64.22,7.08,43.0,298.5,normal,136.58,13.9,8.37,1,motor_overheat,4435.0
2084-01-12,M19,Robotic Arm,1.91,75.35,10.32,58.6,446.4,peak,137.01,15.6,7.94,1,motor_overheat,3310.0
2084-01-13,M19,Robotic Arm,0.46,61.88,3.41,15.8,127.3,idle,137.41,13.3,7.54,1,motor_overheat,4048.0
2084-01-14,M19,Robotic Arm,0.51,62.85,3.2,16.6,136.2,idle,137.86,10.7,7.09,1,motor_overheat,7853.0
2084-01-15,M19,Robotic Arm,0.51,64.95,7.93,40.5,312.4,normal,137.95,14.3,7.01,1,motor_overheat,3827.0
2084-01-16,M19,Robotic Arm,4.21,71.59,7.25,45.4,302.8,normal,137.98,11.2,6.97,1,motor_overheat,6980.0
2084-01-17,M19,Robotic Arm,1.72,72.23,7.81,45.5,321.7,normal,138.03,13.8,6.92,1,motor_overheat,6338.0
2084-01-18,M19,Robotic Arm,1.43,65.79,7.08,41.6,305.6,normal,138.2,15.5,6.76,1,motor_overheat,6130.0
2084-01-19,M19,Robotic Arm,1.98,84.22,10.72,64.0,419.8,peak,138.36,11.7,6.59,1,motor_overheat,3893.0
2084-01-20,M19,Robotic Arm,1.31,70.23,7.06,44.5,299.2,normal,138.86,9.4,6.09,1,motor_overheat,4393.0
2084-01-21,M19,Robotic Arm,1.31,78.44,8.02,40.6,303.5,normal,139.05,14.7,5.91,1,motor_overheat,4352.0
2084-01-22,M19,Robotic Arm,0.51,61.0,8.02,17.4,131.9,idle,139.46,11.7,5.49,1,motor_overheat,3638.0
2084-01-23,M19,Robotic Arm,1.75,68.85,7.98,45.3,300.0,normal,139.5,9.8,5.46,1,motor_overheat,4294.0
2084-01-24,M19,Robotic Arm,1.98,80.84,10.29,59.8,427.2,peak,139.91,16.1,5.04,1,motor_overheat,4780.0
2084-01-25,M19,Robotic Arm,1.68,74.33,7.77,41.3,299.6,normal,140.25,14.8,4.71,1,motor_overheat,7425.0
2084-01-26,M19,Robotic Arm,2.11,85.99,11.04,41.3,448.1,peak,140.45,16.4,4.51,1,motor_overheat,3986.0
2084-01-27,M19,Robotic Arm,2.23,85.34,10.84,64.0,423.4,peak,140.63,12.9,4.32,1,motor_overheat,5596.0
2084-01-28,M19,Robotic Arm,1.64,74.84,8.13,41.0,296.7,normal,140.68,9.0,4.27,1,motor_overheat,5201.0
2084-01-29,M19,Robotic Arm,2.19,87.03,10.47,56.0,428.6,peak,141.13,14.2,3.82,1,motor_overheat,6215.0
2084-01-30,M19,Robotic Arm,1.6,75.32,8.16,46.1,307.3,normal,141.61,14.9,3.34,1,motor_overheat,3691.0
2084-01-31,M19,Robotic Arm,0.5,66.67,3.3,19.2,132.3,idle,141.96,13.8,2.99,1,motor_overheat,4832.0
2084-02-01,M19,Robotic Arm,1.59,68.71,3.3,45.5,132.3,normal,142.35,8.9,2.61,1,motor_overheat,5692.0
2084-02-02,M19,Robotic Arm,1.59,68.71,7.24,41.6,293.7,normal,142.7,14.4,2.26,1,motor_overheat,4467.0
2084-02-03,M19,Robotic Arm,1.22,73.02,7.95,47.3,316.2,normal,143.16,17.3,1.79,1,motor_overheat,7425.0
2084-02-04,M19,Robotic Arm,0.55,63.62,3.23,15.8,134.8,idle,143.23,17.3,1.72,1,motor_overheat,5021.0
2084-02-05,M19,Robotic Arm,0.56,62.45,3.33,17.9,124.1,idle,143.6,9.2,1.36,1,motor_overheat,5495.0
2084-02-06,M19,Robotic Arm,0.53,68.89,3.09,15.0,125.0,idle,144.0,14.2,0.96,1,motor_overheat,7677.0
2084-02-07,M19,Robotic Arm,1.36,74.3,8.31,46.0,306.0,normal,144.26,15.9,0.69,1,motor_overheat,3710.0
2084-02-08,M19,Robotic Arm,1.36,67.37,3.17,16.1,131.7,idle,144.55,8.2,0.5,1,motor_overheat,3869.0
2084-02-09,M19,Robotic Arm,1.36,66.39,3.54,17.3,134.3,idle,144.9,15.5,0.5,1,motor_overheat,3840.0
2084-02-10,M19,Robotic Arm,0.42,31.77,2.35,17.9,152.5,idle,0.0,12.4,94.06,0,none,0.0
2084-02-11,M19,Robotic Arm,1.8,49.94,7.75,64.6,491.5,peak,0.27,8.8,93.79,0,none,0.0
2084-02-12,M19,Robotic Arm,1.34,41.4,5.76,40.0,356.8,normal,0.45,17.2,93.61,0,none,0.0
2084-02-13,M19,Robotic Arm,0.37,29.66,2.26,16.7,152.7,idle,0.63,17.0,93.42,0,none,0.0
2084-02-14,M19,Robotic Arm,0.99,42.98,5.42,43.2,360.6,normal,0.95,16.2,93.11,0,none,0.0
2084-02-15,M19,Robotic Arm,0.88,46.18,5.49,43.2,353.4,normal,1.2,11.5,92.86,0,none,0.0
2084-02-16,M19,Robotic Arm,1.37,37.47,5.7,46.3,352.9,normal,1.3,8.3,92.76,0,none,0.0
2084-02-17,M19,Robotic Arm,1.37,37.47,5.78,46.3,349.4,normal,1.33,9.9,92.72,0,none,0.0
2084-02-18,M19,Robotic Arm,0.43,28.7,2.37,15.7,149.1,idle,1.45,9.9,92.61,0,none,0.0
2084-02-19,M19,Robotic Arm,1.36,45.09,5.81,42.9,358.6,normal,1.88,14.5,92.17,0,none,0.0
2084-02-20,M19,Robotic Arm,1.28,38.47,5.43,46.8,346.9,normal,2.27,10.0,91.79,0,none,0.0
2084-02-21,M19,Robotic Arm,1.22,46.95,5.96,41.0,368.5,normal,2.53,17.9,91.52,0,none,0.0
2084-02-22,M19,Robotic Arm,0.36,46.95,2.36,18.6,146.3,idle,2.95,8.5,91.11,0,none,0.0
2084-02-23,M19,Robotic Arm,0.97,41.2,5.26,41.5,358.4,normal,3.32,11.5,90.74,0,none,0.0
2084-02-24,M19,Robotic Arm,0.43,31.51,2.38,16.0,150.5,idle,3.72,14.2,90.34,0,none,0.0
2084-02-25,M19,Robotic Arm,0.4,30.77,2.33,17.7,159.9,idle,3.8,12.3,90.26,0,none,0.0
2084-02-26,M19,Robotic Arm,1.01,36.56,5.32,44.1,356.7,normal,4.27,17.8,89.79,0,none,0.0
2084-02-27,M19,Robotic Arm,0.36,30.87,2.54,16.9,156.7,idle,4.53,17.5,89.52,0,none,0.0
2084-02-28,M19,Robotic Arm,0.88,41.39,5.86,44.0,343.4,normal,4.88,10.7,89.17,0,none,0.0
2084-02-29,M19,Robotic Arm,1.34,37.41,5.77,38.7,356.1,normal,4.92,8.2,89.14,0,none,0.0
2084-03-01,M19,Robotic Arm,1.02,47.69,5.77,42.4,365.6,normal,5.25,11.2,88.81,0,none,0.0
2084-03-02,M19,Robotic Arm,0.98,41.77,5.86,44.8,353.5,normal,5.38,15.5,88.67,0,none,0.0
2084-03-03,M19,Robotic Arm,0.4,30.03,5.86,14.8,156.3,idle,5.57,13.8,88.49,0,none,0.0
2084-03-04,M19,Robotic Arm,3.23,35.68,5.83,46.4,341.0,normal,6.02,14.7,88.04,0,none,0.0
2084-03-05,M19,Robotic Arm,1.17,46.61,5.65,46.4,369.9,normal,6.05,12.3,88.01,0,none,0.0
2084-03-06,M19,Robotic Arm,1.34,43.25,5.61,39.9,365.3,normal,6.37,17.6,87.69,0,none,0.0
2084-03-07,M19,Robotic Arm,1.01,35.09,5.24,40.0,364.4,normal,6.83,9.2,87.22,0,none,0.0
2084-03-08,M19,Robotic Arm,1.79,51.32,7.67,63.6,512.4,peak,6.95,16.3,87.11,0,none,0.0
2084-03-09,M19,Robotic Arm,0.43,29.27,2.41,17.8,155.2,idle,7.35,16.9,86.71,0,none,0.0
2084-03-10,M19,Robotic Arm,0.42,28.09,2.58,17.5,147.9,idle,7.82,13.4,86.24,0,none,0.0
2084-03-11,M19,Robotic Arm,1.27,35.7,5.33,42.0,356.9,normal,8.03,10.7,86.02,0,none,0.0
2084-03-12,M19,Robotic Arm,1.08,38.95,5.79,38.1,360.4,normal,8.13,8.9,85.92,0,none,0.0
2084-03-13,M19,Robotic Arm,1.37,36.96,5.88,39.9,352.6,normal,8.62,17.8,85.44,0,none,0.0
2084-03-14,M19,Robotic Arm,1.39,45.23,5.49,41.5,349.7,normal,9.0,14.9,85.06,0,none,0.0
2084-03-15,M19,Robotic Arm,1.05,47.69,5.47,42.5,346.4,normal,9.08,12.3,84.97,0,none,0.0
2084-03-16,M19,Robotic Arm,1.2,47.69,5.43,40.1,353.5,normal,9.45,11.4,84.61,0,none,0.0
2084-03-17,M19,Robotic Arm,1.23,40.29,5.32,39.8,348.6,normal,9.77,9.2,84.29,0,none,0.0
2084-03-18,M19,Robotic Arm,1.31,41.62,5.67,40.0,359.6,normal,10.2,8.1,83.86,0,none,0.0
2084-03-19,M19,Robotic Arm,1.31,29.4,2.22,18.0,157.2,idle,10.4,15.5,83.66,0,none,0.0
2084-03-20,M19,Robotic Arm,1.23,40.57,2.22,48.0,358.7,normal,10.72,12.4,83.34,0,none,0.0
2084-03-21,M19,Robotic Arm,1.14,42.02,2.22,44.9,365.3,normal,10.78,12.7,83.27,0,none,0.0
2084-03-22,M19,Robotic Arm,1.25,42.02,5.49,43.9,369.8,normal,10.83,15.4,83.22,0,none,0.0
2084-03-23,M19,Robotic Arm,1.25,37.45,5.82,39.9,360.2,normal,11.02,12.6,83.04,0,none,0.0
2084-03-24,M19,Robotic Arm,0.45,32.49,2.39,19.0,156.6,idle,11.1,9.5,82.96,0,none,0.0
2084-03-25,M19,Robotic Arm,1.24,36.52,2.39,38.1,341.7,normal,11.18,13.6,82.87,0,none,0.0
2084-03-26,M19,Robotic Arm,0.87,36.42,5.55,47.5,342.2,normal,11.27,10.4,82.79,0,none,0.0
2084-03-27,M19,Robotic Arm,1.72,48.6,7.78,58.2,480.9,peak,11.43,11.6,82.62,0,none,0.0
2084-03-28,M19,Robotic Arm,1.24,36.31,5.23,42.7,354.3,normal,11.57,16.2,82.49,0,none,0.0
2084-03-29,M19,Robotic Arm,1.21,44.18,5.61,45.1,347.5,normal,11.6,9.4,82.46,0,none,0.0
2084-03-30,M19,Robotic Arm,1.21,47.11,5.5,38.9,364.8,normal,11.95,13.1,82.11,0,none,0.0
2084-03-31,M19,Robotic Arm,1.19,42.7,5.31,45.6,346.1,normal,12.08,8.5,81.97,0,none,0.0
2084-04-01,M19,Robotic Arm,0.87,37.09,5.76,45.9,347.4,normal,12.48,15.7,81.57,0,none,0.0
2084-04-02,M19,Robotic Arm,1.02,37.12,5.56,40.2,369.5,normal,12.53,14.9,81.52,0,none,0.0
2084-04-03,M19,Robotic Arm,1.27,42.76,5.78,39.7,362.3,normal,12.58,12.0,81.47,0,none,0.0
2084-04-04,M19,Robotic Arm,1.04,41.1,5.91,47.4,363.1,normal,12.78,8.1,81.27,0,none,0.0
2084-04-05,M19,Robotic Arm,2.68,44.68,5.7,40.0,357.6,normal,12.92,8.5,81.14,0,none,0.0
2084-04-06,M19,Robotic Arm,0.36,28.21,2.54,17.2,145.2,idle,13.23,12.4,80.82,0,none,0.0
2084-04-07,M19,Robotic Arm,1.0,43.88,5.95,46.4,353.4,normal,13.65,11.6,80.41,0,none,0.0
2084-04-08,M19,Robotic Arm,0.38,30.17,2.49,18.8,150.5,idle,13.98,15.5,80.07,0,none,0.0
2084-04-09,M19,Robotic Arm,1.19,44.69,5.88,44.4,365.9,normal,14.38,14.1,79.67,0,none,0.0
2084-04-10,M19,Robotic Arm,1.58,51.08,7.9,64.3,488.8,peak,14.6,10.5,79.46,0,none,0.0
2084-04-11,M19,Robotic Arm,1.28,47.11,5.75,45.9,366.6,normal,15.1,15.1,78.96,0,none,0.0
2084-04-12,M19,Robotic Arm,1.02,36.62,5.95,38.4,354.5,normal,15.48,11.0,78.57,0,none,0.0
2084-04-13,M19,Robotic Arm,0.38,31.88,2.6,14.3,156.5,idle,15.97,15.0,78.09,0,none,0.0
2084-04-14,M19,Robotic Arm,0.86,38.4,5.76,40.8,358.3,normal,16.38,9.4,77.67,0,none,0.0
2084-04-15,M19,Robotic Arm,0.45,34.12,2.53,15.2,149.1,idle,16.77,11.7,77.29,0,none,0.0
2084-04-16,M19,Robotic Arm,0.43,33.11,2.32,16.6,154.7,idle,16.97,17.4,77.09,0,none,0.0
2084-04-17,M19,Robotic Arm,0.97,31.19,2.24,16.6,159.9,idle,17.03,13.3,77.02,0,none,0.0
2084-04-18,M19,Robotic Arm,0.38,32.86,2.4,18.8,156.2,idle,17.1,16.1,76.96,0,none,0.0
2084-04-19,M19,Robotic Arm,0.44,32.56,2.58,14.2,151.1,idle,17.6,16.5,76.46,0,none,0.0
2084-04-20,M19,Robotic Arm,0.42,31.36,2.57,14.8,152.2,idle,18.1,17.0,75.96,0,none,0.0
2084-04-21,M19,Robotic Arm,0.44,33.3,2.52,16.8,152.2,idle,18.2,13.1,75.86,0,none,0.0
2084-04-22,M19,Robotic Arm,0.4,29.41,2.46,18.7,146.1,idle,18.3,13.7,75.76,0,none,0.0
2084-04-23,M19,Robotic Arm,0.41,32.03,2.46,20.0,152.5,idle,18.68,12.6,75.37,0,none,0.0
2084-04-24,M19,Robotic Arm,0.44,29.33,2.5,14.5,146.0,idle,19.17,12.4,74.89,0,none,0.0
2084-04-25,M19,Robotic Arm,0.96,44.58,6.0,46.1,352.7,normal,19.67,16.3,74.39,0,none,0.0
2084-04-26,M19,Robotic Arm,0.41,31.32,2.3,17.7,152.9,idle,19.92,8.0,74.14,0,none,0.0
2084-04-27,M19,Robotic Arm,0.4,28.44,2.25,17.0,150.4,idle,20.08,11.2,73.97,0,none,0.0
2084-04-28,M19,Robotic Arm,0.39,30.73,2.48,15.1,159.1,idle,20.45,13.7,73.61,0,none,0.0
2084-04-29,M19,Robotic Arm,1.11,39.43,5.22,41.5,358.8,normal,20.9,17.7,73.16,0,none,0.0
2084-04-30,M19,Robotic Arm,0.43,33.12,2.43,16.6,152.9,idle,21.22,11.8,72.84,0,none,0.0
2084-05-01,M19,Robotic Arm,0.45,34.76,2.52,15.0,159.0,idle,21.4,12.3,72.66,0,none,0.0
2084-05-02,M19,Robotic Arm,0.41,31.34,2.42,16.9,152.2,idle,21.72,9.7,72.34,0,none,0.0
2084-05-03,M19,Robotic Arm,1.09,46.65,5.56,40.2,346.9,normal,22.1,8.1,71.96,0,none,0.0
2084-05-04,M19,Robotic Arm,0.92,42.21,5.46,43.8,367.9,normal,22.52,15.2,71.54,0,none,0.0
2084-05-05,M19,Robotic Arm,0.45,30.14,2.29,14.3,149.1,idle,22.85,11.5,71.21,0,none,0.0
2084-05-06,M19,Robotic Arm,0.4,32.22,2.24,15.5,145.6,idle,22.97,16.7,71.09,0,none,0.0
2084-05-07,M19,Robotic Arm,0.43,29.89,2.43,16.8,152.2,idle,23.27,16.8,70.79,0,none,0.0
2084-05-08,M19,Robotic Arm,0.42,30.87,2.3,16.5,157.4,idle,23.5,17.8,70.56,0,none,0.0
2084-05-09,M19,Robotic Arm,0.41,34.84,2.51,18.9,156.7,idle,23.57,16.9,70.49,0,none,0.0
2084-05-10,M19,Robotic Arm,0.39,33.62,2.45,15.3,146.4,idle,23.78,16.4,70.27,0,none,0.0
2084-05-11,M19,Robotic Arm,0.4,32.08,2.34,17.8,147.3,idle,24.02,14.3,70.04,0,none,0.0
2084-05-12,M19,Robotic Arm,1.29,40.21,5.78,46.5,347.2,normal,24.5,8.5,69.56,0,none,0.0
2084-05-13,M19,Robotic Arm,1.15,36.62,5.23,38.4,368.5,normal,24.88,14.8,69.17,0,none,0.0
2084-05-14,M19,Robotic Arm,0.87,42.84,5.25,45.1,354.7,normal,25.02,13.8,69.04,0,none,0.0
2084-05-15,M19,Robotic Arm,0.96,42.84,5.47,39.5,362.2,normal,25.5,11.5,68.56,0,none,0.0
2084-05-16,M19,Robotic Arm,1.06,56.96,5.23,43.6,355.4,normal,25.97,12.6,68.09,0,none,0.0
2084-05-17,M19,Robotic Arm,1.26,41.22,5.88,41.5,362.4,normal,26.47,16.4,67.59,0,none,0.0
2084-05-18,M19,Robotic Arm,0.98,46.22,5.48,45.4,364.1,normal,26.9,12.0,67.16,0,none,0.0
2084-05-19,M19,Robotic Arm,0.98,33.61,2.32,17.6,152.8,idle,27.08,10.6,66.97,0,none,0.0
2084-05-20,M19,Robotic Arm,1.68,52.25,8.33,57.5,487.6,peak,27.32,17.1,66.74,0,none,0.0
2084-05-21,M19,Robotic Arm,0.9,44.18,5.58,39.5,354.5,normal,27.45,17.5,66.61,0,none,0.0
2084-05-22,M19,Robotic Arm,0.45,31.9,2.55,39.5,158.5,idle,27.55,10.0,66.51,0,none,0.0
2084-05-23,M19,Robotic Arm,0.41,31.78,2.26,16.7,152.3,idle,27.93,11.8,66.12,0,none,0.0
2084-05-24,M19,Robotic Arm,0.93,39.36,5.9,16.7,355.7,normal,28.03,12.7,66.02,0,none,0.0
2084-05-25,M19,Robotic Arm,0.93,47.58,5.73,38.4,361.6,normal,28.3,9.0,65.76,0,none,0.0
2084-05-26,M19,Robotic Arm,1.25,41.98,5.5,38.4,368.4,normal,28.53,16.2,65.52,0,none,0.0
2084-05-27,M19,Robotic Arm,1.77,45.69,7.57,62.5,501.3,peak,28.78,11.6,65.27,0,none,0.0
2084-05-28,M19,Robotic Arm,1.2,47.27,5.95,46.3,347.9,normal,29.17,11.2,64.89,0,none,0.0
2084-05-29,M19,Robotic Arm,1.29,46.01,5.2,42.1,349.4,normal,29.43,8.1,64.62,0,none,0.0
2084-05-30,M19,Robotic Arm,1.31,36.4,5.7,43.1,367.8,normal,29.57,11.6,64.49,0,none,0.0
2084-05-31,M19,Robotic Arm,3.16,36.0,5.91,44.0,360.1,normal,29.87,12.5,64.19,0,none,0.0
2084-06-01,M19,Robotic Arm,1.25,45.76,5.79,40.6,368.7,normal,29.93,13.7,64.12,0,none,0.0
2084-06-02,M19,Robotic Arm,0.93,40.39,5.63,38.5,343.7,normal,30.18,11.9,63.87,0,none,0.0
2084-06-03,M19,Robotic Arm,0.95,46.31,5.68,39.0,362.0,normal,30.33,17.7,63.72,0,none,0.0
2084-06-04,M19,Robotic Arm,0.4,29.11,2.42,16.3,154.7,idle,30.5,14.4,63.56,0,none,0.0
2084-06-05,M19,Robotic Arm,1.39,29.11,5.61,44.1,363.2,normal,30.6,10.8,63.46,0,none,0.0
2084-06-06,M19,Robotic Arm,0.98,36.76,5.66,45.5,352.7,normal,30.85,9.7,63.21,0,none,0.0
2084-06-07,M19,Robotic Arm,0.96,43.3,5.66,45.9,357.6,normal,31.05,12.2,63.01,0,none,0.0
2084-06-08,M19,Robotic Arm,1.05,37.85,5.23,42.0,363.1,normal,31.45,18.0,62.61,0,none,0.0
2084-06-09,M19,Robotic Arm,0.43,34.59,2.21,15.1,154.9,idle,31.8,12.4,62.26,0,none,0.0
2084-06-10,M19,Robotic Arm,1.15,44.34,5.51,41.5,361.0,normal,32.17,13.0,61.89,0,none,0.0
2084-06-11,M19,Robotic Arm,1.07,38.37,5.44,40.2,340.3,normal,32.3,10.5,61.76,0,none,0.0
2084-06-12,M19,Robotic Arm,1.71,51.55,8.29,56.8,516.6,peak,32.72,9.2,61.34,0,none,0.0
2084-06-13,M19,Robotic Arm,1.6,53.63,7.77,55.4,500.7,peak,33.0,17.4,61.06,0,none,0.0
2084-06-14,M19,Robotic Arm,1.14,46.71,5.74,46.3,365.6,normal,33.28,14.8,60.77,0,none,0.0
2084-06-15,M19,Robotic Arm,1.14,46.81,5.78,39.1,347.5,normal,33.5,15.5,60.56,0,none,0.0
2084-06-16,M19,Robotic Arm,0.91,42.59,5.38,47.4,366.8,normal,33.7,11.3,60.36,0,none,0.0
2084-06-17,M19,Robotic Arm,0.43,34.14,2.54,15.1,146.4,idle,34.02,15.8,60.04,0,none,0.0
2084-06-18,M19,Robotic Arm,1.23,39.45,5.7,44.3,365.7,normal,34.1,15.4,59.96,0,none,0.0
2084-06-19,M19,Robotic Arm,0.37,34.2,2.33,19.3,148.1,idle,34.48,17.2,59.57,0,none,0.0
2084-06-20,M19,Robotic Arm,0.37,32.31,2.56,16.9,146.2,idle,34.83,13.4,59.22,0,none,0.0
2084-06-21,M19,Robotic Arm,1.33,41.47,5.6,40.2,346.0,normal,35.2,14.8,58.86,0,none,0.0
2084-06-22,M19,Robotic Arm,1.19,40.6,5.32,47.8,341.4,normal,35.28,11.1,58.77,0,none,0.0
2084-06-23,M19,Robotic Arm,0.87,47.72,5.32,38.1,351.9,normal,35.47,16.5,58.59,0,none,0.0
2084-06-24,M19,Robotic Arm,0.97,45.48,5.4,46.2,355.9,normal,35.7,13.2,58.36,0,none,0.0
2084-06-25,M19,Robotic Arm,0.97,32.3,2.5,16.8,151.3,idle,35.92,17.0,58.14,0,none,0.0
2084-06-26,M19,Robotic Arm,1.1,44.66,5.55,40.9,364.3,normal,36.1,16.4,57.96,0,none,0.0
2084-06-27,M19,Robotic Arm,0.39,44.66,2.23,16.2,157.3,idle,36.23,16.8,57.82,0,none,0.0
2084-06-28,M19,Robotic Arm,0.42,28.92,2.39,19.6,148.5,idle,36.37,16.8,57.69,0,none,0.0
2084-06-29,M19,Robotic Arm,1.3,42.33,5.49,47.7,361.6,normal,36.47,12.3,57.59,0,none,0.0
2084-06-30,M19,Robotic Arm,1.02,37.53,5.9,43.9,341.1,normal,36.58,9.0,57.47,0,none,0.0
2084-07-01,M19,Robotic Arm,1.63,47.77,8.28,57.4,498.3,peak,36.93,9.4,57.12,0,none,0.0
2084-07-02,M19,Robotic Arm,1.63,36.61,5.84,43.2,351.6,normal,37.2,11.9,56.86,0,none,0.0
2084-07-03,M19,Robotic Arm,1.58,54.53,7.97,60.6,519.4,peak,37.4,12.2,56.66,0,none,0.0
2084-07-04,M19,Robotic Arm,1.73,46.91,8.06,59.0,502.1,peak,37.55,8.6,56.51,0,none,0.0
2084-07-05,M19,Robotic Arm,0.41,34.83,2.49,18.2,146.4,idle,37.93,8.4,56.12,0,none,0.0
2084-07-06,M19,Robotic Arm,1.6,45.65,7.6,63.7,512.5,peak,38.22,13.0,55.84,0,none,0.0
2084-07-07,M19,Robotic Arm,0.43,29.24,2.44,17.2,154.2,idle,38.5,17.3,55.56,0,none,0.0
2084-07-08,M19,Robotic Arm,1.28,36.22,5.35,40.8,354.1,normal,38.88,11.7,55.17,0,none,0.0
2084-07-09,M19,Robotic Arm,1.17,38.97,5.29,43.1,341.8,normal,39.15,17.4,54.91,0,none,0.0
2084-07-10,M19,Robotic Arm,0.39,28.31,2.29,14.7,151.7,idle,39.42,12.1,54.64,0,none,0.0
2084-07-11,M19,Robotic Arm,0.37,28.31,2.32,19.4,157.6,idle,39.82,17.9,54.24,0,none,0.0
2084-07-12,M19,Robotic Arm,1.34,40.09,5.9,47.5,368.7,normal,40.1,12.2,53.96,0,none,0.0
2084-07-13,M19,Robotic Arm,1.34,45.71,5.47,42.5,359.7,normal,40.13,9.6,53.92,0,none,0.0
2084-07-14,M19,Robotic Arm,1.27,46.7,5.97,45.7,347.2,normal,40.22,14.6,53.84,0,none,0.0
2084-07-15,M19,Robotic Arm,0.4,30.42,2.55,17.0,157.8,idle,40.32,10.6,53.74,0,none,0.0
2084-07-16,M19,Robotic Arm,0.45,30.01,2.21,15.3,154.6,idle,40.65,16.1,53.41,0,none,0.0
2084-07-17,M19,Robotic Arm,0.43,33.24,2.52,19.6,148.4,idle,40.85,9.7,53.21,0,none,0.0
2084-07-18,M19,Robotic Arm,0.36,30.3,2.54,18.4,145.5,idle,41.25,17.8,52.81,0,none,0.0
2084-07-19,M19,Robotic Arm,0.37,34.51,2.4,17.8,146.4,idle,41.52,13.4,52.54,0,none,0.0
2084-07-20,M19,Robotic Arm,0.41,33.92,2.56,16.7,153.8,idle,41.63,11.0,52.42,0,none,0.0
2084-07-21,M19,Robotic Arm,0.42,30.79,2.56,14.5,147.9,idle,41.93,8.3,52.12,0,none,0.0
2084-07-22,M19,Robotic Arm,1.39,46.33,5.48,46.3,362.9,normal,42.28,11.4,51.77,0,none,0.0
2084-07-23,M19,Robotic Arm,0.45,28.28,2.43,18.2,157.4,idle,42.65,16.1,51.41,0,none,0.0
2084-07-24,M19,Robotic Arm,0.43,29.94,2.48,18.9,152.7,idle,42.97,13.2,51.09,0,none,0.0
2084-07-25,M19,Robotic Arm,0.43,31.09,2.28,19.0,152.7,idle,43.4,17.9,50.66,0,none,0.0
2084-07-26,M19,Robotic Arm,0.36,34.4,2.54,16.5,156.7,idle,43.55,15.5,50.51,0,none,0.0
2084-07-27,M19,Robotic Arm,0.37,34.8,2.23,19.3,160.0,idle,43.77,12.2,50.29,0,none,0.0
2084-07-28,M19,Robotic Arm,0.38,33.68,2.57,19.7,155.8,idle,44.05,9.9,50.01,0,none,0.0
2084-07-29,M19,Robotic Arm,0.41,28.73,2.39,16.4,145.3,idle,44.2,16.3,49.86,0,none,0.0
2084-07-30,M19,Robotic Arm,0.38,33.2,2.32,14.2,156.6,idle,44.25,11.3,49.81,0,none,0.0
2084-07-31,M19,Robotic Arm,0.43,28.19,2.53,18.8,154.3,idle,44.6,13.4,49.46,0,none,0.0
2084-08-01,M19,Robotic Arm,0.35,34.61,2.24,18.3,156.5,idle,44.83,13.7,49.22,0,none,0.0
2084-08-02,M19,Robotic Arm,0.44,34.63,2.31,15.4,151.2,idle,45.23,17.9,48.82,0,none,0.0
2084-08-03,M19,Robotic Arm,1.36,44.41,5.93,40.2,342.0,normal,45.55,11.6,48.51,0,none,0.0
2084-08-04,M19,Robotic Arm,0.35,28.5,2.54,19.2,158.8,idle,45.97,8.6,48.09,0,none,0.0
2084-08-05,M19,Robotic Arm,0.39,31.26,2.28,16.6,147.3,idle,46.43,17.4,47.62,0,none,0.0
2084-08-06,M19,Robotic Arm,1.19,35.21,5.54,47.9,369.8,normal,46.9,12.4,47.16,0,none,0.0
2084-08-07,M19,Robotic Arm,0.43,35.21,2.28,14.2,151.3,idle,47.12,10.1,46.94,0,none,0.0
2084-08-08,M19,Robotic Arm,0.4,28.56,2.55,17.9,150.7,idle,47.52,8.3,46.54,0,none,0.0
2084-08-09,M19,Robotic Arm,0.44,30.88,2.54,17.0,154.5,idle,47.68,11.0,46.37,0,none,0.0
2084-08-10,M19,Robotic Arm,0.36,29.81,2.46,16.5,147.0,idle,47.85,11.9,46.21,0,none,0.0
2084-08-11,M19,Robotic Arm,0.37,32.96,2.47,18.3,155.8,idle,48.08,14.4,45.97,0,none,0.0
2084-08-12,M19,Robotic Arm,1.38,47.62,5.55,45.8,362.1,normal,48.47,16.0,45.59,0,none,0.0
2084-08-13,M19,Robotic Arm,0.95,45.16,5.87,45.8,355.7,normal,48.7,10.8,45.36,0,none,0.0
2084-08-14,M19,Robotic Arm,0.99,47.13,5.27,44.6,359.5,normal,48.92,17.4,45.14,0,none,0.0
2084-08-15,M19,Robotic Arm,0.92,44.95,5.42,44.9,347.5,normal,48.98,15.5,45.07,0,none,0.0
2084-08-16,M19,Robotic Arm,1.62,46.28,8.1,61.2,500.9,peak,49.45,10.9,44.61,0,none,0.0
2084-08-17,M19,Robotic Arm,0.36,32.52,2.3,16.6,159.8,idle,49.75,13.1,44.31,0,none,0.0
2084-08-18,M19,Robotic Arm,1.32,38.58,5.37,16.6,342.6,normal,49.78,14.5,44.27,0,none,0.0
2084-08-19,M19,Robotic Arm,1.11,40.92,6.0,38.3,366.3,normal,50.28,16.7,43.77,0,none,0.0
2084-08-20,M19,Robotic Arm,1.36,43.42,5.63,39.4,360.5,normal,50.62,15.1,43.44,0,none,0.0
2084-08-21,M19,Robotic Arm,1.26,43.97,5.26,45.9,346.9,normal,50.83,17.9,43.22,0,none,0.0
2084-08-22,M19,Robotic Arm,0.38,30.74,2.46,17.4,155.6,idle,51.28,8.5,42.77,0,none,0.0
2084-08-23,M19,Robotic Arm,0.42,32.91,2.32,18.1,156.9,idle,51.47,10.4,42.59,0,none,0.0
2084-08-24,M19,Robotic Arm,0.88,47.24,5.24,45.5,359.4,normal,51.73,10.2,42.32,0,none,0.0
2084-08-25,M19,Robotic Arm,1.02,41.21,5.93,46.5,351.0,normal,52.08,9.4,41.97,0,none,0.0
2084-08-26,M19,Robotic Arm,0.39,29.51,2.37,17.9,151.8,idle,52.42,11.4,41.64,0,none,0.0
2084-08-27,M19,Robotic Arm,0.42,33.65,2.37,17.9,153.2,idle,52.6,16.3,41.46,0,none,0.0
2084-08-28,M19,Robotic Arm,0.91,38.77,5.3,46.0,361.0,normal,52.98,15.9,41.07,0,none,0.0
2084-08-29,M19,Robotic Arm,1.74,50.34,8.02,59.8,493.4,peak,53.3,16.8,40.76,0,none,0.0
2084-08-30,M19,Robotic Arm,1.33,41.06,5.37,45.5,350.1,normal,53.65,16.6,40.41,0,none,0.0
2084-08-31,M19,Robotic Arm,1.33,52.28,7.95,57.0,506.9,peak,53.92,10.0,40.14,0,none,0.0
2084-09-01,M19,Robotic Arm,1.75,47.2,7.73,55.2,514.7,peak,53.97,13.9,40.09,0,none,0.0
2084-09-02,M19,Robotic Arm,1.1,46.55,5.76,42.9,361.0,normal,54.32,12.0,39.74,0,none,0.0
2084-09-03,M19,Robotic Arm,1.02,37.56,5.32,47.2,362.3,normal,54.75,11.5,39.31,0,none,0.0
2084-09-04,M19,Robotic Arm,1.36,44.93,5.51,47.4,357.6,normal,55.13,13.2,38.92,0,none,0.0
2084-09-05,M19,Robotic Arm,1.36,37.75,5.5,41.8,340.2,normal,55.6,15.3,38.46,0,none,0.0
2084-09-06,M19,Robotic Arm,1.23,46.67,5.93,46.0,347.6,normal,55.83,12.3,38.22,0,none,0.0
2084-09-07,M19,Robotic Arm,1.06,39.3,5.56,46.0,366.7,normal,55.88,9.4,38.17,0,none,0.0
2084-09-08,M19,Robotic Arm,0.91,44.85,5.66,44.9,366.8,normal,55.95,16.3,38.11,0,none,0.0
2084-09-09,M19,Robotic Arm,1.37,35.14,5.88,39.8,344.7,normal,56.3,10.3,37.76,0,none,0.0
2084-09-10,M19,Robotic Arm,1.77,54.23,7.9,55.6,512.6,peak,56.37,10.4,37.69,0,none,0.0
2084-09-11,M19,Robotic Arm,1.75,44.73,8.48,62.9,497.9,peak,56.8,17.9,37.26,0,none,0.0
2084-09-12,M19,Robotic Arm,0.4,30.38,2.5,17.7,156.7,idle,57.12,12.0,36.94,0,none,0.0
2084-09-13,M19,Robotic Arm,1.15,35.68,5.9,42.5,361.8,normal,57.48,13.7,36.57,0,none,0.0
2084-09-14,M19,Robotic Arm,0.99,38.34,5.49,41.4,348.4,normal,57.85,8.4,36.21,0,none,0.0
2084-09-15,M19,Robotic Arm,1.03,36.82,5.21,47.8,348.4,normal,58.27,8.6,35.79,0,none,0.0
2084-09-16,M19,Robotic Arm,1.04,45.86,5.2,45.8,352.6,normal,58.35,8.3,35.71,0,none,0.0
2084-09-17,M19,Robotic Arm,0.97,36.96,5.87,40.9,354.2,normal,58.75,10.0,35.31,0,none,0.0
2084-09-18,M19,Robotic Arm,0.97,36.96,5.87,47.8,354.2,normal,59.23,14.1,34.82,0,none,0.0
2084-09-19,M19,Robotic Arm,0.37,31.31,2.27,15.5,159.8,idle,59.37,12.1,34.69,0,none,0.0
2084-09-20,M19,Robotic Arm,0.41,28.32,2.39,15.5,149.9,idle,59.45,10.6,34.61,0,none,0.0
2084-09-21,M19,Robotic Arm,1.34,45.53,5.52,45.6,355.9,normal,59.58,17.6,34.47,0,none,0.0
2084-09-22,M19,Robotic Arm,0.43,31.42,2.24,15.9,154.4,idle,59.65,9.7,34.41,0,none,0.0
2084-09-23,M19,Robotic Arm,1.79,53.46,8.34,60.5,487.5,peak,60.15,12.9,33.91,0,none,0.0
2084-09-24,M19,Robotic Arm,0.86,39.57,5.81,40.5,348.8,normal,60.5,8.7,33.56,0,none,0.0
2084-09-25,M19,Robotic Arm,0.92,44.22,5.43,44.3,355.7,normal,60.87,8.0,33.19,0,none,0.0
2084-09-26,M19,Robotic Arm,1.4,47.3,5.52,46.0,352.2,normal,61.17,14.1,32.89,0,none,0.0
2084-09-27,M19,Robotic Arm,1.0,35.19,5.78,40.8,354.4,normal,61.6,14.7,32.46,0,none,0.0
2084-09-28,M19,Robotic Arm,0.94,35.85,5.8,40.9,347.6,normal,61.9,9.4,32.16,0,none,0.0
2084-09-29,M19,Robotic Arm,0.99,36.36,5.23,39.9,364.0,normal,62.07,11.1,31.99,0,none,0.0
2084-09-30,M19,Robotic Arm,1.39,41.69,5.84,40.5,360.5,normal,62.47,15.6,31.59,0,none,0.0
2084-10-01,M19,Robotic Arm,1.34,43.02,5.76,39.0,350.7,normal,62.97,16.4,31.09,0,none,0.0
2084-10-02,M19,Robotic Arm,0.87,37.16,5.44,47.5,341.2,normal,63.25,13.8,30.81,0,none,0.0
2084-10-03,M19,Robotic Arm,1.1,45.03,5.61,43.9,368.0,normal,63.3,8.2,30.76,0,none,0.0
2084-10-04,M19,Robotic Arm,1.21,44.85,5.23,46.0,352.7,normal,63.68,8.4,30.37,0,none,0.0
2084-10-05,M19,Robotic Arm,0.86,46.04,5.97,44.0,366.7,normal,64.02,11.1,30.04,0,none,0.0
2084-10-06,M19,Robotic Arm,0.37,32.23,2.38,14.2,154.4,idle,64.17,11.2,29.89,0,none,0.0
2084-10-07,M19,Robotic Arm,0.41,28.31,2.28,15.7,147.9,idle,64.62,10.3,29.44,0,none,0.0
2084-10-08,M19,Robotic Arm,1.21,41.91,5.49,42.3,369.0,normal,64.83,17.3,29.22,0,none,0.0
2084-10-09,M19,Robotic Arm,0.36,29.31,2.42,19.9,156.1,idle,64.9,14.7,29.16,0,none,0.0
2084-10-10,M19,Robotic Arm,0.43,33.13,2.23,15.8,153.1,idle,65.38,14.5,28.67,0,none,0.0
2084-10-11,M19,Robotic Arm,0.36,30.79,2.28,17.9,146.5,idle,65.85,10.5,28.21,0,none,0.0
2084-10-12,M19,Robotic Arm,0.43,32.0,2.35,14.8,155.1,idle,65.88,17.6,28.17,0,none,0.0
2084-10-13,M19,Robotic Arm,0.43,33.94,2.25,19.9,149.8,idle,65.92,14.7,28.14,0,none,0.0
2084-10-14,M19,Robotic Arm,0.37,30.59,2.37,17.5,153.2,idle,66.4,9.6,27.66,0,none,0.0
2084-10-15,M19,Robotic Arm,0.37,29.95,2.5,15.3,155.4,idle,66.47,8.2,27.59,0,none,0.0
2084-10-16,M19,Robotic Arm,0.43,33.27,2.5,15.6,151.3,idle,66.97,9.6,27.09,0,none,0.0
2084-10-17,M19,Robotic Arm,0.4,34.63,2.33,19.6,158.1,idle,67.27,10.3,26.79,0,none,0.0
2084-10-18,M19,Robotic Arm,0.43,32.81,2.4,14.7,152.3,idle,67.32,12.1,26.74,0,none,0.0
2084-10-19,M19,Robotic Arm,0.43,31.42,2.45,16.4,146.9,idle,67.37,8.3,26.69,0,none,0.0
2084-10-20,M19,Robotic Arm,0.42,33.89,2.46,17.5,151.3,idle,67.78,17.7,26.27,0,none,0.0
2084-10-21,M19,Robotic Arm,0.42,33.89,2.43,16.0,154.3,idle,67.83,13.1,26.22,0,none,0.0
2084-10-22,M19,Robotic Arm,0.4,29.6,2.31,18.4,147.5,idle,68.18,13.3,25.87,0,none,0.0
2084-10-23,M19,Robotic Arm,0.38,33.06,2.21,14.0,150.9,idle,68.22,10.9,25.84,0,none,0.0
2084-10-24,M19,Robotic Arm,0.44,28.33,2.56,17.4,146.5,idle,68.53,17.7,25.52,0,none,0.0
2084-10-25,M19,Robotic Arm,0.43,28.32,2.41,17.7,155.2,idle,68.62,14.6,25.44,0,none,0.0
2084-10-26,M19,Robotic Arm,0.37,29.88,2.54,16.1,152.9,idle,68.92,15.3,25.14,0,none,0.0
2084-10-27,M19,Robotic Arm,0.37,29.26,2.36,14.3,147.3,idle,69.25,16.1,24.81,0,none,0.0
2084-10-28,M19,Robotic Arm,0.43,34.47,2.21,15.9,159.0,idle,69.75,10.5,24.31,0,none,0.0
2084-10-29,M19,Robotic Arm,0.42,28.09,2.24,18.4,155.2,idle,69.98,11.5,24.07,0,none,0.0
2084-10-30,M19,Robotic Arm,0.44,33.3,2.58,17.3,148.9,idle,70.25,17.7,23.81,0,none,0.0
2084-10-31,M19,Robotic Arm,0.36,28.03,2.25,17.6,151.1,idle,70.67,10.6,23.39,0,none,0.0
2084-11-01,M19,Robotic Arm,1.29,39.27,5.49,44.2,368.1,normal,70.9,17.7,23.16,0,none,0.0
2084-11-02,M19,Robotic Arm,1.18,38.0,5.51,47.2,364.1,normal,71.15,12.0,22.91,0,none,0.0
2084-11-03,M19,Robotic Arm,0.35,29.78,2.44,18.4,146.8,idle,71.25,8.5,22.81,0,none,0.0
2084-11-04,M19,Robotic Arm,0.4,31.94,2.25,16.6,145.1,idle,71.28,10.1,22.77,0,none,0.0
2084-11-05,M19,Robotic Arm,0.42,28.54,2.26,18.8,151.2,idle,71.32,13.1,22.74,0,none,0.0
2084-11-06,M19,Robotic Arm,0.42,32.58,2.26,15.0,154.9,idle,71.58,10.9,22.47,0,none,0.0
2084-11-07,M19,Robotic Arm,0.37,31.09,2.53,15.6,150.1,idle,71.83,10.7,22.22,0,none,0.0
2084-11-08,M19,Robotic Arm,0.38,33.22,2.33,16.3,153.3,idle,72.13,8.2,21.92,0,none,0.0
2084-11-09,M19,Robotic Arm,0.4,29.93,2.44,16.1,151.9,idle,72.43,11.7,21.62,0,none,0.0
2084-11-10,M19,Robotic Arm,1.06,45.2,5.63,47.9,354.8,normal,72.7,10.7,21.36,0,none,0.0
2084-11-11,M19,Robotic Arm,0.44,32.02,2.56,18.0,146.8,idle,73.12,15.8,20.94,0,none,0.0
2084-11-12,M19,Robotic Arm,0.9,44.94,5.75,42.5,352.9,normal,73.28,10.5,20.77,0,none,0.0
2084-11-13,M19,Robotic Arm,1.21,42.22,5.36,46.8,361.1,normal,73.65,17.5,20.41,0,none,0.0
2084-11-14,M19,Robotic Arm,1.21,41.19,5.96,38.1,360.9,normal,74.02,9.0,20.04,0,none,0.0
2084-11-15,M19,Robotic Arm,1.39,42.68,5.67,45.9,340.7,normal,74.35,16.6,19.71,0,none,0.0
2084-11-16,M19,Robotic Arm,0.91,45.99,5.73,47.8,352.2,normal,74.4,10.8,19.66,0,none,0.0
2084-11-17,M19,Robotic Arm,1.1,43.63,5.34,40.9,365.8,normal,74.85,16.0,19.21,0,none,0.0
2084-11-18,M19,Robotic Arm,0.43,32.0,2.34,17.8,147.6,idle,75.22,15.4,18.84,0,none,0.0
2084-11-19,M19,Robotic Arm,1.09,41.54,5.57,42.2,351.3,normal,75.55,8.1,18.51,0,none,0.0
2084-11-20,M19,Robotic Arm,1.17,39.65,5.67,43.2,350.6,normal,75.63,16.3,18.42,0,none,0.0
2084-11-21,M19,Robotic Arm,1.28,35.56,5.67,43.0,367.4,normal,76.1,13.4,17.96,0,none,0.0
2084-11-22,M19,Robotic Arm,0.36,32.09,2.27,43.0,158.0,idle,76.53,11.7,17.52,0,none,0.0
2084-11-23,M19,Robotic Arm,1.76,45.57,8.36,58.8,481.9,peak,76.93,18.0,17.12,0,none,0.0
2084-11-24,M19,Robotic Arm,0.37,32.55,2.28,17.5,147.7,idle,77.08,15.3,16.97,0,none,0.0
2084-11-25,M19,Robotic Arm,0.37,32.73,2.55,18.5,145.9,idle,77.4,15.7,16.66,0,none,0.0
2084-11-26,M19,Robotic Arm,0.44,29.12,2.49,18.4,151.8,idle,77.67,17.5,16.39,0,none,0.0
2084-11-27,M19,Robotic Arm,1.16,36.25,5.98,38.6,367.3,normal,78.12,8.3,15.94,0,none,0.0
2084-11-28,M19,Robotic Arm,0.37,30.74,2.5,38.6,155.4,idle,78.55,9.8,15.51,0,none,0.0
2084-11-29,M19,Robotic Arm,0.92,39.58,5.69,47.9,352.2,normal,78.6,10.4,15.46,0,none,0.0
2084-11-30,M19,Robotic Arm,0.38,29.96,2.54,47.9,154.7,idle,78.85,11.4,15.21,0,none,0.0
2084-12-01,M19,Robotic Arm,0.43,33.97,2.25,18.8,158.8,idle,79.27,13.3,14.79,0,none,0.0
2084-12-02,M19,Robotic Arm,1.28,44.12,5.61,45.7,357.3,normal,79.63,17.3,14.42,0,none,0.0
2084-12-03,M19,Robotic Arm,1.07,41.42,5.72,43.6,360.1,normal,80.0,15.5,14.06,0,none,0.0
2084-12-04,M19,Robotic Arm,0.45,29.83,2.6,14.3,154.1,idle,80.45,14.5,13.61,0,none,0.0
2084-12-05,M19,Robotic Arm,1.78,43.33,8.49,64.2,514.2,peak,80.48,11.7,13.57,0,none,0.0
2084-12-06,M19,Robotic Arm,1.14,37.78,5.27,38.6,357.6,normal,80.98,10.5,13.07,0,none,0.0
2084-12-07,M19,Robotic Arm,1.14,44.87,7.99,60.3,515.9,peak,81.43,8.8,12.62,0,none,0.0
2084-12-08,M19,Robotic Arm,1.14,45.37,5.82,44.8,347.4,normal,81.83,13.0,12.22,0,none,0.0
2084-12-09,M19,Robotic Arm,0.36,33.48,2.42,17.8,157.8,idle,82.0,15.8,12.06,0,none,0.0
2084-12-10,M19,Robotic Arm,0.36,29.44,2.37,16.1,159.2,idle,82.27,16.0,11.79,0,none,0.0
2084-12-11,M19,Robotic Arm,1.02,46.69,5.63,39.0,360.2,normal,82.58,14.3,11.47,0,none,0.0
2084-12-12,M19,Robotic Arm,0.42,46.69,2.37,14.9,147.7,idle,83.03,10.5,11.02,0,none,0.0
2084-12-13,M19,Robotic Arm,1.23,41.44,5.23,47.4,360.7,normal,83.48,9.7,10.57,0,none,0.0
2084-12-14,M19,Robotic Arm,0.88,44.36,5.87,42.1,362.6,normal,83.78,10.6,10.27,0,none,0.0
2084-12-15,M19,Robotic Arm,1.01,36.58,5.98,38.0,355.7,normal,83.87,8.1,10.19,0,none,0.0
2084-12-16,M19,Robotic Arm,0.9,42.75,5.2,38.6,361.2,normal,84.13,13.7,9.92,0,none,0.0
2084-12-17,M19,Robotic Arm,0.43,33.56,2.27,14.0,156.2,idle,84.22,13.7,9.84,0,none,0.0
2084-12-18,M19,Robotic Arm,0.37,30.23,2.31,19.6,158.2,idle,84.3,8.4,9.76,0,none,0.0
2084-12-19,M19,Robotic Arm,0.4,33.55,2.5,16.8,146.4,idle,84.6,11.9,9.46,0,none,0.0
2084-12-20,M19,Robotic Arm,1.28,43.81,5.33,42.9,363.9,normal,84.9,14.0,9.16,0,none,0.0
2084-12-21,M19,Robotic Arm,0.43,34.8,2.39,19.0,145.1,idle,85.07,8.7,8.99,0,none,0.0
2084-12-22,M19,Robotic Arm,0.41,29.95,2.26,18.4,150.6,idle,85.23,11.8,8.82,0,none,0.0
2084-12-23,M19,Robotic Arm,1.19,45.8,5.63,42.4,358.6,normal,85.65,10.6,8.41,0,none,0.0
2084-12-24,M19,Robotic Arm,1.4,36.65,5.42,47.3,369.8,normal,86.03,13.5,8.02,0,none,0.0
2084-12-25,M19,Robotic Arm,0.41,28.12,2.53,17.8,152.9,idle,86.3,17.6,7.76,0,none,0.0
2084-12-26,M19,Robotic Arm,0.45,28.93,2.34,17.8,145.1,idle,86.73,9.2,7.32,0,none,0.0
2084-12-27,M19,Robotic Arm,1.33,28.93,5.39,41.1,349.2,normal,86.93,9.9,7.12,0,none,0.0
2084-12-28,M19,Robotic Arm,1.32,39.17,5.42,45.4,357.4,normal,87.03,9.8,7.02,0,none,0.0
2084-12-29,M19,Robotic Arm,1.05,42.49,5.94,42.5,340.1,normal,87.2,17.3,6.86,0,none,0.0
2084-12-30,M19,Robotic Arm,1.25,47.98,5.24,44.1,352.0,normal,87.25,15.7,6.81,0,none,0.0
2084-12-31,M19,Robotic Arm,0.41,30.15,2.5,14.6,146.3,idle,87.68,14.4,6.37,0,none,0.0
2085-01-01,M19,Robotic Arm,1.15,39.17,5.94,39.9,363.3,normal,87.97,12.1,6.09,0,none,0.0
2085-01-02,M19,Robotic Arm,0.45,30.29,2.57,15.9,153.3,idle,88.45,12.8,5.61,0,none,0.0
2085-01-03,M19,Robotic Arm,0.35,29.85,2.22,14.2,159.9,idle,88.68,12.6,5.37,0,none,0.0
2085-01-04,M19,Robotic Arm,0.43,30.36,2.47,17.2,158.8,idle,88.82,15.8,5.24,0,none,0.0
2085-01-05,M19,Robotic Arm,0.99,56.2,5.21,45.3,357.3,normal,88.97,16.7,5.09,0,none,0.0
2085-01-06,M19,Robotic Arm,0.41,33.08,2.35,14.9,147.8,idle,89.05,15.2,5.01,0,none,0.0
2085-01-07,M19,Robotic Arm,0.42,34.96,2.38,15.0,146.1,idle,89.22,12.3,4.84,0,none,0.0
2085-01-08,M19,Robotic Arm,1.11,44.31,5.68,40.9,357.8,normal,89.43,12.8,4.62,0,none,0.0
2085-01-09,M19,Robotic Arm,1.15,37.82,5.53,46.8,362.6,normal,89.77,16.6,4.29,0,none,0.0
2085-01-10,M19,Robotic Arm,1.36,46.6,5.4,46.6,358.4,normal,89.95,14.9,4.11,0,none,0.0
2085-01-11,M19,Robotic Arm,0.45,29.37,2.34,16.4,145.4,idle,90.03,11.5,4.02,0,none,0.0
2085-01-12,M19,Robotic Arm,0.4,34.61,2.53,15.2,149.2,idle,90.38,13.1,3.67,0,none,0.0
2085-01-13,M19,Robotic Arm,0.45,28.42,2.38,19.3,155.5,idle,90.78,15.4,3.27,0,none,0.0
2085-01-14,M19,Robotic Arm,0.45,34.83,2.5,16.9,154.4,idle,90.88,17.2,3.17,0,none,0.0
2085-01-15,M19,Robotic Arm,0.43,30.05,2.38,18.0,149.1,idle,91.35,14.3,2.71,0,none,0.0
2085-01-16,M19,Robotic Arm,0.42,30.05,2.37,14.6,157.7,idle,91.65,10.2,2.41,0,none,0.0
2085-01-17,M19,Robotic Arm,0.38,34.48,2.52,15.9,154.1,idle,91.73,13.9,2.32,0,none,0.0
2085-01-18,M19,Robotic Arm,1.09,45.48,5.75,44.5,361.8,normal,91.77,10.0,2.29,0,none,0.0
2085-01-19,M19,Robotic Arm,0.39,30.9,2.34,15.0,150.4,idle,92.17,8.2,1.89,0,none,0.0
2085-01-20,M19,Robotic Arm,0.41,30.2,2.28,19.7,153.7,idle,92.43,10.5,1.62,0,none,0.0
2085-01-21,M19,Robotic Arm,0.35,33.47,2.47,16.3,155.5,idle,92.72,9.8,1.34,0,none,0.0
2085-01-22,M19,Robotic Arm,0.44,29.51,2.41,18.6,146.2,idle,92.88,17.1,1.17,0,none,0.0
2085-01-23,M19,Robotic Arm,1.26,44.93,5.64,45.9,360.1,normal,93.17,17.6,0.89,0,none,0.0
2085-01-24,M19,Robotic Arm,0.38,29.02,2.58,17.4,155.7,idle,93.58,9.0,0.5,0,none,0.0
2085-01-25,M19,Robotic Arm,0.4,33.2,2.26,15.3,157.8,idle,93.83,13.7,0.5,0,none,0.0
2085-01-26,M19,Robotic Arm,0.36,31.19,2.28,15.3,152.0,idle,94.25,15.4,0.5,0,none,0.0
2085-01-27,M19,Robotic Arm,1.26,39.01,5.54,40.3,343.1,normal,94.52,13.0,0.5,0,none,0.0
2085-01-28,M19,Robotic Arm,0.37,34.29,2.39,17.2,156.1,idle,94.58,14.7,0.5,0,none,0.0
2085-01-29,M19,Robotic Arm,0.44,28.16,2.25,16.6,148.0,idle,94.85,16.3,0.5,0,none,0.0
2085-01-30,M19,Robotic Arm,0.44,28.16,2.25,16.6,145.3,idle,95.08,14.9,0.5,0,none,0.0
2085-01-31,M19,Robotic Arm,1.15,44.36,6.0,39.0,340.4,normal,95.43,13.2,0.5,0,none,0.0
2085-02-01,M19,Robotic Arm,0.38,30.3,2.52,15.5,148.7,idle,95.78,9.4,0.5,0,none,0.0
2085-02-02,M19,Robotic Arm,1.76,47.58,8.16,57.1,504.1,peak,96.2,13.1,0.5,0,none,0.0
2085-02-03,M19,Robotic Arm,0.44,33.12,2.26,14.8,146.5,idle,96.43,9.1,0.5,0,none,0.0
2085-02-04,M19,Robotic Arm,0.44,32.27,2.21,14.8,149.9,idle,96.73,8.7,0.5,0,none,0.0
2085-02-05,M19,Robotic Arm,1.22,46.07,2.21,46.2,364.1,normal,96.85,14.9,0.5,0,none,0.0
2085-02-06,M19,Robotic Arm,0.36,30.71,2.57,14.6,159.7,idle,97.02,17.4,0.5,0,none,0.0
2085-02-07,M19,Robotic Arm,0.97,43.03,5.46,47.8,355.7,normal,97.4,16.4,0.5,0,none,0.0
2085-02-08,M19,Robotic Arm,0.93,46.01,5.52,46.5,353.3,normal,97.65,16.2,0.5,0,none,0.0
2085-02-09,M19,Robotic Arm,1.36,35.72,5.99,42.6,351.1,normal,98.03,17.0,0.5,0,none,0.0
2085-02-10,M19,Robotic Arm,0.35,29.6,2.33,18.4,155.5,idle,98.23,17.0,0.5,0,none,0.0
2085-02-11,M19,Robotic Arm,0.44,34.58,2.49,18.1,158.5,idle,98.55,12.6,0.5,0,none,0.0
2085-02-12,M19,Robotic Arm,0.92,36.01,5.77,41.1,352.7,normal,98.92,11.7,0.5,0,none,0.0
2085-02-13,M19,Robotic Arm,1.18,47.36,5.9,45.3,352.9,normal,99.1,17.3,0.5,0,none,0.0
2085-02-14,M19,Robotic Arm,1.29,37.34,5.85,42.8,347.9,normal,99.53,11.2,0.5,0,none,0.0
2085-02-15,M19,Robotic Arm,1.11,45.25,5.73,39.4,360.7,normal,99.85,16.5,0.5,0,none,0.0
2085-02-16,M19,Robotic Arm,1.31,36.96,5.25,38.6,340.7,normal,100.03,11.6,0.5,0,none,0.0
2085-02-17,M19,Robotic Arm,1.51,52.46,8.24,64.4,494.2,peak,100.2,9.8,0.5,0,none,0.0
2085-02-18,M19,Robotic Arm,1.24,40.34,5.65,42.4,352.5,normal,100.48,12.7,0.5,0,none,0.0
2085-02-19,M19,Robotic Arm,0.98,42.55,5.41,39.4,362.5,normal,100.68,11.2,0.5,0,none,0.0
2085-02-20,M19,Robotic Arm,1.21,38.81,5.7,38.3,369.6,normal,101.12,12.1,0.5,0,none,0.0
2085-02-21,M19,Robotic Arm,2.29,47.24,5.25,45.1,346.7,normal,101.42,17.7,0.5,0,none,0.0
2085-02-22,M19,Robotic Arm,1.38,39.1,5.23,38.3,365.7,normal,101.78,13.9,0.5,0,none,0.0
2085-02-23,M19,Robotic Arm,0.36,33.8,2.26,15.7,159.7,idle,101.88,16.2,0.5,0,none,0.0
2085-02-24,M19,Robotic Arm,1.72,43.9,7.77,59.8,515.4,peak,102.37,10.0,0.5,0,none,0.0
2085-02-25,M19,Robotic Arm,1.24,44.04,5.49,44.5,345.2,normal,102.87,10.0,0.5,0,none,0.0
2085-02-26,M19,Robotic Arm,1.16,42.28,5.75,40.4,343.5,normal,103.32,12.0,0.5,0,none,0.0
2085-02-27,M19,Robotic Arm,0.45,29.07,2.33,19.2,153.9,idle,103.5,13.2,0.5,0,none,0.0
2085-02-28,M19,Robotic Arm,0.97,41.24,5.87,47.9,359.3,normal,103.85,11.1,0.5,0,none,0.0
2085-03-01,M19,Robotic Arm,0.97,41.24,5.87,46.9,359.3,normal,104.17,8.6,0.5,0,none,0.0
2085-03-02,M19,Robotic Arm,1.05,38.04,5.37,41.6,341.4,normal,104.27,11.0,0.5,0,none,0.0
2085-03-03,M19,Robotic Arm,1.32,46.07,5.95,38.7,357.1,normal,104.72,11.6,0.5,0,none,0.0
2085-03-04,M19,Robotic Arm,0.85,42.67,5.28,41.9,349.7,normal,105.05,17.5,0.5,0,none,0.0
2085-03-05,M19,Robotic Arm,1.03,37.49,5.28,38.2,362.5,normal,105.12,17.9,0.5,0,none,0.0
2085-03-06,M19,Robotic Arm,1.35,46.63,5.71,39.2,357.0,normal,105.42,17.3,0.5,0,none,0.0
2085-03-07,M19,Robotic Arm,0.9,41.67,5.89,40.0,368.0,normal,105.82,13.3,0.5,0,none,0.0
2085-03-08,M19,Robotic Arm,1.06,37.84,5.6,46.7,348.1,normal,106.25,17.5,0.5,0,none,0.0
2085-03-09,M19,Robotic Arm,0.37,32.48,2.48,14.4,148.8,idle,106.32,8.1,0.5,0,none,0.0
2085-03-10,M19,Robotic Arm,0.92,44.24,5.62,47.0,360.3,normal,106.52,16.9,0.5,0,none,0.0
2085-03-11,M19,Robotic Arm,1.0,39.4,5.54,39.0,367.6,normal,106.78,9.2,0.5,0,none,0.0
2085-03-12,M19,Robotic Arm,1.23,44.43,5.73,42.4,351.4,normal,106.83,17.9,0.5,0,none,0.0
2085-03-13,M19,Robotic Arm,1.66,51.59,7.86,59.9,506.1,peak,107.08,11.7,0.5,0,none,0.0
2085-03-14,M19,Robotic Arm,1.58,52.83,7.71,63.6,480.2,peak,107.58,14.3,0.5,0,none,0.0
2085-03-15,M19,Robotic Arm,1.2,41.16,5.4,47.5,346.4,normal,108.03,9.5,0.5,0,none,0.0
2085-03-16,M19,Robotic Arm,1.12,42.26,5.96,44.4,342.2,normal,108.27,10.9,0.5,0,none,0.0
2085-03-17,M19,Robotic Arm,1.08,46.25,5.81,38.5,357.5,normal,108.53,9.5,0.5,0,none,0.0
2085-03-18,M19,Robotic Arm,1.53,43.28,8.46,62.0,484.4,peak,108.88,15.2,0.5,0,none,0.0
2085-03-19,M19,Robotic Arm,1.04,43.83,5.92,38.7,342.5,normal,108.93,17.2,0.5,0,none,0.0
2085-03-20,M19,Robotic Arm,0.91,42.08,5.57,39.6,356.1,normal,109.1,12.1,0.5,0,none,0.0
2085-03-21,M19,Robotic Arm,1.6,44.18,7.53,56.0,495.5,peak,109.47,12.2,0.5,0,none,0.0
2085-03-22,M19,Robotic Arm,1.13,37.92,5.82,43.7,363.1,normal,109.75,9.9,0.5,0,none,0.0
2085-03-23,M19,Robotic Arm,1.07,46.58,5.84,43.5,360.5,normal,109.8,8.7,0.5,0,none,0.0
2085-03-24,M19,Robotic Arm,0.93,45.04,5.69,40.0,348.2,normal,109.85,17.1,0.5,0,none,0.0
2085-03-25,M19,Robotic Arm,1.77,45.04,5.69,63.4,492.6,peak,110.07,16.8,0.5,0,none,0.0
2085-03-26,M19,Robotic Arm,0.37,31.46,2.28,19.9,154.8,idle,110.35,11.5,0.5,0,none,0.0
2085-03-27,M19,Robotic Arm,0.4,31.07,2.45,16.1,148.2,idle,110.65,17.5,0.5,0,none,0.0
2085-03-28,M19,Robotic Arm,1.58,43.41,8.4,64.5,489.7,peak,110.75,15.8,0.5,0,none,0.0
2085-03-29,M19,Robotic Arm,1.39,42.16,5.39,43.1,342.3,normal,111.02,14.9,0.5,0,none,0.0
2085-03-30,M19,Robotic Arm,0.93,38.06,5.94,47.5,352.0,normal,111.28,9.0,47.78,0,none,0.0
2085-03-31,M19,Robotic Arm,0.37,30.7,2.34,17.3,147.3,idle,111.65,16.4,47.41,0,none,0.0
2085-04-01,M19,Robotic Arm,0.41,31.31,2.47,17.4,151.4,idle,112.05,13.6,47.01,0,none,0.0
2085-04-02,M19,Robotic Arm,0.93,38.12,5.55,45.4,348.4,normal,112.53,14.4,46.53,0,none,0.0
2085-04-03,M19,Robotic Arm,0.38,34.89,2.59,18.4,150.9,idle,112.88,8.6,46.18,0,none,0.0
2085-04-04,M19,Robotic Arm,0.38,36.59,2.38,16.6,151.8,idle,113.3,16.2,45.76,0,none,0.0
2085-04-05,M19,Robotic Arm,0.42,29.82,2.61,16.6,145.8,idle,113.37,12.9,45.7,0,none,0.0
2085-04-06,M19,Robotic Arm,1.34,38.87,5.5,43.2,366.4,normal,113.57,13.0,45.5,0,none,0.0
2085-04-07,M19,Robotic Arm,0.41,32.58,2.46,15.4,157.7,idle,113.63,13.9,45.43,0,none,0.0
2085-04-08,M19,Robotic Arm,0.45,34.67,2.31,16.9,149.5,idle,113.72,17.0,45.35,0,none,0.0
2085-04-09,M19,Robotic Arm,0.46,30.37,2.35,16.9,156.0,idle,113.82,10.1,45.25,0,none,0.0
2085-04-10,M19,Robotic Arm,0.43,36.92,2.34,14.6,152.4,idle,114.12,13.0,44.95,0,none,0.0
2085-04-11,M19,Robotic Arm,0.4,32.74,2.58,17.3,148.3,idle,114.38,11.6,44.68,0,none,0.0
2085-04-12,M19,Robotic Arm,0.41,37.0,2.36,16.7,147.7,idle,114.45,12.0,44.61,0,none,0.0
2085-04-13,M19,Robotic Arm,1.2,49.54,5.9,39.9,339.7,normal,114.92,15.6,44.15,0,none,0.0
2085-04-14,M19,Robotic Arm,0.89,48.77,5.76,42.2,343.7,normal,114.95,16.3,44.11,0,none,0.0
2085-04-15,M19,Robotic Arm,1.12,42.54,5.99,45.1,348.9,normal,115.12,15.1,43.95,0,none,0.0
2085-04-16,M19,Robotic Arm,0.43,35.14,2.54,18.6,144.5,idle,115.18,15.5,43.88,0,none,0.0
2085-04-17,M19,Robotic Arm,0.44,33.02,2.43,15.7,155.3,idle,115.23,11.3,43.83,0,none,0.0
2085-04-18,M19,Robotic Arm,0.45,32.2,2.5,16.3,145.7,idle,115.48,16.0,43.58,0,none,0.0
2085-04-19,M19,Robotic Arm,0.42,33.82,2.5,19.0,143.2,idle,115.53,9.9,43.53,0,none,0.0
2085-04-20,M19,Robotic Arm,1.18,46.01,5.67,46.0,361.9,normal,115.8,16.9,43.26,0,none,0.0
2085-04-21,M19,Robotic Arm,1.31,45.5,5.43,42.2,355.2,normal,116.05,16.8,43.01,0,none,0.0
2085-04-22,M19,Robotic Arm,0.38,37.2,2.56,16.0,155.2,idle,116.23,10.1,42.83,0,none,0.0
2085-04-23,M19,Robotic Arm,0.42,33.94,2.38,14.9,157.2,idle,116.3,15.9,42.76,0,none,0.0
2085-04-24,M19,Robotic Arm,0.46,36.83,2.5,19.1,152.9,idle,116.57,9.7,42.5,0,none,0.0
2085-04-25,M19,Robotic Arm,0.42,37.68,2.36,19.2,144.3,idle,116.85,13.1,42.21,0,none,0.0
2085-04-26,M19,Robotic Arm,1.4,42.28,5.79,45.6,336.9,normal,117.12,12.2,41.95,0,none,0.0
2085-04-27,M19,Robotic Arm,0.47,38.02,2.43,19.3,142.6,idle,117.62,15.2,41.45,0,none,0.0
2085-04-28,M19,Robotic Arm,0.37,35.41,2.37,18.9,147.4,idle,118.12,8.0,40.95,0,none,0.0
2085-04-29,M19,Robotic Arm,1.24,50.89,5.64,47.7,351.5,normal,118.18,11.9,40.88,0,none,0.0
2085-04-30,M19,Robotic Arm,0.38,37.0,2.7,19.4,152.7,idle,118.22,16.8,40.85,0,none,0.0
2085-05-01,M19,Robotic Arm,0.47,37.07,2.51,15.3,148.2,idle,118.72,17.1,40.35,0,none,0.0
2085-05-02,M19,Robotic Arm,1.38,41.38,5.73,47.7,354.9,normal,118.83,9.3,40.23,0,none,0.0
2085-05-03,M19,Robotic Arm,0.4,39.71,5.73,18.0,144.3,idle,119.07,16.9,40.0,0,none,0.0
2085-05-04,M19,Robotic Arm,0.42,38.43,2.66,19.4,152.9,idle,119.3,17.9,39.76,0,none,0.0
2085-05-05,M19,Robotic Arm,0.4,40.02,2.39,18.4,148.3,idle,119.45,16.7,39.61,0,none,0.0
2085-05-06,M19,Robotic Arm,0.4,39.14,2.38,19.2,144.9,idle,119.62,16.2,39.45,0,none,0.0
2085-05-07,M19,Robotic Arm,0.45,36.68,2.67,19.5,151.1,idle,119.87,9.5,39.2,0,none,0.0
2085-05-08,M19,Robotic Arm,1.04,50.76,6.2,47.2,337.8,normal,120.2,18.0,38.86,0,none,0.0
2085-05-09,M19,Robotic Arm,1.46,50.79,5.88,43.1,352.1,normal,120.5,13.5,38.56,0,none,0.0
2085-05-10,M19,Robotic Arm,0.93,46.35,6.38,39.1,345.2,normal,120.63,11.9,38.43,0,none,0.0
2085-05-11,M19,Robotic Arm,1.24,45.93,5.97,47.1,331.3,normal,120.93,9.9,38.13,0,none,0.0
2085-05-12,M19,Robotic Arm,1.0,54.16,5.79,39.7,346.1,normal,121.27,15.4,37.8,0,none,0.0
2085-05-13,M19,Robotic Arm,1.48,48.47,6.11,46.3,349.0,normal,121.57,12.3,37.5,0,none,0.0
2085-05-14,M19,Robotic Arm,1.92,57.83,8.63,58.3,502.0,peak,121.85,15.3,37.21,0,none,0.0
2085-05-15,M19,Robotic Arm,1.38,53.72,5.85,42.6,328.9,normal,122.12,13.2,36.95,0,none,0.0
2085-05-16,M19,Robotic Arm,1.22,44.31,5.87,40.8,351.5,normal,122.52,9.4,36.55,0,none,0.0
2085-05-17,M19,Robotic Arm,0.39,42.85,2.67,14.7,154.0,idle,122.72,16.9,36.35,0,none,0.0
2085-05-18,M19,Robotic Arm,0.91,45.87,5.89,46.7,337.3,normal,123.07,13.3,36.0,0,none,0.0
2085-05-19,M19,Robotic Arm,1.41,44.61,6.59,46.5,340.5,normal,123.48,13.7,35.58,0,none,0.0
2085-05-20,M19,Robotic Arm,1.0,47.3,5.96,45.0,337.1,normal,123.93,10.0,35.13,0,none,0.0
2085-05-21,M19,Robotic Arm,0.92,49.45,6.27,38.5,342.1,normal,124.03,9.6,35.03,0,none,0.0
2085-05-22,M19,Robotic Arm,1.39,52.1,6.08,41.6,338.1,normal,124.47,9.8,34.6,0,none,0.0
2085-05-23,M19,Robotic Arm,0.47,38.29,2.61,19.8,150.7,idle,124.87,11.2,34.2,0,none,0.0
2085-05-24,M19,Robotic Arm,0.39,40.59,2.47,18.4,140.2,idle,124.93,16.8,34.13,0,none,0.0
2085-05-25,M19,Robotic Arm,1.15,57.06,5.94,41.3,348.3,normal,125.22,17.2,33.85,0,none,0.0
2085-05-26,M19,Robotic Arm,0.45,43.77,2.89,19.5,142.6,idle,125.4,8.3,33.66,0,none,0.0
2085-05-27,M19,Robotic Arm,0.41,39.2,2.63,19.5,142.6,idle,125.6,12.9,33.46,0,none,0.0
2085-05-28,M19,Robotic Arm,1.43,53.21,6.17,42.2,346.4,normal,125.82,10.9,33.25,0,none,0.0
2085-05-29,M19,Robotic Arm,1.74,62.14,6.17,63.2,465.8,peak,125.9,12.2,33.16,0,none,0.0
2085-05-30,M19,Robotic Arm,1.12,52.63,6.54,39.6,349.5,normal,126.37,16.1,32.7,0,none,0.0
2085-05-31,M19,Robotic Arm,0.38,39.38,2.68,19.0,139.9,idle,126.42,9.6,32.65,0,none,0.0
2085-06-01,M19,Robotic Arm,2.95,52.04,6.56,40.1,340.2,normal,126.78,14.1,32.28,0,none,0.0
2085-06-02,M19,Robotic Arm,1.49,47.24,6.69,40.1,325.6,normal,126.87,9.1,32.2,0,none,0.0
2085-06-03,M19,Robotic Arm,1.13,53.45,6.23,40.1,336.4,normal,127.27,9.0,31.8,0,none,0.0
2085-06-04,M19,Robotic Arm,0.94,47.28,6.69,43.7,332.6,normal,127.73,13.1,31.33,0,none,0.0
2085-06-05,M19,Robotic Arm,1.18,53.27,6.15,45.3,330.8,normal,127.98,11.6,31.08,0,none,0.0
2085-06-06,M19,Robotic Arm,0.45,41.38,2.52,14.9,142.3,idle,128.12,17.2,30.95,0,none,0.0
2085-06-07,M19,Robotic Arm,1.03,56.03,6.09,46.1,344.4,normal,128.15,15.8,30.91,0,none,0.0
2085-06-08,M19,Robotic Arm,0.42,43.87,2.83,16.6,138.3,idle,128.35,11.0,30.71,0,none,0.0
2085-06-09,M19,Robotic Arm,1.11,54.48,2.83,38.7,326.3,normal,128.63,9.4,30.43,0,none,0.0
2085-06-10,M19,Robotic Arm,1.51,52.31,6.33,44.7,331.2,normal,129.12,12.7,29.95,0,none,0.0
2085-06-11,M19,Robotic Arm,1.09,60.95,6.48,41.7,342.1,normal,129.38,17.0,29.68,0,none,0.0
2085-06-12,M19,Robotic Arm,1.71,67.44,9.61,58.8,458.8,peak,129.87,13.8,29.2,0,none,0.0
2085-06-13,M19,Robotic Arm,1.48,61.3,6.07,47.9,330.7,normal,130.08,9.5,28.98,0,none,0.0
2085-06-14,M19,Robotic Arm,1.44,54.95,6.52,43.4,346.8,normal,130.27,17.5,28.8,0,none,0.0
2085-06-15,M19,Robotic Arm,1.9,60.16,9.46,55.9,463.0,peak,130.68,9.6,28.38,0,none,0.0
2085-06-16,M19,Robotic Arm,1.07,57.27,6.56,45.2,328.6,normal,130.8,13.9,28.26,0,none,0.0
2085-06-17,M19,Robotic Arm,1.56,53.6,6.1,40.7,336.5,normal,130.87,16.9,28.2,0,none,0.0
2085-06-18,M19,Robotic Arm,1.43,53.6,6.8,41.4,323.0,normal,131.37,14.0,27.7,0,none,0.0
2085-06-19,M19,Robotic Arm,1.05,60.81,6.32,40.2,342.7,normal,131.87,13.8,27.2,0,none,0.0
2085-06-20,M19,Robotic Arm,1.19,63.36,6.38,44.6,322.9,normal,132.3,11.5,26.76,0,none,0.0
2085-06-21,M19,Robotic Arm,1.09,61.33,7.01,46.9,340.3,normal,132.75,10.4,26.31,0,none,0.0
2085-06-22,M19,Robotic Arm,0.47,44.74,2.77,15.7,138.6,idle,132.93,8.5,26.13,0,none,0.0
2085-06-23,M19,Robotic Arm,1.58,53.14,6.61,47.3,318.1,normal,133.28,8.2,25.78,0,none,0.0
2085-06-24,M19,Robotic Arm,1.44,53.14,6.52,47.4,325.4,normal,133.62,13.1,25.45,0,none,0.0
2085-06-25,M19,Robotic Arm,0.42,49.84,2.78,15.7,147.5,idle,134.07,12.7,25.0,0,none,0.0
2085-06-26,M19,Robotic Arm,0.44,48.98,2.94,15.7,138.8,idle,134.32,8.4,24.75,0,none,0.0
2085-06-27,M19,Robotic Arm,1.9,64.25,9.01,58.1,466.7,peak,134.45,12.9,24.61,0,none,0.0
2085-06-28,M19,Robotic Arm,0.99,60.73,6.25,43.6,316.5,normal,134.77,16.3,24.3,0,none,0.0
2085-06-29,M19,Robotic Arm,0.49,51.89,2.94,14.8,146.6,idle,135.08,12.3,23.98,1,motor_overheat,4823.0
2085-06-30,M19,Robotic Arm,1.44,64.31,6.71,42.2,330.4,normal,135.58,14.1,23.48,1,motor_overheat,5153.0
2085-07-01,M19,Robotic Arm,1.27,55.27,7.07,39.9,334.4,normal,135.82,11.3,23.25,1,motor_overheat,7681.0
2085-07-02,M19,Robotic Arm,0.51,50.02,2.78,14.1,142.7,idle,136.18,10.4,22.88,1,motor_overheat,7470.0
2085-07-03,M19,Robotic Arm,0.47,51.18,3.12,16.7,142.9,idle,136.22,11.0,22.85,1,motor_overheat,6968.0
2085-07-04,M19,Robotic Arm,0.42,47.58,2.91,17.5,147.0,idle,136.57,8.3,22.5,1,motor_overheat,3311.0
2085-07-05,M19,Robotic Arm,0.48,53.35,3.07,19.4,145.1,idle,137.02,14.9,22.05,1,motor_overheat,3847.0
2085-07-06,M19,Robotic Arm,0.47,47.07,2.9,15.3,143.0,idle,137.22,14.1,21.85,1,motor_overheat,6351.0
2085-07-07,M19,Robotic Arm,0.43,50.7,2.7,14.5,138.4,idle,137.65,17.3,21.41,1,motor_overheat,6439.0
2085-07-08,M19,Robotic Arm,0.49,52.37,2.9,15.1,137.0,idle,138.02,9.6,21.05,1,motor_overheat,3087.0
2085-07-09,M19,Robotic Arm,0.47,54.66,3.02,14.8,143.6,idle,138.52,8.2,20.55,1,motor_overheat,5965.0
2085-07-10,M19,Robotic Arm,0.49,54.28,3.0,14.8,144.2,idle,138.57,15.7,20.5,1,motor_overheat,3811.0
2085-07-11,M19,Robotic Arm,0.48,53.18,2.94,18.8,141.0,idle,138.85,17.7,20.21,1,motor_overheat,5976.0
2085-07-12,M19,Robotic Arm,0.48,50.82,3.13,18.7,137.4,idle,139.0,13.6,20.06,1,motor_overheat,3787.0
2085-07-13,M19,Robotic Arm,0.52,50.82,2.9,15.7,133.4,idle,139.27,15.5,19.8,1,motor_overheat,3049.0
2085-07-14,M19,Robotic Arm,0.52,54.29,2.91,17.1,143.5,idle,139.58,13.2,19.48,1,motor_overheat,6878.0
2085-07-15,M19,Robotic Arm,0.5,55.64,2.99,14.7,136.7,idle,139.92,14.6,19.15,1,motor_overheat,3613.0
2085-07-16,M19,Robotic Arm,0.43,54.6,2.97,14.3,131.9,idle,140.37,9.2,18.7,1,motor_overheat,5379.0
2085-07-17,M19,Robotic Arm,1.04,65.25,6.68,45.8,322.6,normal,140.57,15.5,18.5,1,motor_overheat,6449.0
2085-07-18,M19,Robotic Arm,0.49,50.84,3.18,16.8,137.2,idle,140.75,10.4,18.31,1,motor_overheat,7828.0
2085-07-19,M19,Robotic Arm,0.51,50.1,3.01,18.3,142.2,idle,141.05,13.3,18.01,1,motor_overheat,6160.0
2085-07-20,M19,Robotic Arm,0.44,52.95,2.92,19.9,141.2,idle,141.53,12.6,17.53,1,motor_overheat,3012.0
2085-07-21,M19,Robotic Arm,0.46,51.76,2.85,20.0,139.1,idle,141.58,10.5,17.48,1,motor_overheat,3860.0
2085-07-22,M19,Robotic Arm,0.5,51.71,3.15,15.4,141.3,idle,142.07,13.5,17.0,1,motor_overheat,7517.0
2085-07-23,M19,Robotic Arm,0.53,53.65,3.23,16.8,141.7,idle,142.52,13.5,16.55,1,motor_overheat,7023.0
2085-07-24,M19,Robotic Arm,0.48,52.25,3.13,15.9,131.6,idle,142.93,17.3,16.13,1,motor_overheat,7813.0
2085-07-25,M19,Robotic Arm,1.45,66.05,7.54,15.9,317.3,normal,143.32,13.5,15.75,1,motor_overheat,4532.0
2085-07-26,M19,Robotic Arm,0.45,55.18,3.23,19.6,135.3,idle,143.68,9.9,15.38,1,motor_overheat,6597.0
2085-07-27,M19,Robotic Arm,0.49,53.58,3.18,19.4,136.5,idle,143.88,11.5,15.18,1,motor_overheat,6877.0
2085-07-28,M19,Robotic Arm,1.61,72.06,7.27,43.6,314.9,normal,144.35,16.3,14.71,1,motor_overheat,3771.0
2085-07-29,M19,Robotic Arm,1.55,70.03,6.67,40.5,305.2,normal,144.58,13.5,14.48,1,motor_overheat,3821.0
2085-07-30,M19,Robotic Arm,0.52,53.99,2.87,18.8,137.3,idle,145.0,16.4,14.06,1,motor_overheat,3303.0
2085-07-31,M19,Robotic Arm,0.45,58.96,3.04,16.2,138.2,idle,145.42,10.0,13.65,1,motor_overheat,4318.0
2085-08-01,M19,Robotic Arm,1.06,64.51,6.77,45.4,310.7,normal,145.53,10.9,13.53,1,motor_overheat,4457.0
2085-08-02,M19,Robotic Arm,1.59,65.6,7.61,40.2,320.8,normal,145.57,12.3,13.5,1,motor_overheat,4408.0
2085-08-03,M19,Robotic Arm,1.59,72.54,9.88,60.5,443.1,peak,145.92,10.4,13.15,1,motor_overheat,3695.0
2085-08-04,M19,Robotic Arm,1.38,66.85,7.0,43.1,306.6,normal,146.25,15.1,12.81,1,motor_overheat,3237.0
2085-08-05,M19,Robotic Arm,0.5,56.8,3.35,14.6,139.0,idle,146.37,15.0,12.7,1,motor_overheat,4454.0
2085-08-06,M19,Robotic Arm,1.27,70.06,7.74,47.0,305.1,normal,146.72,15.2,12.35,1,motor_overheat,7185.0
2085-08-07,M19,Robotic Arm,1.63,66.36,6.84,40.1,302.5,normal,147.1,12.4,11.96,1,motor_overheat,7884.0
2085-08-08,M19,Robotic Arm,0.44,57.9,3.37,18.9,135.5,idle,147.58,9.5,11.48,1,motor_overheat,7580.0
2085-08-09,M19,Robotic Arm,1.27,62.04,6.85,45.3,315.6,normal,147.63,11.5,11.43,1,motor_overheat,4320.0
2085-08-10,M19,Robotic Arm,0.44,60.79,3.15,19.0,138.7,idle,147.75,11.2,11.31,1,motor_overheat,7310.0
2085-08-11,M19,Robotic Arm,0.47,59.72,3.4,18.5,131.9,idle,147.82,12.4,11.25,1,motor_overheat,4430.0
2085-08-12,M19,Robotic Arm,2.07,74.67,10.21,57.8,440.7,peak,148.15,14.5,10.91,1,motor_overheat,5825.0
2085-08-13,M19,Robotic Arm,1.26,64.16,7.62,40.9,310.2,normal,148.42,12.2,10.65,1,motor_overheat,6402.0
2085-08-14,M19,Robotic Arm,1.67,71.07,7.8,44.0,309.4,normal,148.72,10.2,10.35,1,motor_overheat,5665.0
2085-08-15,M19,Robotic Arm,1.67,73.48,7.32,44.5,319.2,normal,149.12,16.4,9.95,1,motor_overheat,4133.0
2085-08-16,M19,Robotic Arm,1.23,75.62,7.11,45.6,303.3,normal,149.37,8.7,9.7,1,motor_overheat,3726.0
2085-08-17,M19,Robotic Arm,1.73,66.43,7.42,41.7,322.8,normal,149.68,16.9,9.38,1,motor_overheat,5002.0
2085-08-18,M19,Robotic Arm,1.42,71.93,7.11,47.5,308.3,normal,149.72,13.2,9.35,1,motor_overheat,7599.0
2085-08-19,M19,Robotic Arm,1.12,66.31,7.1,39.1,311.5,normal,150.1,16.2,8.96,1,motor_overheat,4161.0
2085-08-20,M19,Robotic Arm,1.27,69.98,6.98,43.9,315.0,normal,150.22,10.6,8.85,1,motor_overheat,4628.0
2085-08-21,M19,Robotic Arm,0.47,60.83,3.09,14.9,136.0,idle,150.63,14.8,8.43,1,motor_overheat,6402.0
2085-08-22,M19,Robotic Arm,2.19,73.01,11.17,61.0,447.4,peak,150.85,17.5,8.21,1,motor_overheat,3779.0
2085-08-23,M19,Robotic Arm,1.54,75.53,6.99,47.9,320.8,normal,150.9,12.4,8.16,1,motor_overheat,5234.0
2085-08-24,M19,Robotic Arm,1.54,67.47,7.51,46.6,305.7,normal,151.1,16.6,7.96,1,motor_overheat,5850.0
2085-08-25,M19,Robotic Arm,1.1,74.63,7.42,45.6,305.6,normal,151.5,13.9,7.56,1,motor_overheat,7723.0
2085-08-26,M19,Robotic Arm,1.63,69.22,7.46,47.4,300.8,normal,151.57,14.3,7.5,1,motor_overheat,6780.0
2085-08-27,M19,Robotic Arm,1.47,75.18,7.69,42.3,317.9,normal,151.65,8.3,7.41,1,motor_overheat,6043.0
2085-08-28,M19,Robotic Arm,1.39,73.23,7.34,38.6,301.8,normal,152.02,17.7,7.05,1,motor_overheat,3517.0
2085-08-29,M19,Robotic Arm,0.5,64.46,3.03,15.9,130.5,idle,152.48,17.4,6.58,1,motor_overheat,5644.0
2085-08-30,M19,Robotic Arm,0.54,62.04,3.19,14.4,138.9,idle,152.52,11.0,6.55,1,motor_overheat,4356.0
2085-08-31,M19,Robotic Arm,1.63,66.3,7.07,40.5,296.8,normal,152.98,16.5,6.08,1,motor_overheat,3488.0
2085-09-01,M19,Robotic Arm,1.59,68.58,8.0,44.1,307.6,normal,153.45,17.8,5.61,1,motor_overheat,7126.0
2085-09-02,M19,Robotic Arm,0.46,60.01,3.05,15.3,127.0,idle,153.72,17.3,5.35,1,motor_overheat,3491.0
2085-09-03,M19,Robotic Arm,1.31,76.88,7.22,41.0,306.0,normal,154.02,12.7,5.05,1,motor_overheat,3340.0
2085-09-04,M19,Robotic Arm,1.51,69.51,7.73,39.8,310.5,normal,154.15,13.9,4.91,1,motor_overheat,5017.0
2085-09-05,M19,Robotic Arm,1.63,66.95,8.1,45.1,318.5,normal,154.47,14.2,4.6,1,motor_overheat,3775.0
2085-09-06,M19,Robotic Arm,1.27,78.98,7.58,39.5,312.8,normal,154.65,10.4,4.41,1,motor_overheat,3880.0
2085-09-07,M19,Robotic Arm,1.27,79.02,7.43,44.3,318.2,normal,155.0,10.8,4.06,1,motor_overheat,3907.0
2085-09-08,M19,Robotic Arm,1.7,77.86,8.07,46.4,302.9,normal,155.18,11.8,3.88,1,motor_overheat,7407.0
2085-09-09,M19,Robotic Arm,1.7,67.3,3.44,15.4,134.5,idle,155.48,9.2,3.58,1,motor_overheat,7053.0
2085-09-10,M19,Robotic Arm,0.5,62.27,3.33,14.1,137.4,idle,155.68,8.6,3.38,1,motor_overheat,7636.0
2085-09-11,M19,Robotic Arm,1.75,77.96,7.2,38.8,309.1,normal,155.9,15.9,3.16,1,motor_overheat,5423.0
2085-09-12,M19,Robotic Arm,0.55,61.31,3.34,18.2,126.6,idle,156.22,11.4,2.85,1,motor_overheat,7883.0
2085-09-13,M19,Robotic Arm,0.47,67.49,3.25,15.7,125.1,idle,156.28,12.7,2.78,1,motor_overheat,4866.0
2085-09-14,M19,Robotic Arm,0.45,62.97,3.38,17.6,127.3,idle,156.53,11.0,2.53,1,motor_overheat,6874.0
2085-09-15,M19,Robotic Arm,2.21,81.41,11.47,64.2,419.4,peak,156.88,15.4,2.18,1,motor_overheat,5899.0
2085-09-16,M19,Robotic Arm,0.5,61.87,3.47,64.2,132.6,idle,157.0,14.8,2.06,1,motor_overheat,5522.0
2085-09-17,M19,Robotic Arm,0.5,70.55,7.22,44.4,314.9,normal,157.28,16.1,1.78,1,motor_overheat,7728.0
2085-09-18,M19,Robotic Arm,1.74,81.29,7.99,42.3,303.9,normal,157.77,12.8,1.3,1,motor_overheat,4583.0
2085-09-19,M19,Robotic Arm,0.54,64.3,3.17,14.4,129.8,idle,157.98,9.9,1.08,1,motor_overheat,6089.0
2085-09-20,M19,Robotic Arm,1.17,75.53,8.16,39.5,292.7,normal,158.45,8.4,0.61,1,motor_overheat,6023.0
2085-09-21,M19,Robotic Arm,2.04,77.85,10.98,61.1,424.5,peak,158.75,13.1,0.5,1,motor_overheat,3598.0
2085-09-22,M19,Robotic Arm,1.62,71.39,7.65,42.2,301.0,normal,158.83,11.5,0.5,1,motor_overheat,6892.0
2085-09-23,M19,Robotic Arm,1.16,70.71,7.37,39.4,289.2,normal,158.9,8.2,0.5,1,motor_overheat,6697.0
2085-09-24,M19,Robotic Arm,0.45,34.67,2.51,10.5,145.9,idle,0.0,17.1,29.82,0,none,0.0
2085-09-25,M19,Robotic Arm,0.53,37.15,2.42,21.7,149.4,idle,0.48,11.9,29.34,0,none,0.0
2085-09-26,M19,Robotic Arm,0.44,32.43,2.55,15.7,146.7,idle,0.67,15.6,29.16,0,none,0.0
2085-09-27,M19,Robotic Arm,0.5,37.01,2.56,17.8,146.9,idle,0.95,15.0,28.87,0,none,0.0
2085-09-28,M19,Robotic Arm,0.43,36.01,2.56,16.0,145.9,idle,1.27,9.4,28.56,0,none,0.0
2085-09-29,M19,Robotic Arm,0.52,37.12,2.36,15.8,147.3,idle,1.47,17.6,28.36,0,none,0.0
2085-09-30,M19,Robotic Arm,0.47,37.35,2.33,17.4,144.3,idle,1.5,17.3,28.32,0,none,0.0
2085-10-01,M19,Robotic Arm,1.32,49.13,5.43,48.5,341.7,normal,1.82,9.2,28.01,0,none,0.0
2085-10-02,M19,Robotic Arm,1.36,49.13,5.46,36.5,347.9,normal,2.17,16.2,27.66,0,none,0.0
2085-10-03,M19,Robotic Arm,0.55,39.23,2.42,12.9,152.6,idle,2.33,11.3,27.49,0,none,0.0
2085-10-04,M19,Robotic Arm,1.69,40.86,5.72,38.8,341.3,normal,2.6,13.2,27.22,0,none,0.0
2085-10-05,M19,Robotic Arm,1.43,44.97,6.14,33.6,331.7,normal,2.78,13.9,27.04,0,none,0.0
2085-10-06,M19,Robotic Arm,1.52,50.1,6.25,33.6,331.2,normal,3.2,12.0,26.62,0,none,0.0
2085-10-07,M19,Robotic Arm,1.21,42.78,5.83,30.9,328.5,normal,3.63,16.9,26.19,0,none,0.0
2085-10-08,M19,Robotic Arm,1.08,42.96,6.12,38.9,341.2,normal,4.03,15.1,25.79,0,none,0.0
2085-10-09,M19,Robotic Arm,2.0,50.19,7.9,81.0,471.8,peak,4.53,9.9,25.29,0,none,0.0
2085-10-10,M19,Robotic Arm,1.32,45.0,6.1,33.3,471.8,normal,5.02,11.0,24.81,0,none,0.0
2085-10-11,M19,Robotic Arm,1.89,59.36,8.48,77.6,485.7,peak,5.22,13.7,24.61,0,none,0.0
2085-10-12,M19,Robotic Arm,1.73,42.72,5.9,61.4,327.1,normal,5.57,12.6,24.26,0,none,0.0
2085-10-13,M19,Robotic Arm,1.6,51.88,5.78,45.4,346.7,normal,5.83,11.7,23.99,1,hydraulic,3185.0
2085-10-14,M19,Robotic Arm,2.09,53.24,8.16,44.4,470.2,peak,5.92,11.9,23.91,1,hydraulic,2339.0
2085-10-15,M19,Robotic Arm,1.39,51.09,6.18,49.4,338.4,normal,6.0,16.2,23.82,1,hydraulic,3517.0
2085-10-16,M19,Robotic Arm,1.72,45.9,5.56,39.0,334.3,normal,6.3,16.0,23.52,1,hydraulic,3980.0
2085-10-17,M19,Robotic Arm,1.68,51.8,6.03,51.6,324.4,normal,6.75,15.1,23.07,1,hydraulic,3871.0
2085-10-18,M19,Robotic Arm,1.32,50.52,6.18,40.6,339.0,normal,6.87,10.4,22.96,1,hydraulic,3346.0
2085-10-19,M19,Robotic Arm,1.54,43.16,5.51,33.6,339.0,normal,7.15,11.2,22.67,1,hydraulic,1712.0
2085-10-20,M19,Robotic Arm,1.17,47.78,5.69,52.4,331.6,normal,7.5,16.6,22.32,1,hydraulic,2856.0
2085-10-21,M19,Robotic Arm,1.72,51.56,6.03,37.4,324.0,normal,7.53,15.7,22.29,1,hydraulic,3073.0
2085-10-22,M19,Robotic Arm,1.34,47.86,6.09,47.8,327.0,normal,7.92,11.3,21.91,1,hydraulic,1507.0
2085-10-23,M19,Robotic Arm,1.39,47.86,5.88,48.8,338.0,normal,8.17,8.3,21.66,1,hydraulic,2247.0
2085-10-24,M19,Robotic Arm,1.7,41.65,5.73,32.3,336.4,normal,8.63,11.7,21.19,1,hydraulic,3570.0
2085-10-25,M19,Robotic Arm,0.56,39.39,2.7,12.5,141.7,idle,8.93,14.0,20.89,1,hydraulic,3788.0
2085-10-26,M19,Robotic Arm,1.28,47.78,6.07,36.2,329.4,normal,9.1,14.6,20.72,1,hydraulic,1971.0
2085-10-27,M19,Robotic Arm,1.55,47.23,6.2,46.0,341.3,normal,9.43,18.0,20.39,1,hydraulic,3180.0
2085-10-28,M19,Robotic Arm,0.54,39.9,2.69,14.4,145.6,idle,9.82,9.0,20.01,1,hydraulic,2059.0
2085-10-29,M19,Robotic Arm,0.54,39.9,8.98,14.4,145.6,peak,9.95,13.7,19.87,1,hydraulic,2438.0
2085-10-30,M19,Robotic Arm,1.53,40.97,6.07,53.3,341.9,normal,10.0,8.1,19.82,1,hydraulic,2297.0
2085-10-31,M19,Robotic Arm,1.65,41.53,6.17,37.4,337.6,normal,10.43,14.8,19.39,1,hydraulic,2009.0
2085-11-01,M19,Robotic Arm,0.57,35.52,2.72,17.1,140.2,idle,10.92,17.8,18.91,1,hydraulic,1580.0
2085-11-02,M19,Robotic Arm,1.36,50.34,5.8,42.7,327.4,normal,11.08,15.4,18.74,1,hydraulic,2198.0
2085-11-03,M19,Robotic Arm,1.14,51.75,5.55,61.2,336.1,normal,11.22,15.8,18.61,1,hydraulic,2703.0
2085-11-04,M19,Robotic Arm,1.43,50.73,6.13,50.8,324.9,normal,11.62,12.9,18.21,1,hydraulic,3049.0
2085-11-05,M19,Robotic Arm,1.72,53.24,6.38,31.6,335.0,normal,11.83,16.2,17.99,1,hydraulic,1627.0
2085-11-06,M19,Robotic Arm,1.82,46.62,6.19,39.5,323.9,normal,11.87,13.5,17.96,1,hydraulic,3591.0
2085-11-07,M19,Robotic Arm,1.64,50.42,5.86,35.1,343.0,normal,11.97,9.4,17.86,1,hydraulic,2086.0
2085-11-08,M19,Robotic Arm,1.84,48.44,5.72,50.5,340.9,normal,12.02,17.8,17.81,1,hydraulic,2805.0
2085-11-09,M19,Robotic Arm,1.39,44.17,6.32,33.3,320.6,normal,12.47,17.4,17.36,1,hydraulic,3481.0
2085-11-10,M19,Robotic Arm,2.21,55.61,8.43,66.1,457.2,peak,12.85,15.8,16.97,1,hydraulic,3845.0
2085-11-11,M19,Robotic Arm,0.5,37.92,2.76,22.0,136.8,idle,13.07,12.9,16.76,1,hydraulic,1925.0
2085-11-12,M19,Robotic Arm,0.59,37.68,2.54,22.0,147.8,idle,13.48,12.3,16.34,1,hydraulic,3337.0
2085-11-13,M19,Robotic Arm,1.46,41.69,6.34,45.9,329.6,normal,13.58,16.1,16.24,1,hydraulic,3938.0
2085-11-14,M19,Robotic Arm,1.45,41.9,6.34,46.0,339.6,normal,13.85,11.4,15.97,1,hydraulic,3336.0
2085-11-15,M19,Robotic Arm,0.54,36.8,2.74,15.3,148.3,idle,14.3,15.1,15.52,1,hydraulic,2106.0
2085-11-16,M19,Robotic Arm,0.51,40.94,2.71,20.9,146.5,idle,14.78,10.1,15.04,1,hydraulic,1943.0
2085-11-17,M19,Robotic Arm,1.73,52.92,6.33,45.6,322.7,normal,14.87,17.2,14.96,1,hydraulic,1821.0
2085-11-18,M19,Robotic Arm,1.2,45.56,6.3,62.2,328.1,normal,15.32,10.0,14.51,1,hydraulic,2851.0
2085-11-19,M19,Robotic Arm,1.5,47.19,6.04,31.5,335.0,normal,15.8,17.1,14.02,1,hydraulic,2307.0
2085-11-20,M19,Robotic Arm,1.5,37.98,2.53,12.2,145.7,idle,16.2,12.3,13.62,1,hydraulic,3177.0
2085-11-21,M19,Robotic Arm,1.56,49.49,5.78,12.2,325.1,normal,16.42,13.1,13.41,1,hydraulic,3589.0
2085-11-22,M19,Robotic Arm,1.56,35.57,5.78,17.6,325.1,idle,16.92,10.4,12.91,1,hydraulic,3047.0
2085-11-23,M19,Robotic Arm,1.69,35.57,6.34,45.9,336.9,normal,16.95,14.5,12.87,1,hydraulic,2041.0
2085-11-24,M19,Robotic Arm,1.3,52.62,5.85,38.4,317.2,normal,17.17,8.6,12.66,1,hydraulic,3715.0
2085-11-25,M19,Robotic Arm,1.21,53.35,6.3,45.3,334.7,normal,17.33,14.1,12.49,1,hydraulic,3460.0
2085-11-26,M19,Robotic Arm,0.52,37.02,2.6,15.9,136.8,idle,17.65,16.4,12.17,1,hydraulic,1738.0
2085-11-27,M19,Robotic Arm,0.48,37.82,2.54,21.2,139.7,idle,18.1,10.0,11.72,1,hydraulic,2619.0
2085-11-28,M19,Robotic Arm,0.54,42.34,2.77,20.1,147.0,idle,18.28,8.6,11.54,1,hydraulic,3637.0
2085-11-29,M19,Robotic Arm,0.5,35.73,2.51,16.0,143.7,idle,18.48,16.5,11.34,1,hydraulic,1847.0
2085-11-30,M19,Robotic Arm,0.57,42.47,2.51,16.3,137.6,idle,18.53,12.5,11.29,1,hydraulic,3288.0
2085-12-01,M19,Robotic Arm,0.5,37.55,2.44,18.9,138.4,idle,18.77,10.5,11.06,1,hydraulic,1504.0
2085-12-02,M19,Robotic Arm,0.58,40.33,2.44,10.5,139.9,idle,19.23,15.4,10.59,1,hydraulic,3237.0
2085-12-03,M19,Robotic Arm,0.61,40.35,2.74,10.1,138.8,idle,19.67,9.6,10.16,1,hydraulic,2335.0
2085-12-04,M19,Robotic Arm,0.5,38.34,2.49,24.1,144.8,idle,19.98,11.9,9.84,1,hydraulic,2455.0
2085-12-05,M19,Robotic Arm,0.6,36.18,2.59,18.6,145.3,idle,20.25,9.2,9.57,1,hydraulic,3936.0
2085-12-06,M19,Robotic Arm,0.56,36.75,2.8,17.1,136.0,idle,20.58,14.1,9.24,1,hydraulic,2046.0
2085-12-07,M19,Robotic Arm,0.58,39.5,2.8,13.9,137.2,idle,20.75,12.5,9.07,1,hydraulic,2397.0
2085-12-08,M19,Robotic Arm,0.53,41.05,2.8,17.1,145.9,idle,20.93,12.9,8.89,1,hydraulic,3062.0
2085-12-09,M19,Robotic Arm,0.59,38.28,2.76,17.9,146.6,idle,20.98,9.0,8.84,1,hydraulic,3684.0
2085-12-10,M19,Robotic Arm,0.62,39.02,2.67,12.9,144.3,idle,21.23,11.6,8.59,1,hydraulic,2005.0
2085-12-11,M19,Robotic Arm,0.62,40.66,2.62,20.3,145.4,idle,21.43,9.1,8.39,1,hydraulic,3099.0
2085-12-12,M19,Robotic Arm,0.58,36.76,2.67,11.8,134.9,idle,21.63,16.7,8.19,1,hydraulic,1538.0
2085-12-13,M19,Robotic Arm,0.64,42.62,2.7,21.1,138.2,idle,21.87,12.1,7.96,1,hydraulic,3286.0
2085-12-14,M19,Robotic Arm,1.45,47.76,6.03,35.2,317.7,normal,22.08,11.7,7.74,1,hydraulic,2661.0
2085-12-15,M19,Robotic Arm,0.63,41.72,6.03,17.5,143.9,idle,22.2,16.3,7.62,1,hydraulic,1754.0
2085-12-16,M19,Robotic Arm,0.53,37.42,2.8,24.9,141.9,idle,22.33,10.7,7.49,1,hydraulic,2292.0
2085-12-17,M19,Robotic Arm,0.57,42.72,2.71,23.9,141.6,idle,22.58,12.2,7.24,1,hydraulic,2153.0
2085-12-18,M19,Robotic Arm,0.63,38.77,2.51,18.7,137.4,idle,23.05,9.6,6.77,1,hydraulic,3325.0
2085-12-19,M19,Robotic Arm,0.52,43.37,2.78,12.6,144.4,idle,23.3,11.0,6.52,1,hydraulic,3442.0
2085-12-20,M19,Robotic Arm,1.62,50.31,5.8,44.0,318.0,normal,23.77,15.4,6.06,1,hydraulic,1996.0
2085-12-21,M19,Robotic Arm,0.59,40.2,2.51,13.9,137.0,idle,24.15,17.2,5.67,1,hydraulic,1840.0
2085-12-22,M19,Robotic Arm,0.59,39.74,2.7,19.9,136.5,idle,24.3,11.8,5.52,1,hydraulic,3920.0
2085-12-23,M19,Robotic Arm,0.52,37.66,2.53,21.5,139.4,idle,24.78,8.5,5.04,1,hydraulic,3554.0
2085-12-24,M19,Robotic Arm,0.62,42.0,2.68,16.9,144.5,idle,24.9,12.3,4.92,1,hydraulic,2231.0
2085-12-25,M19,Robotic Arm,0.51,43.76,2.75,11.6,145.3,idle,25.33,16.1,4.49,1,hydraulic,1814.0
2085-12-26,M19,Robotic Arm,1.6,54.55,6.49,46.6,326.0,normal,25.47,8.3,4.36,1,hydraulic,2431.0
2085-12-27,M19,Robotic Arm,1.76,51.7,5.84,49.7,311.9,normal,25.6,13.2,4.22,1,hydraulic,2677.0
2085-12-28,M19,Robotic Arm,1.59,46.63,5.83,39.0,320.2,normal,26.07,14.0,3.76,1,hydraulic,2342.0
2085-12-29,M19,Robotic Arm,1.32,53.75,6.47,40.9,331.3,normal,26.32,10.8,3.51,1,hydraulic,2193.0
2085-12-30,M19,Robotic Arm,1.71,49.59,6.39,57.7,333.9,normal,26.5,9.1,3.32,1,hydraulic,2852.0
2085-12-31,M19,Robotic Arm,2.01,53.47,6.49,48.7,313.2,normal,26.98,13.7,2.84,1,hydraulic,3712.0
2086-01-01,M19,Robotic Arm,1.5,54.75,5.72,50.7,326.1,normal,27.15,17.9,2.67,1,hydraulic,1673.0
2086-01-02,M19,Robotic Arm,1.96,45.09,6.24,48.4,309.3,normal,27.32,15.3,2.51,1,hydraulic,1879.0
2086-01-03,M19,Robotic Arm,2.02,47.43,5.86,43.5,316.1,normal,27.6,12.9,2.22,1,hydraulic,3899.0
2086-01-04,M19,Robotic Arm,2.59,60.32,8.43,52.0,457.8,peak,27.93,16.3,1.89,1,hydraulic,2258.0
2086-01-05,M19,Robotic Arm,6.25,57.95,8.62,59.8,448.6,peak,28.3,9.9,1.52,1,hydraulic,2211.0
2086-01-06,M19,Robotic Arm,1.83,55.6,5.86,38.0,321.9,normal,28.47,17.0,1.36,1,hydraulic,3895.0
2086-01-07,M19,Robotic Arm,0.61,38.84,2.43,16.1,139.2,idle,28.85,11.7,0.97,1,hydraulic,2610.0
2086-01-08,M19,Robotic Arm,2.55,54.76,8.61,43.8,434.8,peak,29.13,9.7,0.69,1,hydraulic,2450.0
2086-01-09,M19,Robotic Arm,1.43,56.32,5.85,28.8,325.9,normal,29.2,8.4,0.62,1,hydraulic,3796.0
2086-01-10,M19,Robotic Arm,2.0,57.51,6.45,48.8,330.3,normal,29.32,10.5,0.51,1,hydraulic,3441.0
2086-01-11,M19,Robotic Arm,1.69,48.76,6.36,53.9,316.3,normal,29.68,14.9,0.5,1,hydraulic,2311.0
2086-01-12,M19,Robotic Arm,2.44,60.12,9.24,65.9,455.6,peak,29.78,13.7,0.5,1,hydraulic,3865.0
2086-01-13,M19,Robotic Arm,2.44,40.3,5.3,65.9,351.9,normal,0.0,11.6,91.04,0,none,0.0
2086-01-14,M19,Robotic Arm,1.26,42.81,5.35,39.5,343.0,normal,0.3,9.2,90.74,0,none,0.0
2086-01-15,M19,Robotic Arm,1.26,39.32,5.55,42.3,359.8,normal,0.73,15.2,90.3,0,none,0.0
2086-01-16,M19,Robotic Arm,0.88,39.61,5.28,38.5,342.4,normal,1.03,12.2,90.0,0,none,0.0
2086-01-17,M19,Robotic Arm,0.39,32.86,2.39,15.5,154.8,idle,1.22,16.9,89.82,0,none,0.0
2086-01-18,M19,Robotic Arm,0.96,39.92,5.96,46.3,367.4,normal,1.3,13.3,89.74,0,none,0.0
2086-01-19,M19,Robotic Arm,0.37,32.35,2.32,18.9,151.8,idle,1.33,15.3,89.7,0,none,0.0
2086-01-20,M19,Robotic Arm,1.26,39.05,5.25,45.5,358.1,normal,1.57,15.0,89.47,0,none,0.0
2086-01-21,M19,Robotic Arm,1.33,36.5,5.98,47.1,359.6,normal,1.82,12.2,89.22,0,none,0.0
2086-01-22,M19,Robotic Arm,1.14,40.19,5.28,47.3,345.9,normal,1.95,10.7,89.09,0,none,0.0
2086-01-23,M19,Robotic Arm,1.05,37.41,5.41,41.9,360.9,normal,2.1,8.3,88.94,0,none,0.0
2086-01-24,M19,Robotic Arm,1.3,35.76,5.85,45.9,344.1,normal,2.5,13.0,88.54,0,none,0.0
2086-01-25,M19,Robotic Arm,1.58,43.09,7.98,64.7,515.1,peak,2.53,12.4,88.5,0,none,0.0
2086-01-26,M19,Robotic Arm,1.33,36.65,5.92,38.2,362.9,normal,2.6,8.4,88.44,0,none,0.0
2086-01-27,M19,Robotic Arm,1.01,41.52,5.79,44.5,350.1,normal,2.7,8.6,88.34,0,none,0.0
2086-01-28,M19,Robotic Arm,1.3,43.48,5.87,41.7,343.5,normal,2.85,11.4,88.19,0,none,0.0
2086-01-29,M19,Robotic Arm,1.05,41.43,5.32,43.6,359.8,normal,3.08,13.1,87.95,0,none,0.0
2086-01-30,M19,Robotic Arm,1.5,49.21,7.63,56.4,495.1,peak,3.28,14.1,87.75,0,none,0.0
2086-01-31,M19,Robotic Arm,0.9,42.44,5.79,41.3,368.1,normal,3.72,11.5,87.32,0,none,0.0
2086-02-01,M19,Robotic Arm,0.42,34.92,2.44,16.8,156.5,idle,3.83,8.6,87.2,0,none,0.0
2086-02-02,M19,Robotic Arm,1.07,35.01,5.37,40.1,354.7,normal,3.87,11.7,87.17,0,none,0.0
2086-02-03,M19,Robotic Arm,1.24,42.24,5.28,40.6,344.1,normal,3.9,14.7,87.14,0,none,0.0
2086-02-04,M19,Robotic Arm,0.89,37.04,5.62,45.6,351.9,normal,4.1,9.2,86.94,0,none,0.0
2086-02-05,M19,Robotic Arm,0.96,40.59,5.46,38.5,367.7,normal,4.17,12.7,86.87,0,none,0.0
2086-02-06,M19,Robotic Arm,0.86,35.54,5.44,45.8,354.7,normal,4.45,16.4,86.59,0,none,0.0
2086-02-07,M19,Robotic Arm,1.13,43.02,5.23,47.6,356.5,normal,4.87,9.9,86.17,0,none,0.0
2086-02-08,M19,Robotic Arm,0.43,31.0,2.37,15.0,150.4,idle,5.37,14.0,85.67,0,none,0.0
2086-02-09,M19,Robotic Arm,0.37,34.39,2.33,16.4,147.0,idle,5.47,10.4,85.57,0,none,0.0
2086-02-10,M19,Robotic Arm,0.45,32.0,2.43,16.4,155.2,idle,5.8,9.2,85.24,0,none,0.0
2086-02-11,M19,Robotic Arm,0.42,34.33,2.31,19.2,151.7,idle,5.9,13.0,85.14,0,none,0.0
2086-02-12,M19,Robotic Arm,0.37,32.63,2.21,19.1,146.0,idle,5.98,8.8,85.05,0,none,0.0
2086-02-13,M19,Robotic Arm,1.07,36.86,5.58,47.6,344.3,normal,6.3,10.8,84.74,0,none,0.0
2086-02-14,M19,Robotic Arm,0.36,29.39,2.58,15.7,154.1,idle,6.67,8.6,84.37,0,none,0.0
2086-02-15,M19,Robotic Arm,0.38,33.04,2.45,19.8,149.9,idle,6.95,15.5,84.09,0,none,0.0
2086-02-16,M19,Robotic Arm,0.38,33.45,2.26,18.4,156.6,idle,7.18,17.0,83.85,0,none,0.0
2086-02-17,M19,Robotic Arm,0.44,32.83,2.27,16.0,145.8,idle,7.55,9.7,83.49,0,none,0.0
2086-02-18,M19,Robotic Arm,0.43,32.84,2.41,19.9,149.8,idle,7.7,11.8,83.34,0,none,0.0
2086-02-19,M19,Robotic Arm,0.44,29.27,2.41,15.7,157.1,idle,8.12,10.1,82.92,0,none,0.0
2086-02-20,M19,Robotic Arm,0.36,30.86,2.59,15.9,157.1,idle,8.35,9.4,82.69,0,none,0.0
2086-02-21,M19,Robotic Arm,0.4,32.24,2.59,17.4,152.2,idle,8.52,9.5,82.52,0,none,0.0
2086-02-22,M19,Robotic Arm,0.37,28.09,2.47,18.2,156.6,idle,8.98,16.6,82.05,0,none,0.0
2086-02-23,M19,Robotic Arm,1.36,37.11,5.91,40.4,356.3,normal,9.1,10.9,81.94,0,none,0.0
2086-02-24,M19,Robotic Arm,0.38,28.97,2.22,16.1,159.6,idle,9.38,16.6,81.65,0,none,0.0
2086-02-25,M19,Robotic Arm,0.4,28.26,2.47,15.2,145.9,idle,9.75,11.0,81.29,0,none,0.0
2086-02-26,M19,Robotic Arm,0.43,31.12,2.59,18.3,149.3,idle,9.9,11.8,81.14,0,none,0.0
2086-02-27,M19,Robotic Arm,1.39,46.32,5.45,40.9,355.1,normal,10.33,14.9,80.7,0,none,0.0
2086-02-28,M19,Robotic Arm,0.4,32.05,2.29,14.3,153.1,idle,10.47,9.5,80.57,0,none,0.0
2086-03-01,M19,Robotic Arm,0.41,34.71,2.42,14.9,149.6,idle,10.73,9.0,80.3,0,none,0.0
2086-03-02,M19,Robotic Arm,0.88,35.2,5.58,44.6,368.5,normal,11.1,18.0,79.94,0,none,0.0
2086-03-03,M19,Robotic Arm,0.41,29.27,2.56,19.3,151.1,idle,11.32,11.1,79.72,0,none,0.0
2086-03-04,M19,Robotic Arm,0.4,31.5,2.38,16.0,159.8,idle,11.48,8.7,79.55,0,none,0.0
2086-03-05,M19,Robotic Arm,0.44,30.33,2.45,14.5,156.2,idle,11.75,14.2,79.29,0,none,0.0
2086-03-06,M19,Robotic Arm,0.43,31.27,2.45,17.5,145.8,idle,12.2,16.7,78.84,0,none,0.0
2086-03-07,M19,Robotic Arm,0.43,32.1,2.55,16.3,148.8,idle,12.27,13.2,78.77,0,none,0.0
2086-03-08,M19,Robotic Arm,0.44,34.31,2.23,19.2,158.9,idle,12.33,13.7,78.7,0,none,0.0
2086-03-09,M19,Robotic Arm,0.4,34.25,2.38,14.3,153.2,idle,12.43,17.1,78.6,0,none,0.0
2086-03-10,M19,Robotic Arm,0.44,31.74,2.26,16.6,153.2,idle,12.82,9.1,78.22,0,none,0.0
2086-03-11,M19,Robotic Arm,1.17,43.12,5.73,38.5,365.4,normal,13.3,12.4,77.74,0,none,0.0
2086-03-12,M19,Robotic Arm,1.35,38.73,5.83,42.8,355.9,normal,13.45,14.0,77.59,0,none,0.0
2086-03-13,M19,Robotic Arm,0.98,46.63,5.97,44.5,344.6,normal,13.67,13.1,77.37,0,none,0.0
2086-03-14,M19,Robotic Arm,1.14,38.93,5.56,44.8,342.1,normal,13.97,8.3,77.07,0,none,0.0
2086-03-15,M19,Robotic Arm,0.96,44.75,5.23,44.0,348.0,normal,14.32,12.9,76.72,0,none,0.0
2086-03-16,M19,Robotic Arm,1.35,45.83,5.94,38.9,369.8,normal,14.48,8.4,76.55,0,none,0.0
2086-03-17,M19,Robotic Arm,0.36,34.09,2.35,19.7,145.0,idle,14.52,14.1,76.52,0,none,0.0
2086-03-18,M19,Robotic Arm,1.23,47.94,5.76,45.1,360.0,normal,14.87,12.4,76.17,0,none,0.0
2086-03-19,M19,Robotic Arm,1.39,44.33,5.6,40.5,363.3,normal,15.18,8.8,75.85,0,none,0.0
2086-03-20,M19,Robotic Arm,0.94,35.81,5.81,41.7,346.4,normal,15.4,15.7,75.64,0,none,0.0
2086-03-21,M19,Robotic Arm,1.27,46.28,5.28,42.1,340.7,normal,15.75,10.7,75.29,0,none,0.0
2086-03-22,M19,Robotic Arm,1.31,35.11,5.51,47.0,357.5,normal,15.93,18.0,75.1,0,none,0.0
2086-03-23,M19,Robotic Arm,1.29,36.75,5.29,41.5,360.2,normal,16.43,17.2,74.6,0,none,0.0
2086-03-24,M19,Robotic Arm,0.94,35.85,5.98,40.9,358.7,normal,16.72,13.6,74.32,0,none,0.0
2086-03-25,M19,Robotic Arm,0.42,28.27,2.43,15.2,146.3,idle,16.83,10.0,74.2,0,none,0.0
2086-03-26,M19,Robotic Arm,1.07,45.31,5.98,43.0,366.6,normal,17.28,10.1,73.75,0,none,0.0
2086-03-27,M19,Robotic Arm,0.44,31.1,2.26,15.9,150.8,idle,17.57,11.7,73.47,0,none,0.0
2086-03-28,M19,Robotic Arm,1.1,43.38,5.72,43.4,346.9,normal,17.97,14.3,73.07,0,none,0.0
2086-03-29,M19,Robotic Arm,0.39,30.89,2.47,14.8,148.6,idle,18.43,12.9,72.6,0,none,0.0
2086-03-30,M19,Robotic Arm,1.01,41.74,5.81,46.4,362.3,normal,18.63,17.7,72.4,0,none,0.0
2086-03-31,M19,Robotic Arm,1.72,45.13,8.38,55.5,501.6,peak,18.77,8.8,72.27,0,none,0.0
2086-04-01,M19,Robotic Arm,1.53,49.81,7.55,55.5,481.4,peak,19.25,11.9,71.79,0,none,0.0
2086-04-02,M19,Robotic Arm,0.94,44.79,5.44,46.8,342.9,normal,19.38,16.6,71.65,0,none,0.0
2086-04-03,M19,Robotic Arm,1.14,47.04,5.53,41.3,369.0,normal,19.63,17.4,71.4,0,none,0.0
2086-04-04,M19,Robotic Arm,0.39,32.89,2.57,14.1,153.5,idle,20.03,11.8,71.0,0,none,0.0
2086-04-05,M19,Robotic Arm,0.42,30.93,2.47,18.8,149.7,idle,20.25,8.3,70.79,0,none,0.0
2086-04-06,M19,Robotic Arm,1.03,36.14,5.96,38.3,354.1,normal,20.53,16.7,70.5,0,none,0.0
2086-04-07,M19,Robotic Arm,1.14,36.83,5.59,41.0,364.1,normal,20.6,14.5,70.44,0,none,0.0
2086-04-08,M19,Robotic Arm,1.3,40.63,5.55,38.8,350.7,normal,20.97,17.1,70.07,0,none,0.0
2086-04-09,M19,Robotic Arm,1.62,47.81,7.95,55.9,486.5,peak,21.42,10.3,69.62,0,none,0.0
2086-04-10,M19,Robotic Arm,1.09,39.92,5.31,44.5,343.5,normal,21.65,14.3,69.39,0,none,0.0
2086-04-11,M19,Robotic Arm,0.85,42.96,5.27,38.6,342.6,normal,22.1,8.2,68.94,0,none,0.0
2086-04-12,M19,Robotic Arm,1.36,36.37,5.87,45.8,365.2,normal,22.23,13.5,68.8,0,none,0.0
2086-04-13,M19,Robotic Arm,0.41,29.09,2.51,17.4,153.5,idle,22.32,8.6,68.72,0,none,0.0
2086-04-14,M19,Robotic Arm,1.18,29.09,5.43,47.9,366.2,normal,22.73,10.6,68.3,0,none,0.0
2086-04-15,M19,Robotic Arm,0.39,34.91,2.23,16.1,153.3,idle,22.8,12.4,68.24,0,none,0.0
2086-04-16,M19,Robotic Arm,0.41,33.64,2.49,16.1,159.6,idle,23.27,8.2,67.77,0,none,0.0
2086-04-17,M19,Robotic Arm,1.18,35.09,5.69,45.6,367.5,normal,23.65,9.3,67.39,0,none,0.0
2086-04-18,M19,Robotic Arm,1.07,35.67,5.3,47.1,368.5,normal,23.7,17.4,67.34,0,none,0.0
2086-04-19,M19,Robotic Arm,1.57,50.78,7.97,61.0,482.0,peak,23.85,13.4,67.19,0,none,0.0
2086-04-20,M19,Robotic Arm,0.45,31.3,2.51,17.1,157.8,idle,23.97,14.3,67.07,0,none,0.0
2086-04-21,M19,Robotic Arm,1.69,46.17,8.0,62.9,490.7,peak,24.4,17.6,66.64,0,none,0.0
2086-04-22,M19,Robotic Arm,1.28,44.21,5.21,46.7,355.6,normal,24.63,14.3,66.4,0,none,0.0
2086-04-23,M19,Robotic Arm,1.78,42.14,5.21,62.7,506.4,peak,25.12,15.0,65.92,0,none,0.0
2086-04-24,M19,Robotic Arm,1.18,42.79,5.87,47.9,353.9,normal,25.48,10.3,65.55,0,none,0.0
2086-04-25,M19,Robotic Arm,1.16,37.36,5.51,39.7,340.3,normal,25.92,14.2,65.12,0,none,0.0
2086-04-26,M19,Robotic Arm,0.42,30.14,2.55,16.9,157.1,idle,26.17,13.4,64.87,0,none,0.0
2086-04-27,M19,Robotic Arm,1.08,45.83,5.88,42.7,368.0,normal,26.48,10.3,64.55,0,none,0.0
2086-04-28,M19,Robotic Arm,0.38,30.62,2.39,18.5,151.0,idle,26.83,13.1,64.2,0,none,0.0
2086-04-29,M19,Robotic Arm,0.9,30.62,5.9,44.4,345.1,normal,27.1,12.3,63.94,0,none,0.0
2086-04-30,M19,Robotic Arm,1.35,44.39,5.9,42.5,362.6,normal,27.18,14.2,63.85,0,none,0.0
2086-05-01,M19,Robotic Arm,1.18,44.55,5.47,43.4,341.1,normal,27.62,15.8,63.42,0,none,0.0
2086-05-02,M19,Robotic Arm,0.94,46.13,5.72,46.3,356.8,normal,27.68,8.2,63.35,0,none,0.0
2086-05-03,M19,Robotic Arm,1.63,52.6,7.55,61.9,504.4,peak,28.03,11.1,63.0,0,none,0.0
2086-05-04,M19,Robotic Arm,0.87,39.36,5.61,38.3,349.2,normal,28.4,16.6,62.64,0,none,0.0
2086-05-05,M19,Robotic Arm,0.86,38.53,5.98,42.5,368.5,normal,28.6,13.7,62.44,0,none,0.0
2086-05-06,M19,Robotic Arm,1.74,45.41,8.44,58.0,493.8,peak,28.7,11.7,62.34,0,none,0.0
2086-05-07,M19,Robotic Arm,1.02,40.75,5.26,46.2,342.5,normal,28.8,11.9,62.24,0,none,0.0
2086-05-08,M19,Robotic Arm,0.4,28.49,2.46,16.7,145.0,idle,28.98,15.4,62.05,0,none,0.0
2086-05-09,M19,Robotic Arm,1.09,39.73,5.93,44.0,364.8,normal,29.12,14.6,61.92,0,none,0.0
2086-05-10,M19,Robotic Arm,0.36,28.88,2.27,19.7,146.5,idle,29.17,8.8,61.87,0,none,0.0
2086-05-11,M19,Robotic Arm,0.4,28.53,2.5,16.3,154.2,idle,29.32,15.6,61.72,0,none,0.0
2086-05-12,M19,Robotic Arm,0.36,31.02,2.25,15.9,147.8,idle,29.8,11.2,61.24,0,none,0.0
2086-05-13,M19,Robotic Arm,0.4,34.25,2.36,19.4,156.6,idle,29.93,10.4,61.1,0,none,0.0
2086-05-14,M19,Robotic Arm,1.26,45.15,5.77,40.0,365.1,normal,30.33,17.1,60.7,0,none,0.0
2086-05-15,M19,Robotic Arm,1.26,29.88,2.53,17.7,148.8,idle,30.68,9.0,60.35,0,none,0.0
2086-05-16,M19,Robotic Arm,0.44,31.77,2.21,17.2,159.3,idle,31.0,11.1,60.04,0,none,0.0
2086-05-17,M19,Robotic Arm,0.37,30.11,2.29,15.3,146.2,idle,31.38,17.8,59.65,0,none,0.0
2086-05-18,M19,Robotic Arm,0.4,33.73,2.3,18.3,153.6,idle,31.58,15.5,59.45,0,none,0.0
2086-05-19,M19,Robotic Arm,0.37,31.99,2.41,15.3,145.2,idle,31.77,15.8,59.27,0,none,0.0
2086-05-20,M19,Robotic Arm,0.39,30.26,2.31,18.2,155.6,idle,32.23,12.1,58.8,0,none,0.0
2086-05-21,M19,Robotic Arm,0.44,28.19,2.56,18.1,154.9,idle,32.43,9.5,58.6,0,none,0.0
2086-05-22,M19,Robotic Arm,0.45,28.54,2.52,17.6,147.4,idle,32.78,11.7,58.25,0,none,0.0
2086-05-23,M19,Robotic Arm,0.43,30.51,2.3,17.5,152.2,idle,33.13,9.5,57.9,0,none,0.0
2086-05-24,M19,Robotic Arm,0.37,33.12,2.32,16.9,149.3,idle,33.47,13.3,57.57,0,none,0.0
2086-05-25,M19,Robotic Arm,0.39,29.75,2.39,15.0,149.2,idle,33.5,8.0,57.54,0,none,0.0
2086-05-26,M19,Robotic Arm,0.37,30.53,2.53,17.0,151.4,idle,33.62,8.4,57.42,0,none,0.0
2086-05-27,M19,Robotic Arm,0.41,33.49,2.32,18.8,148.7,idle,33.65,13.0,57.39,0,none,0.0
2086-05-28,M19,Robotic Arm,0.43,33.83,2.32,16.1,151.2,idle,34.13,16.6,56.9,0,none,0.0
2086-05-29,M19,Robotic Arm,0.43,28.58,2.51,14.8,157.2,idle,34.52,13.6,56.52,0,none,0.0
2086-05-30,M19,Robotic Arm,0.44,31.59,2.5,15.2,156.6,idle,34.65,10.7,56.39,0,none,0.0
2086-05-31,M19,Robotic Arm,0.42,28.8,2.4,18.6,146.4,idle,34.92,16.8,56.12,0,none,0.0
2086-06-01,M19,Robotic Arm,0.42,33.61,2.34,16.3,149.1,idle,35.38,11.7,55.65,0,none,0.0
2086-06-02,M19,Robotic Arm,0.37,34.7,2.48,14.3,158.9,idle,35.7,14.5,55.34,0,none,0.0
2086-06-03,M19,Robotic Arm,0.36,34.47,2.38,16.9,153.1,idle,36.05,15.6,54.99,0,none,0.0
2086-06-04,M19,Robotic Arm,0.36,32.65,2.46,17.5,158.3,idle,36.4,11.1,54.64,0,none,0.0
2086-06-05,M19,Robotic Arm,0.4,32.97,2.34,19.6,159.0,idle,36.9,9.6,54.14,0,none,0.0
2086-06-06,M19,Robotic Arm,0.4,33.15,2.29,17.9,146.3,idle,37.4,9.4,53.64,0,none,0.0
2086-06-07,M19,Robotic Arm,1.32,44.38,5.96,45.8,146.3,normal,37.82,12.3,53.22,0,none,0.0
2086-06-08,M19,Robotic Arm,1.11,42.05,5.86,43.5,354.3,normal,38.25,14.6,52.79,0,none,0.0
2086-06-09,M19,Robotic Arm,1.71,50.35,8.25,59.8,508.9,peak,38.6,9.5,52.44,0,none,0.0
2086-06-10,M19,Robotic Arm,1.38,37.36,5.24,43.7,508.9,normal,39.07,14.3,51.97,0,none,0.0
2086-06-11,M19,Robotic Arm,0.37,32.7,2.37,14.2,153.4,idle,39.2,9.7,51.84,0,none,0.0
2086-06-12,M19,Robotic Arm,0.37,31.04,2.22,14.4,147.9,idle,39.3,16.2,51.74,0,none,0.0
2086-06-13,M19,Robotic Arm,1.25,45.27,5.48,39.3,368.1,normal,39.38,17.7,51.65,0,none,0.0
2086-06-14,M19,Robotic Arm,1.28,37.14,5.38,38.4,367.0,normal,39.82,17.1,51.22,0,none,0.0
2086-06-15,M19,Robotic Arm,0.44,28.58,2.26,15.2,147.7,idle,39.87,14.0,51.17,0,none,0.0
2086-06-16,M19,Robotic Arm,1.37,38.4,2.26,38.7,358.9,normal,40.32,13.6,50.72,0,none,0.0
2086-06-17,M19,Robotic Arm,2.46,38.19,5.98,38.4,345.6,normal,40.7,17.4,50.34,0,none,0.0
2086-06-18,M19,Robotic Arm,1.13,42.31,5.77,38.4,351.8,normal,41.07,8.3,49.97,0,none,0.0
2086-06-19,M19,Robotic Arm,0.38,33.84,2.34,15.6,154.2,idle,41.33,17.5,49.7,0,none,0.0
2086-06-20,M19,Robotic Arm,0.36,33.94,2.31,18.9,159.9,idle,41.8,16.4,49.24,0,none,0.0
2086-06-21,M19,Robotic Arm,0.35,29.34,2.5,14.5,151.7,idle,42.05,10.4,48.99,0,none,0.0
2086-06-22,M19,Robotic Arm,0.93,41.11,5.21,14.5,348.2,normal,42.1,17.5,48.94,0,none,0.0
2086-06-23,M19,Robotic Arm,0.96,39.7,5.32,46.2,355.6,normal,42.3,14.0,48.74,0,none,0.0
2086-06-24,M19,Robotic Arm,0.38,30.07,2.3,17.0,153.0,idle,42.78,15.1,48.25,0,none,0.0
2086-06-25,M19,Robotic Arm,1.4,43.18,5.63,38.4,356.5,normal,42.95,17.1,48.09,0,none,0.0
2086-06-26,M19,Robotic Arm,1.12,46.66,5.78,42.8,346.8,normal,43.18,16.1,47.85,0,none,0.0
2086-06-27,M19,Robotic Arm,1.24,38.73,5.48,44.9,349.4,normal,43.3,10.6,47.74,0,none,0.0
2086-06-28,M19,Robotic Arm,1.24,40.75,5.73,47.4,344.5,normal,43.78,14.9,47.25,0,none,0.0
2086-06-29,M19,Robotic Arm,0.38,34.9,2.45,14.1,158.4,idle,44.15,8.1,46.89,0,none,0.0
2086-06-30,M19,Robotic Arm,0.38,31.85,2.35,15.1,154.0,idle,44.38,10.0,46.65,0,none,0.0
2086-07-01,M19,Robotic Arm,0.97,37.96,5.84,44.4,367.6,normal,44.85,15.8,46.19,0,none,0.0
2086-07-02,M19,Robotic Arm,1.09,41.57,5.26,41.6,341.5,normal,45.07,14.6,45.97,0,none,0.0
2086-07-03,M19,Robotic Arm,0.39,30.86,2.27,19.1,150.1,idle,45.25,17.2,45.79,0,none,0.0
2086-07-04,M19,Robotic Arm,0.88,40.07,5.64,42.8,356.9,normal,45.55,13.0,45.49,0,none,0.0
2086-07-05,M19,Robotic Arm,0.44,28.21,2.52,16.3,356.9,idle,45.98,14.7,45.05,0,none,0.0
2086-07-06,M19,Robotic Arm,0.41,32.16,2.24,17.8,147.6,idle,46.17,16.8,44.87,0,none,0.0
2086-07-07,M19,Robotic Arm,1.59,48.29,8.17,62.6,508.8,peak,46.3,8.1,44.74,0,none,0.0
2086-07-08,M19,Robotic Arm,1.14,48.29,5.74,47.8,364.5,normal,46.37,12.4,44.67,0,none,0.0
2086-07-09,M19,Robotic Arm,1.09,40.97,5.96,38.7,357.8,normal,46.67,15.5,44.37,0,none,0.0
2086-07-10,M19,Robotic Arm,0.36,28.53,2.31,15.4,145.7,idle,47.13,10.2,43.9,0,none,0.0
2086-07-11,M19,Robotic Arm,1.76,52.86,2.31,62.7,482.7,peak,47.17,10.0,43.87,0,none,0.0
2086-07-12,M19,Robotic Arm,1.0,42.69,5.91,45.1,340.5,normal,47.28,16.9,43.75,0,none,0.0
2086-07-13,M19,Robotic Arm,0.98,40.26,5.7,44.6,358.3,normal,47.48,13.5,43.55,0,none,0.0
2086-07-14,M19,Robotic Arm,0.89,44.85,5.74,40.1,354.9,normal,47.78,10.1,43.25,0,none,0.0
2086-07-15,M19,Robotic Arm,0.99,43.93,5.37,38.2,354.9,normal,47.87,8.3,43.17,0,none,0.0
2086-07-16,M19,Robotic Arm,0.87,35.56,5.35,45.2,368.3,normal,48.33,13.1,42.7,0,none,0.0
2086-07-17,M19,Robotic Arm,1.13,43.81,5.24,45.9,353.4,normal,48.65,8.1,42.39,0,none,0.0
2086-07-18,M19,Robotic Arm,1.12,45.43,5.29,42.6,356.2,normal,48.98,12.4,42.05,0,none,0.0
2086-07-19,M19,Robotic Arm,1.19,44.2,5.7,46.5,369.5,normal,49.28,17.9,41.75,0,none,0.0
2086-07-20,M19,Robotic Arm,1.51,47.37,7.91,62.5,491.6,peak,49.42,10.3,41.62,0,none,0.0
2086-07-21,M19,Robotic Arm,0.35,28.52,2.57,19.5,148.8,idle,49.9,17.2,41.14,0,none,0.0
2086-07-22,M19,Robotic Arm,1.36,46.39,5.75,40.5,343.6,normal,50.1,9.4,40.94,0,none,0.0
2086-07-23,M19,Robotic Arm,1.55,44.57,8.31,58.2,507.1,peak,50.27,9.4,40.77,0,none,0.0
2086-07-24,M19,Robotic Arm,1.27,40.64,5.37,42.8,344.0,normal,50.37,10.9,40.67,0,none,0.0
2086-07-25,M19,Robotic Arm,1.3,45.48,5.95,46.1,359.5,normal,50.8,12.2,40.24,0,none,0.0
2086-07-26,M19,Robotic Arm,1.06,41.46,5.35,44.7,365.0,normal,50.87,10.6,40.17,0,none,0.0
2086-07-27,M19,Robotic Arm,1.06,54.44,8.47,62.0,509.8,peak,51.03,9.4,40.0,0,none,0.0
2086-07-28,M19,Robotic Arm,1.03,35.59,5.89,44.9,368.9,normal,51.53,11.8,39.5,0,none,0.0
2086-07-29,M19,Robotic Arm,0.35,33.01,2.31,16.7,151.8,idle,51.77,15.5,39.27,0,none,0.0
2086-07-30,M19,Robotic Arm,0.87,46.08,5.27,47.5,357.1,normal,52.03,15.3,39.0,0,none,0.0
2086-07-31,M19,Robotic Arm,1.0,43.3,5.94,45.8,345.0,normal,52.27,14.4,38.77,0,none,0.0
2086-08-01,M19,Robotic Arm,1.59,43.41,8.23,57.0,509.8,peak,52.48,12.9,38.55,0,none,0.0
2086-08-02,M19,Robotic Arm,0.92,44.91,5.61,46.4,355.6,normal,52.63,9.2,38.4,0,none,0.0
2086-08-03,M19,Robotic Arm,0.99,43.85,5.44,38.9,364.8,normal,52.95,17.9,38.09,0,none,0.0
2086-08-04,M19,Robotic Arm,0.42,28.4,2.57,15.2,156.2,idle,53.27,17.3,37.77,0,none,0.0
2086-08-05,M19,Robotic Arm,0.35,31.35,2.3,17.3,149.1,idle,53.77,17.6,37.27,0,none,0.0
2086-08-06,M19,Robotic Arm,0.4,28.08,2.56,18.9,145.4,idle,53.8,9.0,37.24,0,none,0.0
2086-08-07,M19,Robotic Arm,0.45,34.5,2.46,16.4,158.3,idle,54.15,11.9,36.89,0,none,0.0
2086-08-08,M19,Robotic Arm,0.44,30.95,2.48,18.9,157.3,idle,54.45,17.5,36.59,0,none,0.0
2086-08-09,M19,Robotic Arm,0.45,33.6,2.42,18.8,149.5,idle,54.92,14.6,36.12,0,none,0.0
2086-08-10,M20,Robotic Arm,0.37,30.07,2.42,17.5,149.8,idle,244.18,12.3,71.68,0,none,0.0
2086-08-11,M20,Robotic Arm,0.4,32.04,2.31,14.3,146.6,idle,244.28,17.6,71.58,0,none,0.0
2086-08-12,M20,Robotic Arm,0.41,34.45,2.38,17.1,145.6,idle,244.73,17.2,71.13,0,none,0.0
2086-08-13,M20,Robotic Arm,0.45,34.01,2.4,17.1,151.6,idle,245.05,14.9,70.81,0,none,0.0
2086-08-14,M20,Robotic Arm,0.4,32.78,2.33,19.3,148.2,idle,245.31,11.0,70.55,0,none,0.0
2086-08-15,M20,Robotic Arm,0.45,34.49,2.34,18.0,152.4,idle,245.56,17.2,70.3,0,none,0.0
2086-08-16,M20,Robotic Arm,0.41,29.21,2.5,17.1,146.6,idle,245.78,16.9,70.08,0,none,0.0
2086-08-17,M20,Robotic Arm,0.43,34.31,2.2,18.8,153.5,idle,245.83,17.5,70.03,0,none,0.0
2086-08-18,M20,Robotic Arm,0.36,31.12,2.37,15.2,150.4,idle,246.11,12.5,69.75,0,none,0.0
2086-08-19,M20,Robotic Arm,0.4,31.84,2.26,17.5,148.8,idle,246.3,17.8,69.56,0,none,0.0
2086-08-20,M20,Robotic Arm,0.94,39.3,5.71,47.6,364.7,normal,246.46,13.4,69.4,0,none,0.0
2086-08-21,M20,Robotic Arm,0.44,29.52,2.38,16.7,151.9,idle,246.66,16.0,69.2,0,none,0.0
2086-08-22,M20,Robotic Arm,0.37,33.9,2.33,16.9,150.4,idle,246.93,10.9,68.93,0,none,0.0
2086-08-23,M20,Robotic Arm,0.38,32.3,2.6,19.3,158.9,idle,247.38,13.6,68.48,0,none,0.0
2086-08-24,M20,Robotic Arm,0.39,29.33,2.21,14.3,155.9,idle,247.5,9.1,68.36,0,none,0.0
2086-08-25,M20,Robotic Arm,0.39,32.57,2.42,19.9,155.7,idle,247.78,13.1,68.08,0,none,0.0
2086-08-26,M20,Robotic Arm,0.39,32.57,2.42,43.1,155.7,normal,248.0,16.6,67.86,0,none,0.0
2086-08-27,M20,Robotic Arm,0.4,33.96,2.49,15.1,153.8,idle,248.41,13.2,67.45,0,none,0.0
2086-08-28,M20,Robotic Arm,0.37,30.95,2.56,14.4,159.4,idle,248.56,14.8,67.3,0,none,0.0
2086-08-29,M20,Robotic Arm,0.97,37.28,5.58,47.0,345.6,normal,248.68,8.5,67.18,0,none,0.0
2086-08-30,M20,Robotic Arm,0.35,30.93,2.43,18.5,345.6,idle,248.86,11.7,67.0,0,none,0.0
2086-08-31,M20,Robotic Arm,0.4,29.17,2.37,19.8,159.7,idle,249.36,8.7,66.5,0,none,0.0
2086-09-01,M20,Robotic Arm,0.45,30.54,2.48,19.2,152.6,idle,249.65,17.8,66.21,0,none,0.0
2086-09-02,M20,Robotic Arm,0.4,33.06,2.4,19.2,151.8,idle,250.1,12.8,65.76,0,none,0.0
2086-09-03,M20,Robotic Arm,0.42,33.95,2.38,16.9,158.8,idle,250.33,12.5,65.53,0,none,0.0
2086-09-04,M20,Robotic Arm,1.16,41.17,5.98,38.7,358.7,normal,250.65,8.4,65.21,0,none,0.0
2086-09-05,M20,Robotic Arm,0.86,40.84,5.46,42.4,367.1,normal,251.13,15.2,64.73,0,none,0.0
2086-09-06,M20,Robotic Arm,1.13,42.59,5.46,47.9,369.2,normal,251.18,10.7,64.68,0,none,0.0
2086-09-07,M20,Robotic Arm,3.21,44.21,5.54,39.3,367.3,normal,251.31,15.9,64.55,0,none,0.0
2086-09-08,M20,Robotic Arm,1.14,42.3,5.28,45.9,356.6,normal,251.58,8.2,64.28,0,none,0.0
2086-09-09,M20,Robotic Arm,0.99,37.23,5.69,46.6,355.8,normal,251.61,9.3,64.25,0,none,0.0
2086-09-10,M20,Robotic Arm,0.44,29.31,2.42,16.6,149.8,idle,251.68,16.8,64.18,0,none,0.0
2086-09-11,M20,Robotic Arm,0.91,37.68,5.91,16.6,365.7,normal,251.8,13.4,64.06,0,none,0.0
2086-09-12,M20,Robotic Arm,0.43,30.13,2.39,16.7,158.5,idle,251.85,14.1,64.01,0,none,0.0
2086-09-13,M20,Robotic Arm,1.19,40.69,5.62,46.4,349.2,normal,252.06,17.3,63.8,0,none,0.0
2086-09-14,M20,Robotic Arm,0.39,28.91,2.43,19.8,150.2,idle,252.31,12.9,63.55,0,none,0.0
2086-09-15,M20,Robotic Arm,1.37,45.46,5.83,45.4,362.8,normal,252.63,11.8,63.23,0,none,0.0
2086-09-16,M20,Robotic Arm,1.04,45.82,5.98,39.0,343.8,normal,252.7,11.7,63.16,0,none,0.0
2086-09-17,M20,Robotic Arm,0.35,32.91,2.23,17.1,155.3,idle,252.86,8.5,63.0,0,none,0.0
2086-09-18,M20,Robotic Arm,1.18,32.91,5.97,17.1,358.6,normal,253.1,15.3,62.76,0,none,0.0
2086-09-19,M20,Robotic Arm,0.41,29.93,2.32,18.4,149.7,idle,253.26,12.3,62.6,0,none,0.0
2086-09-20,M20,Robotic Arm,0.98,47.79,5.27,41.1,365.2,normal,253.63,14.8,62.23,0,none,0.0
2086-09-21,M20,Robotic Arm,0.37,29.8,2.26,17.5,145.0,idle,253.68,17.8,62.18,0,none,0.0
2086-09-22,M20,Robotic Arm,1.33,39.88,5.6,40.5,341.3,normal,254.08,8.6,61.78,0,none,0.0
2086-09-23,M20,Robotic Arm,1.38,46.45,5.42,39.0,353.5,normal,254.3,18.0,61.56,0,none,0.0
2086-09-24,M20,Robotic Arm,0.41,31.99,2.57,18.0,154.2,idle,254.5,10.5,61.36,0,none,0.0
2086-09-25,M20,Robotic Arm,0.36,31.67,2.42,17.8,147.4,idle,254.78,12.8,61.08,0,none,0.0
2086-09-26,M20,Robotic Arm,1.38,42.44,5.53,44.6,344.3,normal,254.95,14.5,60.91,0,none,0.0
2086-09-27,M20,Robotic Arm,1.09,44.37,5.95,42.5,358.9,normal,255.4,11.6,60.46,0,none,0.0
2086-09-28,M20,Robotic Arm,1.09,41.81,5.6,45.0,359.6,normal,255.55,12.4,60.31,0,none,0.0
2086-09-29,M20,Robotic Arm,0.35,28.58,2.5,15.0,156.5,idle,256.0,12.9,59.86,0,none,0.0
2086-09-30,M20,Robotic Arm,0.43,34.54,2.53,17.2,148.2,idle,256.05,8.1,59.81,0,none,0.0
2086-10-01,M20,Robotic Arm,0.92,46.36,5.51,38.5,350.4,normal,256.35,17.1,59.51,0,none,0.0
2086-10-02,M20,Robotic Arm,1.33,42.31,5.71,40.5,340.6,normal,256.4,14.0,59.46,0,none,0.0
2086-10-03,M20,Robotic Arm,1.35,35.96,6.0,46.7,343.5,normal,256.85,12.7,59.01,0,none,0.0
2086-10-04,M20,Robotic Arm,0.45,33.66,2.54,18.9,158.9,idle,257.0,13.1,58.86,0,none,0.0
2086-10-05,M20,Robotic Arm,0.45,41.84,5.2,40.8,358.0,normal,257.36,9.9,58.5,0,none,0.0
2086-10-06,M20,Robotic Arm,0.38,30.87,2.24,19.9,146.7,idle,257.56,17.5,58.3,0,none,0.0
2086-10-07,M20,Robotic Arm,1.52,49.6,8.12,60.2,494.1,peak,257.7,14.5,58.16,0,none,0.0
2086-10-08,M20,Robotic Arm,1.36,39.46,5.45,47.5,366.6,normal,257.95,11.9,57.91,0,none,0.0
2086-10-09,M20,Robotic Arm,1.11,39.46,5.3,46.0,361.8,normal,257.98,17.8,57.88,0,none,0.0
2086-10-10,M20,Robotic Arm,0.91,44.63,5.92,38.6,352.3,normal,258.03,16.0,57.83,0,none,0.0
2086-10-11,M20,Robotic Arm,0.91,45.53,5.3,39.5,351.5,normal,258.4,12.5,57.46,0,none,0.0
2086-10-12,M20,Robotic Arm,1.32,47.83,5.64,39.6,367.1,normal,258.68,12.0,57.18,0,none,0.0
2086-10-13,M20,Robotic Arm,0.94,39.78,5.79,38.6,354.5,normal,259.15,10.4,56.71,0,none,0.0
2086-10-14,M20,Robotic Arm,0.39,34.62,2.42,19.3,146.3,idle,259.4,14.4,56.46,0,none,0.0
2086-10-15,M20,Robotic Arm,1.16,44.0,5.32,46.5,366.4,normal,259.65,15.1,56.21,0,none,0.0
2086-10-16,M20,Robotic Arm,1.22,41.76,5.76,40.9,343.3,normal,259.68,11.8,56.18,0,none,0.0
2086-10-17,M20,Robotic Arm,1.15,41.27,5.54,39.9,345.7,normal,259.93,11.4,55.93,0,none,0.0
2086-10-18,M20,Robotic Arm,0.45,34.49,2.3,14.4,149.9,idle,260.26,15.4,55.6,0,none,0.0
2086-10-19,M20,Robotic Arm,1.31,37.9,5.99,40.0,356.7,normal,260.6,13.7,55.26,0,none,0.0
2086-10-20,M20,Robotic Arm,1.8,43.69,7.7,60.9,511.6,peak,260.73,10.7,55.13,0,none,0.0
2086-10-21,M20,Robotic Arm,1.24,42.66,5.54,45.9,344.2,normal,261.13,14.5,54.73,0,none,0.0
2086-10-22,M20,Robotic Arm,0.98,45.26,5.42,39.4,365.3,normal,261.36,14.2,54.5,0,none,0.0
2086-10-23,M20,Robotic Arm,0.43,32.47,2.46,18.0,156.0,idle,261.48,12.4,54.38,0,none,0.0
2086-10-24,M20,Robotic Arm,1.02,46.25,5.41,42.1,355.3,normal,261.88,9.5,53.98,0,none,0.0
2086-10-25,M20,Robotic Arm,1.29,40.63,5.61,46.5,370.0,normal,262.25,17.4,53.61,0,none,0.0
2086-10-26,M20,Robotic Arm,1.74,45.92,7.61,62.0,507.5,peak,262.45,12.5,53.41,0,none,0.0
2086-10-27,M20,Robotic Arm,0.4,33.07,2.23,20.0,152.3,idle,262.63,9.1,53.23,0,none,0.0
2086-10-28,M20,Robotic Arm,0.41,31.73,2.42,18.7,146.1,idle,262.8,18.0,53.06,0,none,0.0
2086-10-29,M20,Robotic Arm,1.36,39.46,5.7,38.6,354.7,normal,263.28,14.3,52.58,0,none,0.0
2086-10-30,M20,Robotic Arm,1.3,39.07,5.49,44.4,342.1,normal,263.63,11.8,52.23,0,none,0.0
2086-10-31,M20,Robotic Arm,1.06,45.16,5.74,43.5,357.6,normal,263.78,10.7,52.08,0,none,0.0
2086-11-01,M20,Robotic Arm,0.99,47.31,6.0,39.6,342.3,normal,264.11,15.1,51.75,0,none,0.0
2086-11-02,M20,Robotic Arm,0.37,30.21,2.48,39.6,145.8,idle,264.35,8.8,51.51,0,none,0.0
2086-11-03,M20,Robotic Arm,1.13,42.75,5.31,38.9,352.6,normal,264.6,9.2,51.26,0,none,0.0
2086-11-04,M20,Robotic Arm,0.43,29.16,2.25,19.0,148.8,idle,265.1,10.5,50.76,0,none,0.0
2086-11-05,M20,Robotic Arm,0.92,46.78,5.51,42.2,369.1,normal,265.23,15.9,50.63,0,none,0.0
2086-11-06,M20,Robotic Arm,1.24,46.85,5.44,44.1,354.0,normal,265.35,10.7,50.51,0,none,0.0
2086-11-07,M20,Robotic Arm,1.4,41.31,5.75,40.0,344.2,normal,265.5,15.4,50.36,0,none,0.0
2086-11-08,M20,Robotic Arm,0.9,42.44,5.9,46.7,342.1,normal,265.73,10.7,50.13,0,none,0.0
2086-11-09,M20,Robotic Arm,0.43,34.16,2.52,14.2,155.6,idle,265.95,9.0,49.91,0,none,0.0
2086-11-10,M20,Robotic Arm,0.43,34.16,2.52,44.7,155.6,normal,266.13,10.7,49.73,0,none,0.0
2086-11-11,M20,Robotic Arm,0.36,34.45,2.49,19.7,157.1,idle,266.21,16.8,49.65,0,none,0.0
2086-11-12,M20,Robotic Arm,0.37,32.9,2.42,15.7,158.0,idle,266.58,13.5,49.28,0,none,0.0
2086-11-13,M20,Robotic Arm,1.28,36.67,5.66,45.7,344.8,normal,266.78,14.1,49.08,0,none,0.0
2086-11-14,M20,Robotic Arm,0.45,32.23,2.54,17.3,149.6,idle,267.0,11.0,48.86,0,none,0.0
2086-11-15,M20,Robotic Arm,0.43,31.13,2.43,17.4,145.9,idle,267.43,12.9,48.43,0,none,0.0
2086-11-16,M20,Robotic Arm,0.38,30.33,2.22,14.6,153.6,idle,267.9,13.7,47.96,0,none,0.0
2086-11-17,M20,Robotic Arm,0.38,31.51,2.39,17.9,157.7,idle,268.16,16.9,47.7,0,none,0.0
2086-11-18,M20,Robotic Arm,0.37,30.53,2.42,18.4,150.8,idle,268.56,8.2,47.3,0,none,0.0
2086-11-19,M20,Robotic Arm,1.0,43.78,5.73,45.6,354.9,normal,268.98,17.8,46.88,0,none,0.0
2086-11-20,M20,Robotic Arm,0.36,32.12,2.33,20.0,153.7,idle,269.06,12.4,46.8,0,none,0.0
2086-11-21,M20,Robotic Arm,0.39,33.33,2.59,17.0,150.0,idle,269.11,9.6,46.75,0,none,0.0
2086-11-22,M20,Robotic Arm,0.4,32.86,2.47,18.5,154.3,idle,269.46,9.7,46.4,0,none,0.0
2086-11-23,M20,Robotic Arm,0.45,30.55,2.2,14.9,145.7,idle,269.56,13.5,46.3,0,none,0.0
2086-11-24,M20,Robotic Arm,0.37,29.5,2.31,14.2,149.2,idle,270.06,8.7,45.8,0,none,0.0
2086-11-25,M20,Robotic Arm,0.36,28.6,2.43,15.2,146.2,idle,270.35,12.1,45.51,0,none,0.0
2086-11-26,M20,Robotic Arm,0.37,34.08,2.41,17.2,149.1,idle,270.56,16.2,45.3,0,none,0.0
2086-11-27,M20,Robotic Arm,1.13,44.57,5.68,43.4,350.9,normal,270.61,16.1,45.25,0,none,0.0
2086-11-28,M20,Robotic Arm,0.41,34.0,2.28,18.9,152.3,idle,271.05,8.2,44.81,0,none,0.0
2086-11-29,M20,Robotic Arm,0.45,34.0,2.24,14.5,152.3,idle,271.51,13.7,47.79,0,none,0.0
2086-11-30,M20,Robotic Arm,0.45,39.26,5.72,37.8,362.5,normal,271.78,15.5,47.52,0,none,0.0
2086-12-01,M20,Robotic Arm,0.38,34.32,2.27,16.6,147.5,idle,272.23,8.1,47.07,0,none,0.0
2086-12-02,M20,Robotic Arm,0.35,28.67,2.54,16.2,149.4,idle,272.55,8.3,46.75,0,none,0.0
2086-12-03,M20,Robotic Arm,0.42,30.95,2.54,17.5,151.5,idle,272.78,11.1,46.52,0,none,0.0
2086-12-04,M20,Robotic Arm,0.36,31.99,2.36,13.0,146.9,idle,272.98,13.8,46.32,0,none,0.0
2086-12-05,M20,Robotic Arm,0.43,29.89,2.6,22.3,147.1,idle,273.46,12.2,45.84,0,none,0.0
2086-12-06,M20,Robotic Arm,0.41,31.65,2.53,14.8,148.7,idle,273.56,14.3,45.74,0,none,0.0
2086-12-07,M20,Robotic Arm,0.4,28.91,2.44,16.0,148.7,idle,273.65,16.2,45.65,0,none,0.0
2086-12-08,M20,Robotic Arm,0.45,29.47,2.57,15.5,157.9,idle,273.75,17.2,45.55,0,none,0.0
2086-12-09,M20,Robotic Arm,0.39,29.34,2.61,18.7,152.1,idle,274.03,13.9,45.27,0,none,0.0
2086-12-10,M20,Robotic Arm,1.11,38.99,5.72,43.2,352.8,normal,274.53,12.2,44.77,0,none,0.0
2086-12-11,M20,Robotic Arm,1.14,44.1,5.98,33.9,362.3,normal,274.88,15.8,44.42,0,none,0.0
2086-12-12,M20,Robotic Arm,1.04,39.0,5.98,59.4,353.8,normal,275.05,11.8,44.25,0,none,0.0
2086-12-13,M20,Robotic Arm,0.95,47.11,5.85,29.3,355.8,normal,275.43,8.4,43.87,0,none,0.0
2086-12-14,M20,Robotic Arm,1.02,41.47,5.44,29.3,345.8,normal,275.8,17.3,43.5,0,none,0.0
2086-12-15,M20,Robotic Arm,0.99,36.8,5.77,33.5,342.3,normal,276.26,8.9,43.04,0,none,0.0
2086-12-16,M20,Robotic Arm,0.89,37.82,5.5,34.9,362.7,normal,276.35,9.1,42.95,0,none,0.0
2086-12-17,M20,Robotic Arm,1.64,45.86,8.43,60.2,502.3,peak,276.4,11.5,42.9,0,none,0.0
2086-12-18,M20,Robotic Arm,1.1,47.06,8.43,61.1,348.0,normal,276.81,8.7,42.49,0,none,0.0
2086-12-19,M20,Robotic Arm,1.37,36.92,5.82,31.6,362.5,normal,277.05,15.2,42.25,0,none,0.0
2086-12-20,M20,Robotic Arm,0.48,31.52,2.46,12.4,152.2,idle,277.41,15.0,41.89,0,none,0.0
2086-12-21,M20,Robotic Arm,1.72,31.52,7.63,53.2,474.3,peak,277.56,11.0,41.74,0,none,0.0
2086-12-22,M20,Robotic Arm,1.47,36.84,5.92,45.3,361.0,normal,277.6,8.7,41.7,0,none,0.0
2086-12-23,M20,Robotic Arm,0.98,40.99,5.34,31.8,353.3,normal,277.95,16.9,41.35,0,none,0.0
2086-12-24,M20,Robotic Arm,0.48,31.23,2.37,14.9,143.3,idle,278.28,13.4,41.02,0,none,0.0
2086-12-25,M20,Robotic Arm,1.32,38.11,5.99,32.6,360.8,normal,278.38,14.2,40.92,0,none,0.0
2086-12-26,M20,Robotic Arm,1.34,46.62,5.58,38.5,351.5,normal,278.45,9.9,40.85,0,none,0.0
2086-12-27,M20,Robotic Arm,1.01,48.1,5.61,46.5,351.9,normal,278.51,17.8,40.79,0,none,0.0
2086-12-28,M20,Robotic Arm,0.95,46.81,5.3,44.3,344.5,normal,279.01,12.5,40.29,0,none,0.0
2086-12-29,M20,Robotic Arm,1.3,42.26,5.61,48.2,338.0,normal,279.48,16.7,39.82,0,none,0.0
2086-12-30,M20,Robotic Arm,1.34,39.39,5.65,48.0,361.3,normal,279.86,13.3,39.44,0,none,0.0
2086-12-31,M20,Robotic Arm,1.89,55.38,8.34,76.9,480.8,peak,280.25,8.8,39.05,0,none,0.0
2087-01-01,M20,Robotic Arm,1.2,40.62,5.33,35.9,341.1,normal,280.36,14.6,38.94,0,none,0.0
2087-01-02,M20,Robotic Arm,1.35,41.37,5.47,35.9,345.2,normal,280.51,16.7,38.79,0,none,0.0
2087-01-03,M20,Robotic Arm,0.47,34.4,2.61,15.1,142.8,idle,280.95,17.0,38.35,0,none,0.0
2087-01-04,M20,Robotic Arm,0.47,42.57,2.61,53.5,340.6,normal,281.41,17.3,37.89,0,none,0.0
2087-01-05,M20,Robotic Arm,0.47,36.01,2.27,17.9,153.5,idle,281.8,10.1,37.5,0,none,0.0
2087-01-06,M20,Robotic Arm,1.79,56.62,8.52,43.0,484.6,peak,282.1,10.7,37.2,0,none,0.0
2087-01-07,M20,Robotic Arm,1.51,48.12,8.52,40.9,334.3,normal,282.36,17.0,36.94,0,none,0.0
2087-01-08,M20,Robotic Arm,0.98,43.03,6.07,35.0,334.3,normal,282.66,16.3,36.64,0,none,0.0
2087-01-09,M20,Robotic Arm,1.05,46.97,5.59,35.8,344.4,normal,282.8,8.1,36.5,0,none,0.0
2087-01-10,M20,Robotic Arm,0.43,36.48,2.42,18.9,143.6,idle,283.26,13.3,36.04,0,none,0.0
2087-01-11,M20,Robotic Arm,0.43,34.16,2.28,17.4,148.0,idle,283.31,12.2,35.99,0,none,0.0
2087-01-12,M20,Robotic Arm,1.4,46.55,6.07,49.5,337.6,normal,283.73,10.0,35.57,0,none,0.0
2087-01-13,M20,Robotic Arm,0.49,31.64,2.53,14.0,144.0,idle,283.83,8.6,35.47,0,none,0.0
2087-01-14,M20,Robotic Arm,0.49,31.94,2.53,14.3,144.0,idle,283.95,17.3,35.35,0,none,0.0
2087-01-15,M20,Robotic Arm,1.29,38.42,5.5,53.7,337.7,normal,284.2,8.3,35.1,0,none,0.0
2087-01-16,M20,Robotic Arm,1.73,56.28,7.94,47.9,337.7,peak,284.35,17.2,34.95,0,none,0.0
2087-01-17,M20,Robotic Arm,1.41,42.42,5.84,48.5,334.1,normal,284.68,11.7,34.62,0,none,0.0
2087-01-18,M20,Robotic Arm,1.53,42.46,6.0,32.4,335.6,normal,285.1,12.9,34.2,0,none,0.0
2087-01-19,M20,Robotic Arm,1.21,39.08,5.58,38.4,337.9,normal,285.56,17.9,33.74,0,none,0.0
2087-01-20,M20,Robotic Arm,1.49,39.12,5.89,37.4,343.6,normal,286.06,8.6,33.24,0,none,0.0
2087-01-21,M20,Robotic Arm,1.49,37.79,2.55,19.5,147.6,idle,286.28,10.3,33.02,0,none,0.0
2087-01-22,M20,Robotic Arm,1.09,49.95,5.75,43.0,333.8,normal,286.31,9.5,32.99,0,none,0.0
2087-01-23,M20,Robotic Arm,1.3,40.75,5.95,33.0,345.6,normal,286.6,8.7,32.7,0,none,0.0
2087-01-24,M20,Robotic Arm,1.38,50.56,6.14,44.5,355.0,normal,286.86,10.3,32.44,0,none,0.0
2087-01-25,M20,Robotic Arm,2.1,56.75,7.8,48.1,468.3,peak,287.2,10.6,32.1,0,none,0.0
2087-01-26,M20,Robotic Arm,0.49,33.78,2.36,14.6,145.6,idle,287.26,14.3,32.04,0,none,0.0
2087-01-27,M20,Robotic Arm,1.38,47.27,5.4,48.3,329.5,normal,287.73,12.1,31.57,0,none,0.0
2087-01-28,M20,Robotic Arm,1.64,42.03,6.12,37.6,342.0,normal,288.23,15.1,31.07,0,none,0.0
2087-01-29,M20,Robotic Arm,1.49,47.27,6.07,35.2,337.4,normal,288.71,11.7,30.59,0,none,0.0
2087-01-30,M20,Robotic Arm,1.28,40.47,5.63,41.8,340.0,normal,288.86,8.2,30.44,0,none,0.0
2087-01-31,M20,Robotic Arm,1.47,42.73,5.99,44.9,350.2,normal,289.03,9.6,30.27,0,none,0.0
2087-02-01,M20,Robotic Arm,0.46,38.5,2.36,16.7,141.9,idle,289.28,13.5,30.02,0,none,0.0
2087-02-02,M20,Robotic Arm,1.18,45.57,5.54,45.6,351.5,normal,289.65,16.2,29.65,0,none,0.0
2087-02-03,M20,Robotic Arm,1.25,48.09,5.79,52.2,334.5,normal,289.73,12.6,29.57,0,none,0.0
2087-02-04,M20,Robotic Arm,0.43,35.51,2.54,15.6,150.6,idle,289.8,16.5,29.5,0,none,0.0
2087-02-05,M20,Robotic Arm,0.53,37.06,2.7,19.0,148.7,idle,290.26,10.3,29.04,0,none,0.0
2087-02-06,M20,Robotic Arm,0.46,33.76,2.4,15.6,142.5,idle,290.66,11.2,28.64,0,none,0.0
2087-02-07,M20,Robotic Arm,0.46,32.73,2.29,15.3,141.6,idle,291.11,9.2,28.19,0,none,0.0
2087-02-08,M20,Robotic Arm,0.45,39.04,2.35,11.6,150.8,idle,291.31,13.7,27.99,0,none,0.0
2087-02-09,M20,Robotic Arm,0.46,35.71,2.64,20.2,151.8,idle,291.38,13.5,27.92,0,none,0.0
2087-02-10,M20,Robotic Arm,0.51,36.51,2.6,19.7,141.4,idle,291.45,17.7,27.85,0,none,0.0
2087-02-11,M20,Robotic Arm,0.52,38.6,2.36,19.3,141.2,idle,291.93,14.4,27.37,0,none,0.0
2087-02-12,M20,Robotic Arm,0.43,35.87,2.55,19.8,149.9,idle,292.3,12.8,27.0,0,none,0.0
2087-02-13,M20,Robotic Arm,0.45,38.84,2.54,19.4,145.1,idle,292.41,13.9,26.89,0,none,0.0
2087-02-14,M20,Robotic Arm,1.19,43.13,5.89,50.7,328.9,normal,292.65,11.4,26.65,0,none,0.0
2087-02-15,M20,Robotic Arm,0.49,32.67,2.37,17.2,142.5,idle,292.73,9.2,26.57,0,none,0.0
2087-02-16,M20,Robotic Arm,1.24,46.44,5.75,49.2,337.6,normal,293.11,8.3,26.19,0,none,0.0
2087-02-17,M20,Robotic Arm,0.54,32.68,2.64,14.9,150.7,idle,293.46,14.2,25.84,0,none,0.0
2087-02-18,M20,Robotic Arm,1.69,51.16,6.18,44.1,351.3,normal,293.58,16.1,25.72,0,none,0.0
2087-02-19,M20,Robotic Arm,0.44,33.47,2.42,13.1,140.6,idle,293.83,14.8,25.47,0,none,0.0
2087-02-20,M20,Robotic Arm,1.64,43.11,6.21,29.2,327.9,normal,293.96,17.1,25.34,0,none,0.0
2087-02-21,M20,Robotic Arm,1.56,40.44,6.1,58.5,330.4,normal,294.23,8.9,25.07,0,none,0.0
2087-02-22,M20,Robotic Arm,0.53,39.22,2.44,15.9,139.5,idle,294.3,17.4,25.0,0,none,0.0
2087-02-23,M20,Robotic Arm,0.55,36.09,2.41,17.3,141.7,idle,294.5,13.8,24.8,0,none,0.0
2087-02-24,M20,Robotic Arm,0.54,35.16,2.34,13.2,141.6,idle,294.85,17.1,24.45,0,none,0.0
2087-02-25,M20,Robotic Arm,0.5,37.42,2.52,16.3,147.5,idle,295.15,11.2,24.15,0,none,0.0
2087-02-26,M20,Robotic Arm,1.46,48.86,6.18,29.5,346.7,normal,295.31,13.5,23.99,1,hydraulic,3209.0
2087-02-27,M20,Robotic Arm,0.49,35.19,2.68,21.0,138.5,idle,295.55,9.9,23.75,1,hydraulic,1693.0
2087-02-28,M20,Robotic Arm,0.46,39.61,2.48,14.6,140.5,idle,295.58,12.4,23.72,1,hydraulic,3406.0
2087-03-01,M20,Robotic Arm,1.46,52.74,5.58,36.6,336.6,normal,296.01,17.7,23.29,1,hydraulic,1646.0
2087-03-02,M20,Robotic Arm,0.47,40.21,2.48,17.0,140.6,idle,296.31,8.6,22.99,1,hydraulic,1550.0
2087-03-03,M20,Robotic Arm,0.54,36.56,2.59,18.4,139.2,idle,296.73,13.0,22.57,1,hydraulic,2427.0
2087-03-04,M20,Robotic Arm,0.52,50.87,2.54,18.9,143.6,idle,296.86,13.3,22.44,1,hydraulic,2690.0
2087-03-05,M20,Robotic Arm,0.44,37.85,2.42,16.9,140.5,idle,297.26,11.0,22.04,1,hydraulic,2955.0
2087-03-06,M20,Robotic Arm,0.56,33.58,2.73,11.6,148.2,idle,297.48,16.9,21.82,1,hydraulic,1679.0
2087-03-07,M20,Robotic Arm,1.41,45.29,6.3,60.4,338.5,normal,297.58,16.7,21.72,1,hydraulic,3994.0
2087-03-08,M20,Robotic Arm,0.56,39.08,2.48,15.7,142.0,idle,297.98,16.5,21.32,1,hydraulic,2807.0
2087-03-09,M20,Robotic Arm,2.28,54.32,8.7,64.9,480.7,peak,298.25,10.7,21.05,1,hydraulic,1757.0
2087-03-10,M20,Robotic Arm,1.99,59.2,8.79,65.7,480.7,peak,298.36,11.5,20.94,1,hydraulic,3160.0
2087-03-11,M20,Robotic Arm,1.5,46.35,5.51,47.1,342.4,normal,298.58,14.1,20.72,1,hydraulic,2524.0
2087-03-12,M20,Robotic Arm,1.72,48.56,5.78,46.6,344.0,normal,298.75,8.1,20.55,1,hydraulic,2867.0
2087-03-13,M20,Robotic Arm,1.24,42.75,5.59,37.1,334.1,normal,299.06,16.2,20.24,1,hydraulic,2657.0
2087-03-14,M20,Robotic Arm,0.54,40.08,2.57,13.5,142.0,idle,299.4,12.4,19.9,1,hydraulic,2549.0
2087-03-15,M20,Robotic Arm,0.49,34.12,2.64,14.7,147.2,idle,299.6,9.7,19.7,1,hydraulic,2110.0
2087-03-16,M20,Robotic Arm,1.61,53.77,5.53,32.9,322.2,normal,299.76,16.5,19.54,1,hydraulic,3635.0
2087-03-17,M20,Robotic Arm,1.77,47.7,6.32,29.4,328.8,normal,300.18,17.4,19.12,1,hydraulic,2163.0
2087-03-18,M20,Robotic Arm,2.21,51.7,8.94,48.5,473.7,peak,300.68,13.8,18.62,1,hydraulic,3302.0
2087-03-19,M20,Robotic Arm,2.1,50.86,8.81,81.2,481.2,peak,300.76,17.9,18.54,1,hydraulic,1938.0
2087-03-20,M20,Robotic Arm,1.35,52.26,5.8,35.3,327.5,normal,300.81,16.9,18.49,1,hydraulic,2722.0
2087-03-21,M20,Robotic Arm,1.43,41.52,5.73,45.2,343.0,normal,300.9,9.3,18.4,1,hydraulic,1729.0
2087-03-22,M20,Robotic Arm,0.55,36.02,2.5,15.3,144.4,idle,300.95,11.0,18.35,1,hydraulic,3477.0
2087-03-23,M20,Robotic Arm,0.55,41.07,2.61,20.4,141.3,idle,301.41,14.2,17.89,1,hydraulic,3823.0
2087-03-24,M20,Robotic Arm,2.01,49.61,8.38,51.9,474.4,peak,301.53,10.0,17.77,1,hydraulic,3015.0
2087-03-25,M20,Robotic Arm,1.45,50.84,5.62,46.5,343.6,normal,302.0,8.1,17.3,1,hydraulic,3349.0
2087-03-26,M20,Robotic Arm,0.46,39.0,2.57,12.6,137.6,idle,302.03,9.8,17.27,1,hydraulic,1761.0
2087-03-27,M20,Robotic Arm,0.5,35.13,2.5,19.2,146.0,idle,302.1,13.8,17.2,1,hydraulic,2722.0
2087-03-28,M20,Robotic Arm,1.39,52.97,6.28,38.3,336.8,normal,302.51,13.6,16.79,1,hydraulic,3196.0
2087-03-29,M20,Robotic Arm,1.33,49.24,5.86,50.1,335.4,normal,302.61,12.7,16.69,1,hydraulic,3094.0
2087-03-30,M20,Robotic Arm,1.24,48.12,5.68,44.5,338.5,normal,302.88,17.1,16.42,1,hydraulic,3391.0
2087-03-31,M20,Robotic Arm,1.8,47.34,6.19,54.2,342.1,normal,302.98,15.7,16.32,1,hydraulic,3771.0
2087-04-01,M20,Robotic Arm,1.81,52.49,6.33,44.9,325.6,normal,303.1,13.9,16.2,1,hydraulic,2058.0
2087-04-02,M20,Robotic Arm,1.56,52.09,5.62,48.7,326.4,normal,303.38,8.3,15.92,1,hydraulic,3156.0
2087-04-03,M20,Robotic Arm,1.56,51.46,6.11,48.2,331.6,normal,303.8,10.5,15.5,1,hydraulic,2690.0
2087-04-04,M20,Robotic Arm,1.15,44.49,6.24,39.2,332.2,normal,303.91,17.5,15.39,1,hydraulic,3310.0
2087-04-05,M20,Robotic Arm,1.76,47.58,5.79,46.7,325.2,normal,304.15,17.8,15.15,1,hydraulic,3380.0
2087-04-06,M20,Robotic Arm,1.77,50.49,6.1,32.2,330.0,normal,304.28,8.9,15.02,1,hydraulic,2681.0
2087-04-07,M20,Robotic Arm,1.43,54.01,5.57,40.9,327.8,normal,304.7,11.1,14.6,1,hydraulic,2622.0
2087-04-08,M20,Robotic Arm,1.74,52.85,5.57,34.6,321.9,normal,304.9,17.5,14.4,1,hydraulic,2419.0
2087-04-09,M20,Robotic Arm,1.69,52.72,5.88,31.9,320.8,normal,304.98,17.1,14.32,1,hydraulic,3030.0
2087-04-10,M20,Robotic Arm,1.64,43.63,6.17,35.7,338.6,normal,305.21,12.2,14.09,1,hydraulic,2464.0
2087-04-11,M20,Robotic Arm,0.56,43.63,2.6,14.0,145.7,idle,305.6,14.2,13.7,1,hydraulic,2695.0
2087-04-12,M20,Robotic Arm,1.28,43.41,6.4,39.8,338.6,normal,305.85,13.2,13.45,1,hydraulic,3310.0
2087-04-13,M20,Robotic Arm,1.84,48.31,6.33,46.7,324.8,normal,306.03,9.3,13.27,1,hydraulic,3665.0
2087-04-14,M20,Robotic Arm,0.52,35.59,2.44,14.1,140.8,idle,306.51,15.6,12.79,1,hydraulic,3456.0
2087-04-15,M20,Robotic Arm,1.62,50.41,5.77,55.2,318.7,normal,306.86,12.8,12.44,1,hydraulic,3499.0
2087-04-16,M20,Robotic Arm,2.06,52.91,8.61,48.3,472.7,peak,307.21,13.4,12.09,1,hydraulic,1833.0
2087-04-17,M20,Robotic Arm,2.15,61.93,8.83,63.2,464.2,peak,307.41,17.9,11.89,1,hydraulic,1934.0
2087-04-18,M20,Robotic Arm,1.58,55.21,5.69,43.6,316.3,normal,307.48,17.1,11.82,1,hydraulic,1557.0
2087-04-19,M20,Robotic Arm,1.92,50.79,5.67,52.3,338.9,normal,307.75,17.6,11.55,1,hydraulic,3243.0
2087-04-20,M20,Robotic Arm,0.5,37.53,2.58,16.2,136.9,idle,307.81,16.3,11.49,1,hydraulic,2744.0
2087-04-21,M20,Robotic Arm,0.59,38.02,2.37,22.5,140.7,idle,307.86,16.4,11.44,1,hydraulic,2166.0
2087-04-22,M20,Robotic Arm,1.54,51.47,6.16,48.4,322.8,normal,308.33,11.9,10.97,1,hydraulic,1891.0
2087-04-23,M20,Robotic Arm,0.57,41.93,2.76,17.2,136.9,idle,308.7,15.4,10.6,1,hydraulic,3369.0
2087-04-24,M20,Robotic Arm,1.24,54.01,5.75,48.6,335.7,normal,309.03,16.7,10.27,1,hydraulic,1836.0
2087-04-25,M20,Robotic Arm,1.78,48.54,6.2,38.5,338.9,normal,309.16,10.3,10.14,1,hydraulic,1868.0
2087-04-26,M20,Robotic Arm,0.63,42.58,2.65,13.6,141.9,idle,309.61,14.0,9.69,1,hydraulic,1949.0
2087-04-27,M20,Robotic Arm,1.51,48.19,5.64,44.8,336.3,normal,309.95,17.6,9.35,1,hydraulic,3932.0
2087-04-28,M20,Robotic Arm,1.45,55.82,5.74,43.6,329.6,normal,310.21,11.8,9.09,1,hydraulic,3505.0
2087-04-29,M20,Robotic Arm,0.56,42.86,2.63,22.4,136.4,idle,310.3,8.6,9.0,1,hydraulic,2211.0
2087-04-30,M20,Robotic Arm,0.49,37.66,2.81,22.4,144.7,idle,310.55,11.6,8.75,1,hydraulic,1722.0
2087-05-01,M20,Robotic Arm,1.74,45.24,5.73,55.4,337.9,normal,310.81,9.6,8.49,1,hydraulic,1954.0
2087-05-02,M20,Robotic Arm,1.3,49.85,6.29,44.1,322.9,normal,311.26,8.7,8.04,1,hydraulic,2075.0
2087-05-03,M20,Robotic Arm,0.57,37.11,2.67,19.8,141.7,idle,311.33,9.2,7.97,1,hydraulic,3319.0
2087-05-04,M20,Robotic Arm,0.57,36.49,2.73,20.4,140.5,idle,311.83,8.2,7.47,1,hydraulic,2129.0
2087-05-05,M20,Robotic Arm,1.92,50.77,5.86,41.8,324.4,normal,312.1,16.0,7.2,1,hydraulic,2535.0
2087-05-06,M20,Robotic Arm,1.74,48.14,6.37,37.1,325.8,normal,312.43,13.5,6.87,1,hydraulic,3266.0
2087-05-07,M20,Robotic Arm,1.82,44.7,6.42,47.7,319.8,normal,312.71,15.3,6.59,1,hydraulic,3548.0
2087-05-08,M20,Robotic Arm,1.29,49.85,5.95,41.2,315.2,normal,313.2,11.2,6.1,1,hydraulic,1962.0
2087-05-09,M20,Robotic Arm,1.34,44.58,5.84,43.4,312.5,normal,313.3,9.1,6.0,1,hydraulic,3598.0
2087-05-10,M20,Robotic Arm,1.99,49.07,6.45,29.7,331.2,normal,313.76,10.5,5.54,1,hydraulic,2607.0
2087-05-11,M20,Robotic Arm,1.78,45.99,6.06,47.1,320.9,normal,313.93,16.5,5.37,1,hydraulic,3368.0
2087-05-12,M20,Robotic Arm,0.55,41.26,2.72,17.9,132.7,idle,314.21,15.0,5.09,1,hydraulic,3989.0
2087-05-13,M20,Robotic Arm,0.61,37.92,2.78,22.3,144.2,idle,314.63,15.6,4.67,1,hydraulic,3517.0
2087-05-14,M20,Robotic Arm,0.52,40.48,2.62,14.5,145.0,idle,314.95,17.7,4.35,1,hydraulic,2964.0
2087-05-15,M20,Robotic Arm,0.51,41.72,2.42,21.3,143.3,idle,315.3,10.1,4.0,1,hydraulic,3805.0
2087-05-16,M20,Robotic Arm,0.6,43.13,2.69,21.4,142.5,idle,315.36,16.9,3.94,1,hydraulic,2376.0
2087-05-17,M20,Robotic Arm,0.61,42.44,2.65,16.4,138.0,idle,315.61,17.1,3.69,1,hydraulic,1981.0
2087-05-18,M20,Robotic Arm,0.53,42.52,2.73,11.6,135.0,idle,315.81,17.1,3.49,1,hydraulic,3100.0
2087-05-19,M20,Robotic Arm,1.44,51.99,6.17,29.0,320.4,normal,315.88,13.9,3.42,1,hydraulic,2053.0
2087-05-20,M20,Robotic Arm,0.51,38.45,2.44,15.1,132.3,idle,316.18,12.8,3.12,1,hydraulic,2939.0
2087-05-21,M20,Robotic Arm,0.66,41.76,2.75,18.5,144.3,idle,316.31,16.0,2.99,1,hydraulic,3510.0
2087-05-22,M20,Robotic Arm,0.63,39.62,2.46,14.0,138.8,idle,316.56,14.3,2.74,1,hydraulic,2142.0
2087-05-23,M20,Robotic Arm,0.59,44.06,2.72,21.8,140.9,idle,316.81,16.1,2.49,1,hydraulic,2163.0
2087-05-24,M20,Robotic Arm,0.59,44.06,2.79,21.8,140.9,idle,317.06,15.7,2.24,1,hydraulic,1613.0
2087-05-25,M20,Robotic Arm,0.56,38.71,2.71,21.8,137.4,idle,317.13,9.3,2.17,1,hydraulic,2060.0
2087-05-26,M20,Robotic Arm,0.64,43.57,2.67,14.1,131.9,idle,317.41,14.7,1.89,1,hydraulic,1653.0
2087-05-27,M20,Robotic Arm,0.62,42.64,2.51,21.1,134.1,idle,317.68,15.4,1.62,1,hydraulic,2080.0
2087-05-28,M20,Robotic Arm,0.62,38.78,2.81,14.0,139.0,idle,318.11,12.0,1.19,1,hydraulic,3664.0
2087-05-29,M20,Robotic Arm,1.43,55.92,6.56,14.0,312.1,normal,318.51,11.1,0.79,1,hydraulic,2791.0
2087-05-30,M20,Robotic Arm,0.6,44.59,2.76,16.7,142.5,idle,318.75,17.7,0.55,1,hydraulic,1595.0
2087-05-31,M20,Robotic Arm,0.63,39.22,2.8,12.8,136.7,idle,318.98,17.1,0.5,1,hydraulic,2128.0
2087-06-01,M20,Robotic Arm,1.13,47.53,5.21,45.5,362.9,normal,0.0,10.0,84.88,0,none,0.0
2087-06-02,M20,Robotic Arm,0.9,47.56,5.6,45.1,352.8,normal,0.42,12.1,84.46,0,none,0.0
2087-06-03,M20,Robotic Arm,1.02,42.41,5.91,44.4,359.6,normal,0.77,8.8,84.11,0,none,0.0
2087-06-04,M20,Robotic Arm,0.38,29.64,2.45,14.9,151.7,idle,0.93,8.1,83.95,0,none,0.0
2087-06-05,M20,Robotic Arm,0.99,44.17,5.63,39.0,356.8,normal,1.25,16.8,83.63,0,none,0.0
2087-06-06,M20,Robotic Arm,1.18,38.78,5.46,39.0,343.4,normal,1.62,13.9,83.26,0,none,0.0
2087-06-07,M20,Robotic Arm,1.38,37.78,5.39,41.9,368.4,normal,2.03,8.0,82.85,0,none,0.0
2087-06-08,M20,Robotic Arm,1.34,44.71,5.84,43.2,367.1,normal,2.17,16.4,82.71,0,none,0.0
2087-06-09,M20,Robotic Arm,0.36,31.79,2.53,17.4,157.2,idle,2.55,12.3,82.33,0,none,0.0
2087-06-10,M20,Robotic Arm,0.94,35.5,5.65,45.0,356.7,normal,2.7,8.2,82.18,0,none,0.0
2087-06-11,M20,Robotic Arm,0.39,33.06,2.57,17.4,147.6,idle,3.12,10.9,81.76,0,none,0.0
2087-06-12,M20,Robotic Arm,1.66,51.76,7.7,59.4,506.7,peak,3.22,15.2,81.66,0,none,0.0
2087-06-13,M20,Robotic Arm,1.52,44.66,8.22,58.1,483.7,peak,3.25,12.8,81.63,0,none,0.0
2087-06-14,M20,Robotic Arm,0.42,29.46,2.24,17.8,158.7,idle,3.42,17.4,81.46,0,none,0.0
2087-06-15,M20,Robotic Arm,1.11,37.91,5.67,44.4,368.1,normal,3.53,8.6,81.35,0,none,0.0
2087-06-16,M20,Robotic Arm,0.45,30.4,2.49,19.2,154.6,idle,4.03,10.0,80.85,0,none,0.0
2087-06-17,M20,Robotic Arm,0.44,31.65,2.44,14.6,150.7,idle,4.3,14.0,80.58,0,none,0.0
2087-06-18,M20,Robotic Arm,0.35,31.65,2.36,19.4,146.6,idle,4.47,13.3,80.41,0,none,0.0
2087-06-19,M20,Robotic Arm,0.35,30.63,2.59,19.8,155.2,idle,4.95,16.0,79.93,0,none,0.0
2087-06-20,M20,Robotic Arm,0.38,31.36,2.59,18.8,155.0,idle,5.08,12.7,79.8,0,none,0.0
2087-06-21,M20,Robotic Arm,1.36,31.36,5.44,43.6,348.0,normal,5.53,15.5,79.35,0,none,0.0
2087-06-22,M20,Robotic Arm,1.16,47.5,5.6,43.1,348.5,normal,5.77,15.4,79.11,0,none,0.0
2087-06-23,M20,Robotic Arm,0.97,36.43,5.73,43.7,355.4,normal,6.02,11.1,78.86,0,none,0.0
2087-06-24,M20,Robotic Arm,1.37,43.34,5.49,40.6,354.3,normal,6.23,13.0,78.65,0,none,0.0
2087-06-25,M20,Robotic Arm,0.38,30.37,2.48,15.7,145.2,idle,6.43,10.9,78.45,0,none,0.0
2087-06-26,M20,Robotic Arm,1.04,47.12,5.73,43.2,353.2,normal,6.47,13.0,78.41,0,none,0.0
2087-06-27,M20,Robotic Arm,0.43,28.87,2.32,17.4,155.0,idle,6.63,11.2,78.25,0,none,0.0
2087-06-28,M20,Robotic Arm,0.38,33.64,2.33,14.2,152.6,idle,7.12,16.4,77.76,0,none,0.0
2087-06-29,M20,Robotic Arm,1.8,46.43,7.83,59.9,486.9,peak,7.33,8.2,47.82,0,none,0.0
2087-06-30,M20,Robotic Arm,1.18,40.76,5.54,45.0,345.2,normal,7.53,12.1,47.62,0,none,0.0
2087-07-01,M20,Robotic Arm,1.4,42.53,5.37,45.0,362.0,normal,7.72,14.3,47.44,0,none,0.0
2087-07-02,M20,Robotic Arm,0.37,33.94,2.51,45.0,145.9,idle,8.2,9.8,46.95,0,none,0.0
2087-07-03,M20,Robotic Arm,1.16,44.96,5.4,45.8,354.2,normal,8.38,9.2,46.77,0,none,0.0
2087-07-04,M20,Robotic Arm,1.07,40.79,5.56,45.8,367.1,normal,8.62,16.5,46.54,0,none,0.0
2087-07-05,M20,Robotic Arm,0.42,30.9,2.28,14.5,152.6,idle,9.02,16.6,46.14,0,none,0.0
2087-07-06,M20,Robotic Arm,1.36,42.01,5.42,42.5,361.2,normal,9.45,11.7,45.7,0,none,0.0
2087-07-07,M20,Robotic Arm,1.3,42.14,5.71,44.3,352.4,normal,9.87,13.9,45.29,0,none,0.0
2087-07-08,M20,Robotic Arm,0.38,35.45,2.44,16.1,147.9,idle,9.93,16.4,45.22,0,none,0.0
2087-07-09,M20,Robotic Arm,0.45,32.15,2.54,15.8,147.4,idle,9.98,9.8,45.17,0,none,0.0
2087-07-10,M20,Robotic Arm,0.4,36.74,2.59,15.7,149.1,idle,10.08,14.8,45.07,0,none,0.0
2087-07-11,M20,Robotic Arm,1.2,42.84,6.05,43.5,362.3,normal,10.28,12.2,44.87,0,none,0.0
2087-07-12,M20,Robotic Arm,0.39,35.44,2.44,14.6,149.0,idle,10.78,9.6,44.37,0,none,0.0
2087-07-13,M20,Robotic Arm,0.39,33.07,2.44,14.6,149.0,idle,11.02,10.3,44.14,0,none,0.0
2087-07-14,M20,Robotic Arm,0.99,44.54,5.8,38.4,340.9,normal,11.18,15.3,43.97,0,none,0.0
2087-07-15,M20,Robotic Arm,1.24,42.6,5.66,38.4,347.1,normal,11.27,15.9,43.89,0,none,0.0
2087-07-16,M20,Robotic Arm,0.37,33.26,2.33,19.0,145.9,idle,11.65,11.0,43.5,0,none,0.0
2087-07-17,M20,Robotic Arm,0.37,37.5,2.55,19.7,152.0,idle,12.03,13.4,43.12,0,none,0.0
2087-07-18,M20,Robotic Arm,1.26,43.55,2.55,43.8,339.1,normal,12.43,11.6,42.72,0,none,0.0
2087-07-19,M20,Robotic Arm,0.38,36.65,2.42,17.3,145.3,idle,12.85,13.6,42.3,0,none,0.0
2087-07-20,M20,Robotic Arm,0.4,38.25,2.6,16.9,149.6,idle,12.93,14.1,42.22,0,none,0.0
2087-07-21,M20,Robotic Arm,1.1,47.97,5.62,41.4,353.4,normal,13.32,16.2,41.84,0,none,0.0
2087-07-22,M20,Robotic Arm,0.44,38.75,2.44,19.1,154.3,idle,13.4,16.5,41.75,0,none,0.0
2087-07-23,M20,Robotic Arm,0.36,37.37,2.64,14.0,149.4,idle,13.55,11.8,41.6,0,none,0.0
2087-07-24,M20,Robotic Arm,0.47,39.54,2.64,19.0,146.5,idle,13.82,12.8,41.34,0,none,0.0
2087-07-25,M20,Robotic Arm,0.42,39.88,2.66,14.3,142.8,idle,13.88,9.7,41.27,0,none,0.0
2087-07-26,M20,Robotic Arm,0.43,35.74,2.42,15.9,155.9,idle,14.18,12.9,40.97,0,none,0.0
2087-07-27,M20,Robotic Arm,0.4,35.74,2.53,15.0,147.3,idle,14.57,11.1,40.59,0,none,0.0
2087-07-28,M20,Robotic Arm,0.43,35.42,2.61,15.5,153.0,idle,14.85,13.4,40.3,0,none,0.0
2087-07-29,M20,Robotic Arm,0.46,36.97,2.76,18.0,151.8,idle,15.18,8.6,39.97,0,none,0.0
2087-07-30,M20,Robotic Arm,0.42,35.81,2.76,19.8,153.4,idle,15.68,10.5,39.47,0,none,0.0
2087-07-31,M20,Robotic Arm,0.42,35.65,2.41,17.0,145.4,idle,16.0,17.2,39.15,0,none,0.0
2087-08-01,M20,Robotic Arm,0.46,38.33,2.76,18.4,147.5,idle,16.1,13.2,39.05,0,none,0.0
2087-08-02,M20,Robotic Arm,0.44,41.63,2.62,15.9,146.2,idle,16.55,11.2,38.6,0,none,0.0
2087-08-03,M20,Robotic Arm,0.44,41.63,2.59,18.2,143.2,idle,16.95,12.8,38.2,0,none,0.0
2087-08-04,M20,Robotic Arm,0.44,40.42,2.57,17.8,143.8,idle,17.13,8.3,38.02,0,none,0.0
2087-08-05,M20,Robotic Arm,1.17,53.1,5.81,38.9,349.5,normal,17.27,14.0,37.89,0,none,0.0
2087-08-06,M20,Robotic Arm,0.41,39.1,2.78,15.0,151.4,idle,17.68,15.1,37.47,0,none,0.0
2087-08-07,M20,Robotic Arm,0.43,36.08,2.47,17.0,143.4,idle,17.78,14.6,37.37,0,none,0.0
2087-08-08,M20,Robotic Arm,1.12,52.1,6.42,42.4,343.0,normal,18.25,17.5,36.9,0,none,0.0
2087-08-09,M20,Robotic Arm,1.25,45.4,6.21,46.1,354.0,normal,18.38,15.2,36.77,0,none,0.0
2087-08-10,M20,Robotic Arm,1.03,54.46,6.46,45.6,351.6,normal,18.57,16.6,36.59,0,none,0.0
2087-08-11,M20,Robotic Arm,1.17,56.13,6.33,40.6,328.5,normal,18.82,9.8,36.34,0,none,0.0
2087-08-12,M20,Robotic Arm,1.02,53.48,6.48,38.9,346.1,normal,19.2,13.6,35.95,0,none,0.0
2087-08-13,M20,Robotic Arm,1.13,51.57,6.48,42.3,332.4,normal,19.4,15.8,35.75,0,none,0.0
2087-08-14,M20,Robotic Arm,0.98,57.23,6.42,42.3,331.5,normal,19.83,16.7,35.32,0,none,0.0
2087-08-15,M20,Robotic Arm,1.33,50.0,6.32,43.6,330.7,normal,20.18,9.5,34.97,0,none,0.0
2087-08-16,M20,Robotic Arm,1.18,50.0,6.17,42.8,354.3,normal,20.5,11.0,34.65,0,none,0.0
2087-08-17,M20,Robotic Arm,0.49,40.25,2.77,15.4,153.2,idle,20.57,15.2,34.59,0,none,0.0
2087-08-18,M20,Robotic Arm,1.17,52.64,6.13,39.6,329.8,normal,20.93,8.9,34.22,0,none,0.0
2087-08-19,M20,Robotic Arm,1.49,52.26,6.67,42.0,338.9,normal,20.98,11.8,34.17,0,none,0.0
2087-08-20,M20,Robotic Arm,0.4,38.86,2.8,42.0,150.0,idle,21.05,11.4,34.1,0,none,0.0
2087-08-21,M20,Robotic Arm,0.43,44.96,2.8,18.9,149.8,idle,21.53,15.2,33.62,0,none,0.0
2087-08-22,M20,Robotic Arm,1.86,64.0,9.37,57.1,484.6,peak,21.8,14.9,33.35,0,none,0.0
2087-08-23,M20,Robotic Arm,0.47,44.18,2.49,17.7,142.3,idle,22.18,14.5,32.97,0,none,0.0
2087-08-24,M20,Robotic Arm,0.47,44.19,2.52,16.0,151.0,idle,22.25,11.1,32.9,0,none,0.0
2087-08-25,M20,Robotic Arm,1.23,52.76,6.04,39.8,325.6,normal,22.47,13.2,32.69,0,none,0.0
2087-08-26,M20,Robotic Arm,0.98,48.65,5.89,48.0,335.8,normal,22.75,15.3,32.4,0,none,0.0
2087-08-27,M20,Robotic Arm,1.78,61.22,9.47,61.6,464.3,peak,23.05,8.2,32.1,0,none,0.0
2087-08-28,M20,Robotic Arm,1.39,48.76,6.69,45.3,349.3,normal,23.53,15.1,31.62,0,none,0.0
2087-08-29,M20,Robotic Arm,1.94,59.44,6.69,45.3,472.1,peak,23.7,14.9,31.45,0,none,0.0
2087-08-30,M20,Robotic Arm,1.36,49.31,6.41,38.5,334.0,normal,23.8,11.4,31.35,0,none,0.0
2087-08-31,M20,Robotic Arm,1.33,55.66,6.29,38.9,340.0,normal,24.3,15.4,30.85,0,none,0.0
2087-09-01,M20,Robotic Arm,1.7,57.77,9.51,59.4,491.6,peak,24.6,16.3,30.55,0,none,0.0
2087-09-02,M20,Robotic Arm,0.48,43.87,2.57,16.6,138.8,idle,25.02,10.8,30.14,0,none,0.0
2087-09-03,M20,Robotic Arm,0.47,41.83,2.97,16.3,137.3,idle,25.1,12.9,30.05,0,none,0.0
2087-09-04,M20,Robotic Arm,0.48,43.89,2.85,19.2,137.5,idle,25.57,9.1,29.59,0,none,0.0
2087-09-05,M20,Robotic Arm,0.96,50.34,6.22,43.2,347.5,normal,25.67,8.8,29.49,0,none,0.0
2087-09-06,M20,Robotic Arm,1.28,59.79,6.19,46.9,340.3,normal,25.83,12.1,29.32,0,none,0.0
2087-09-07,M20,Robotic Arm,1.53,60.09,6.8,38.7,339.0,normal,25.98,13.0,29.17,0,none,0.0
2087-09-08,M20,Robotic Arm,1.14,52.18,6.44,46.7,322.4,normal,26.1,11.7,29.05,0,none,0.0
2087-09-09,M20,Robotic Arm,1.52,60.2,6.29,41.4,321.0,normal,26.42,17.9,28.74,0,none,0.0
2087-09-10,M20,Robotic Arm,0.47,43.49,2.7,16.4,141.8,idle,26.75,15.4,28.4,0,none,0.0
2087-09-11,M20,Robotic Arm,1.45,56.04,6.11,44.0,327.3,normal,27.18,14.0,27.97,0,none,0.0
2087-09-12,M20,Robotic Arm,0.43,44.2,2.62,15.5,148.2,idle,27.38,17.3,27.77,0,none,0.0
2087-09-13,M20,Robotic Arm,1.5,62.39,6.13,47.0,328.1,normal,27.87,16.7,27.29,0,none,0.0
2087-09-14,M20,Robotic Arm,1.37,58.48,6.28,39.7,323.5,normal,28.3,16.2,26.85,0,none,0.0
2087-09-15,M20,Robotic Arm,1.13,55.38,6.55,41.6,333.8,normal,28.52,13.2,26.64,0,none,0.0
2087-09-16,M20,Robotic Arm,1.07,62.83,6.92,38.5,330.0,normal,28.7,17.6,26.45,0,none,0.0
2087-09-17,M20,Robotic Arm,0.49,46.55,2.81,20.0,145.6,idle,29.2,9.5,25.95,0,none,0.0
2087-09-18,M20,Robotic Arm,1.14,58.69,6.93,20.0,318.3,normal,29.57,17.3,25.59,0,none,0.0
2087-09-19,M20,Robotic Arm,1.18,63.04,6.63,44.0,317.0,normal,29.88,8.9,25.27,0,none,0.0
2087-09-20,M20,Robotic Arm,0.42,50.1,6.63,14.7,146.1,idle,29.93,14.0,25.22,0,none,0.0
2087-09-21,M20,Robotic Arm,1.3,55.04,6.34,39.7,327.2,normal,30.18,14.9,24.97,0,none,0.0
2087-09-22,M20,Robotic Arm,0.5,47.61,2.94,14.9,135.3,idle,30.52,15.3,24.64,0,none,0.0
2087-09-23,M20,Robotic Arm,0.45,46.55,2.73,15.6,135.0,idle,31.02,12.3,24.14,0,none,0.0
2087-09-24,M20,Robotic Arm,1.48,59.55,6.64,41.3,314.5,normal,31.15,11.2,24.0,0,none,0.0
2087-09-25,M20,Robotic Arm,1.53,62.46,6.94,39.7,314.5,normal,31.23,15.7,23.92,1,motor_overheat,4667.0
2087-09-26,M20,Robotic Arm,1.03,59.73,6.87,48.0,328.6,normal,31.52,14.3,23.64,1,motor_overheat,7684.0
2087-09-27,M20,Robotic Arm,1.19,61.88,6.9,38.2,317.1,normal,31.9,16.0,23.25,1,motor_overheat,3073.0
2087-09-28,M20,Robotic Arm,1.42,54.37,7.06,47.1,318.9,normal,32.25,14.1,22.9,1,motor_overheat,7199.0
2087-09-29,M20,Robotic Arm,1.31,57.71,6.82,44.2,313.2,normal,32.68,8.5,22.47,1,motor_overheat,7064.0
2087-09-30,M20,Robotic Arm,0.51,49.39,2.77,14.2,147.0,idle,32.95,11.3,22.2,1,motor_overheat,3763.0
2087-10-01,M20,Robotic Arm,1.48,59.9,7.17,42.6,331.3,normal,33.17,16.9,21.99,1,motor_overheat,6159.0
2087-10-02,M20,Robotic Arm,2.08,70.22,9.42,64.3,441.6,peak,33.27,9.9,21.89,1,motor_overheat,5326.0
2087-10-03,M20,Robotic Arm,1.58,66.76,6.43,38.6,335.0,normal,33.55,16.9,21.6,1,motor_overheat,3515.0
2087-10-04,M20,Robotic Arm,0.41,53.18,2.86,14.1,141.7,idle,33.97,11.4,21.19,1,motor_overheat,7179.0
2087-10-05,M20,Robotic Arm,0.44,48.94,2.97,14.2,138.0,idle,34.42,16.3,20.74,1,motor_overheat,3056.0
2087-10-06,M20,Robotic Arm,0.48,53.2,2.96,14.4,143.0,idle,34.75,14.0,20.4,1,motor_overheat,7511.0
2087-10-07,M20,Robotic Arm,0.46,53.2,2.85,18.0,135.0,idle,35.22,11.1,19.94,1,motor_overheat,3500.0
2087-10-08,M20,Robotic Arm,1.1,52.97,3.04,18.0,139.1,idle,35.43,16.5,19.72,1,motor_overheat,4049.0
2087-10-09,M20,Robotic Arm,0.51,51.16,3.16,19.2,139.1,idle,35.67,16.4,19.49,1,motor_overheat,4097.0
2087-10-10,M20,Robotic Arm,0.41,55.55,2.8,17.2,141.1,idle,36.08,15.3,19.07,1,motor_overheat,3448.0
2087-10-11,M20,Robotic Arm,0.43,55.55,3.04,18.0,133.9,idle,36.23,16.5,18.92,1,motor_overheat,3206.0
2087-10-12,M20,Robotic Arm,0.45,51.54,2.81,17.4,132.7,idle,36.53,8.3,18.62,1,motor_overheat,4858.0
2087-10-13,M20,Robotic Arm,0.45,54.78,2.85,15.2,133.6,idle,36.57,9.6,18.59,1,motor_overheat,6361.0
2087-10-14,M20,Robotic Arm,1.41,62.55,6.71,40.0,335.4,normal,36.85,12.2,18.3,1,motor_overheat,6440.0
2087-10-15,M20,Robotic Arm,0.43,55.09,3.21,16.7,137.9,idle,37.17,17.2,17.99,1,motor_overheat,6651.0
2087-10-16,M20,Robotic Arm,0.52,50.29,2.86,18.3,138.2,idle,37.58,17.4,17.57,1,motor_overheat,3735.0
2087-10-17,M20,Robotic Arm,0.54,51.7,3.2,20.0,131.2,idle,37.63,17.8,17.52,1,motor_overheat,3543.0
2087-10-18,M20,Robotic Arm,0.45,57.12,3.21,14.6,134.7,idle,37.67,9.6,17.49,1,motor_overheat,7614.0
2087-10-19,M20,Robotic Arm,0.49,52.23,2.97,15.5,135.1,idle,38.02,13.0,17.14,1,motor_overheat,4441.0
2087-10-20,M20,Robotic Arm,0.45,52.23,3.16,17.3,134.3,idle,38.2,13.3,16.95,1,motor_overheat,5877.0
2087-10-21,M20,Robotic Arm,0.5,56.53,3.1,18.8,137.0,idle,38.28,14.3,16.87,1,motor_overheat,3294.0
2087-10-22,M20,Robotic Arm,0.5,55.1,3.13,14.7,139.4,idle,38.42,17.9,16.74,1,motor_overheat,7697.0
2087-10-23,M20,Robotic Arm,0.42,51.99,3.13,18.1,137.5,idle,38.48,16.8,16.67,1,motor_overheat,3409.0
2087-10-24,M20,Robotic Arm,0.5,56.62,3.19,19.3,142.8,idle,38.53,14.3,16.62,1,motor_overheat,5807.0
2087-10-25,M20,Robotic Arm,0.49,56.62,2.78,19.6,133.2,idle,39.0,14.3,16.15,1,motor_overheat,5740.0
2087-10-26,M20,Robotic Arm,0.52,53.35,2.96,15.2,140.8,idle,39.5,14.5,15.65,1,motor_overheat,5523.0
2087-10-27,M20,Robotic Arm,0.47,58.66,3.21,17.4,140.7,idle,39.97,10.8,15.19,1,motor_overheat,6995.0
2087-10-28,M20,Robotic Arm,0.52,58.48,3.21,18.8,132.5,idle,40.15,8.6,15.0,1,motor_overheat,4704.0
2087-10-29,M20,Robotic Arm,1.63,61.67,6.82,42.9,327.7,normal,40.38,17.6,14.77,1,motor_overheat,4709.0
2087-10-30,M20,Robotic Arm,0.44,52.89,3.21,19.0,135.9,idle,40.72,17.0,14.44,1,motor_overheat,4507.0
2087-10-31,M20,Robotic Arm,0.5,53.6,3.13,14.1,133.7,idle,41.02,10.1,14.14,1,motor_overheat,7770.0
2087-11-01,M20,Robotic Arm,0.42,54.86,2.84,19.6,141.3,idle,41.38,17.3,13.77,1,motor_overheat,5062.0
2087-11-02,M20,Robotic Arm,0.45,59.66,3.3,15.3,138.3,idle,41.77,8.6,13.39,1,motor_overheat,5980.0
2087-11-03,M20,Robotic Arm,0.45,58.08,2.88,19.2,140.3,idle,41.87,10.7,13.29,1,motor_overheat,3830.0
2087-11-04,M20,Robotic Arm,1.15,66.3,6.98,39.2,303.1,normal,42.23,17.4,12.92,1,motor_overheat,6534.0
2087-11-05,M20,Robotic Arm,1.25,73.12,7.66,42.3,309.9,normal,42.7,15.1,12.45,1,motor_overheat,3211.0
2087-11-06,M20,Robotic Arm,1.25,70.26,7.02,46.3,311.6,normal,42.92,15.5,12.24,1,motor_overheat,6310.0
2087-11-07,M20,Robotic Arm,1.09,62.9,7.57,45.7,312.2,normal,43.25,9.0,11.9,1,motor_overheat,7188.0
2087-11-08,M20,Robotic Arm,1.72,64.24,7.57,43.3,316.3,normal,43.35,16.7,11.8,1,motor_overheat,4445.0
2087-11-09,M20,Robotic Arm,1.33,69.08,7.71,42.6,327.7,normal,43.62,12.1,11.54,1,motor_overheat,5019.0
2087-11-10,M20,Robotic Arm,1.69,71.01,7.53,45.2,323.8,normal,43.97,8.6,11.19,1,motor_overheat,4211.0
2087-11-11,M20,Robotic Arm,0.53,60.25,3.32,16.6,134.7,idle,44.47,10.8,10.69,1,motor_overheat,3594.0
2087-11-12,M20,Robotic Arm,1.65,60.25,3.32,44.7,304.2,normal,44.53,9.2,10.62,1,motor_overheat,5883.0
2087-11-13,M20,Robotic Arm,1.34,72.02,7.6,44.9,304.0,normal,44.93,17.4,10.22,1,motor_overheat,4983.0
2087-11-14,M20,Robotic Arm,0.53,56.53,3.41,14.9,135.7,idle,45.02,15.9,10.14,1,motor_overheat,4284.0
2087-11-15,M20,Robotic Arm,1.59,63.04,7.63,40.2,304.1,normal,45.47,11.4,9.69,1,motor_overheat,3837.0
2087-11-16,M20,Robotic Arm,0.45,57.59,3.23,20.0,134.9,idle,45.9,16.6,9.25,1,motor_overheat,4302.0
2087-11-17,M20,Robotic Arm,1.47,68.65,6.94,45.3,300.4,normal,46.37,14.0,8.79,1,motor_overheat,4945.0
2087-11-18,M20,Robotic Arm,1.56,74.63,7.15,45.8,322.1,normal,46.62,13.9,8.54,1,motor_overheat,3323.0
2087-11-19,M20,Robotic Arm,1.45,69.53,7.51,46.0,314.0,normal,46.9,14.2,8.25,1,motor_overheat,6038.0
2087-11-20,M20,Robotic Arm,1.45,69.41,6.96,39.5,311.0,normal,47.12,8.9,8.04,1,motor_overheat,4970.0
2087-11-21,M20,Robotic Arm,0.51,58.66,3.3,17.1,135.5,idle,47.48,13.4,7.67,1,motor_overheat,7433.0
2087-11-22,M20,Robotic Arm,2.08,77.19,10.45,56.7,422.1,peak,47.78,12.3,7.37,1,motor_overheat,5727.0
2087-11-23,M20,Robotic Arm,1.66,71.94,8.04,46.4,299.5,normal,48.13,9.4,7.02,1,motor_overheat,3078.0
2087-11-24,M20,Robotic Arm,0.55,63.59,3.5,19.3,130.9,idle,48.52,16.7,6.64,1,motor_overheat,6103.0
2087-11-25,M20,Robotic Arm,1.51,73.77,8.02,39.7,307.1,normal,48.95,11.1,6.2,1,motor_overheat,6813.0
2087-11-26,M20,Robotic Arm,1.48,65.86,7.19,44.5,307.4,normal,49.37,14.1,5.79,1,motor_overheat,5077.0
2087-11-27,M20,Robotic Arm,1.25,68.31,7.85,43.0,302.5,normal,49.47,12.1,5.69,1,motor_overheat,7163.0
2087-11-28,M20,Robotic Arm,1.32,76.08,7.46,41.9,308.0,normal,49.9,12.3,5.25,1,motor_overheat,4624.0
2087-11-29,M20,Robotic Arm,1.12,75.6,7.15,46.9,308.6,normal,49.98,15.8,5.17,1,motor_overheat,3665.0
2087-11-30,M20,Robotic Arm,1.74,71.59,8.14,44.1,297.5,normal,50.17,15.4,4.99,1,motor_overheat,7432.0
2087-12-01,M20,Robotic Arm,1.47,71.59,8.14,44.7,297.5,normal,50.23,16.4,4.92,1,motor_overheat,3464.0
2087-12-02,M20,Robotic Arm,1.19,76.43,7.37,46.5,310.0,normal,50.38,15.1,4.77,1,motor_overheat,3840.0
2087-12-03,M20,Robotic Arm,1.46,71.8,8.13,44.2,295.9,normal,50.58,10.5,4.57,1,motor_overheat,4271.0
2087-12-04,M20,Robotic Arm,1.36,68.43,7.9,40.5,294.0,normal,50.8,9.4,4.35,1,motor_overheat,4117.0
2087-12-05,M20,Robotic Arm,1.78,73.17,7.14,42.5,300.4,normal,51.08,14.2,4.07,1,motor_overheat,3077.0
2087-12-06,M20,Robotic Arm,1.6,67.34,7.14,41.5,303.3,normal,51.37,8.8,3.79,1,motor_overheat,3864.0
2087-12-07,M20,Robotic Arm,0.51,62.84,3.23,16.9,136.9,idle,51.55,11.8,3.6,1,motor_overheat,7982.0
2087-12-08,M20,Robotic Arm,0.51,63.72,3.05,14.9,134.4,idle,52.02,12.9,3.14,1,motor_overheat,4549.0
2087-12-09,M20,Robotic Arm,1.77,72.78,8.21,41.3,316.8,normal,52.12,16.9,3.04,1,motor_overheat,5647.0
2087-12-10,M20,Robotic Arm,1.53,68.25,7.24,41.3,300.0,normal,52.25,15.6,2.9,1,motor_overheat,7687.0
2087-12-11,M20,Robotic Arm,1.1,69.21,7.75,40.3,311.0,normal,52.67,14.3,2.49,1,motor_overheat,6554.0
2087-12-12,M20,Robotic Arm,1.72,73.22,7.97,45.2,303.3,normal,53.12,10.7,2.04,1,motor_overheat,3097.0
2087-12-13,M20,Robotic Arm,0.49,67.18,7.97,14.5,125.5,idle,53.62,15.7,1.54,1,motor_overheat,3224.0
2087-12-14,M20,Robotic Arm,1.32,73.06,7.58,39.0,301.0,normal,54.03,13.8,1.12,1,motor_overheat,4844.0
2087-12-15,M20,Robotic Arm,1.45,80.96,8.28,41.3,314.3,normal,54.45,15.3,0.7,1,motor_overheat,3343.0
2087-12-16,M20,Robotic Arm,1.44,80.47,7.27,38.8,300.5,normal,54.52,8.8,0.64,1,motor_overheat,6011.0
2087-12-17,M20,Robotic Arm,1.39,75.84,7.56,43.8,308.1,normal,54.92,16.6,0.5,1,motor_overheat,6818.0
2087-12-18,M20,Robotic Arm,0.38,37.15,3.51,19.3,146.0,idle,0.0,14.9,16.06,1,electrical,3023.0
2087-12-19,M20,Robotic Arm,0.45,34.55,3.97,18.4,134.7,idle,0.37,17.6,15.7,1,electrical,2662.0
2087-12-20,M20,Robotic Arm,0.44,37.73,3.76,17.2,134.2,idle,0.47,16.3,15.6,1,electrical,3225.0
2087-12-21,M20,Robotic Arm,1.03,52.58,9.0,43.7,328.3,normal,0.8,10.2,15.26,1,electrical,3811.0
2087-12-22,M20,Robotic Arm,0.41,35.74,3.48,19.6,142.1,idle,0.92,11.1,15.15,1,electrical,4809.0
2087-12-23,M20,Robotic Arm,0.41,38.53,3.95,18.2,136.8,idle,1.28,16.7,14.78,1,electrical,5600.0
2087-12-24,M20,Robotic Arm,0.4,34.31,3.67,19.6,135.6,idle,1.43,17.0,14.63,1,electrical,3247.0
2087-12-25,M20,Robotic Arm,0.43,49.01,3.96,17.7,137.2,idle,1.72,10.8,14.35,1,electrical,4547.0
2087-12-26,M20,Robotic Arm,0.39,38.07,3.78,19.9,139.1,idle,2.05,15.1,14.01,1,electrical,2768.0
2087-12-27,M20,Robotic Arm,0.4,39.61,3.78,14.6,144.0,idle,2.15,10.0,13.91,1,electrical,3937.0
2087-12-28,M20,Robotic Arm,0.41,37.5,3.84,19.4,134.7,idle,2.43,15.8,13.63,1,electrical,2645.0
2087-12-29,M20,Robotic Arm,0.38,37.97,3.87,19.8,133.8,idle,2.8,12.4,13.26,1,electrical,3557.0
2087-12-30,M20,Robotic Arm,0.42,38.8,3.83,19.7,133.6,idle,2.98,10.4,13.08,1,electrical,3408.0
2087-12-31,M20,Robotic Arm,0.39,38.13,3.88,16.8,142.4,idle,3.07,17.1,13.0,1,electrical,4973.0
2088-01-01,M20,Robotic Arm,0.41,35.82,3.62,17.6,143.2,idle,3.45,11.9,12.61,1,electrical,3322.0
2088-01-02,M20,Robotic Arm,0.38,35.05,4.05,14.1,132.7,idle,3.65,17.5,12.41,1,electrical,5658.0
2088-01-03,M20,Robotic Arm,0.43,35.05,4.01,17.9,134.6,idle,3.87,13.0,12.2,1,electrical,4341.0
2088-01-04,M20,Robotic Arm,0.41,34.63,3.59,19.9,132.4,idle,4.2,17.0,11.86,1,electrical,4605.0
2088-01-05,M20,Robotic Arm,0.4,36.85,3.92,19.7,137.1,idle,4.5,17.1,11.56,1,electrical,2900.0
2088-01-06,M20,Robotic Arm,0.4,37.53,4.04,15.6,134.0,idle,4.67,14.8,11.4,1,electrical,3032.0
2088-01-07,M20,Robotic Arm,0.45,37.77,3.98,16.2,142.8,idle,4.83,13.8,11.23,1,electrical,5217.0
2088-01-08,M20,Robotic Arm,1.16,49.75,8.93,43.7,323.7,normal,5.32,11.3,10.75,1,electrical,4884.0
2088-01-09,M20,Robotic Arm,0.46,34.96,3.73,15.8,138.3,idle,5.67,16.2,10.4,1,electrical,2506.0
2088-01-10,M20,Robotic Arm,0.47,39.93,4.15,16.1,135.8,idle,6.1,16.4,9.96,1,electrical,2913.0
2088-01-11,M20,Robotic Arm,1.33,52.58,9.8,41.6,324.3,normal,6.6,13.3,9.46,1,electrical,2850.0
2088-01-12,M20,Robotic Arm,0.45,40.76,4.09,16.6,141.4,idle,6.7,17.2,9.36,1,electrical,5683.0
2088-01-13,M20,Robotic Arm,1.19,40.76,9.04,38.7,141.4,normal,6.82,16.4,9.25,1,electrical,3748.0
2088-01-14,M20,Robotic Arm,0.41,40.76,3.67,19.9,141.7,idle,6.9,17.1,9.16,1,electrical,5211.0
2088-01-15,M20,Robotic Arm,0.45,39.03,3.74,14.9,131.8,idle,7.27,12.2,8.8,1,electrical,3460.0
2088-01-16,M20,Robotic Arm,0.47,39.54,4.22,17.9,136.1,idle,7.33,13.7,8.73,1,electrical,2847.0
2088-01-17,M20,Robotic Arm,0.47,38.94,3.69,19.4,142.4,idle,7.8,14.4,8.26,1,electrical,2606.0
2088-01-18,M20,Robotic Arm,1.38,53.76,9.22,46.4,331.0,normal,8.25,14.0,7.81,1,electrical,4605.0
2088-01-19,M20,Robotic Arm,1.4,53.76,9.21,41.4,329.7,normal,8.72,17.8,7.35,1,electrical,2587.0
2088-01-20,M20,Robotic Arm,1.03,42.37,9.6,41.4,324.9,normal,8.97,16.1,7.1,1,electrical,4674.0
2088-01-21,M20,Robotic Arm,1.52,44.69,9.21,44.0,322.9,normal,9.27,17.9,6.8,1,electrical,5698.0
2088-01-22,M20,Robotic Arm,1.52,48.35,9.1,46.8,323.8,normal,9.53,16.5,6.53,1,electrical,5582.0
2088-01-23,M20,Robotic Arm,1.29,53.21,8.93,42.5,328.3,normal,9.88,14.6,6.18,1,electrical,4205.0
2088-01-24,M20,Robotic Arm,0.98,49.47,9.27,43.7,306.8,normal,10.17,8.1,5.9,1,electrical,3047.0
2088-01-25,M20,Robotic Arm,1.25,48.72,8.96,40.3,307.6,normal,10.47,10.7,5.6,1,electrical,3007.0
2088-01-26,M20,Robotic Arm,1.79,52.84,13.75,60.6,428.8,peak,10.95,13.6,5.11,1,electrical,2217.0
2088-01-27,M20,Robotic Arm,1.45,44.08,10.07,43.4,309.6,normal,11.0,11.8,5.06,1,electrical,3681.0
2088-01-28,M20,Robotic Arm,1.4,50.58,9.83,41.1,314.1,normal,11.2,14.6,4.86,1,electrical,3288.0
2088-01-29,M20,Robotic Arm,1.24,47.08,9.48,46.4,328.7,normal,11.68,10.5,4.38,1,electrical,3548.0
2088-01-30,M20,Robotic Arm,1.21,53.53,9.48,42.9,320.5,normal,11.78,16.8,4.28,1,electrical,5156.0
2088-01-31,M20,Robotic Arm,1.66,57.67,13.4,42.9,451.1,peak,11.93,17.8,4.13,1,electrical,3576.0
2088-02-01,M20,Robotic Arm,1.66,54.66,4.33,16.5,139.5,idle,12.1,13.7,3.96,1,electrical,3095.0
2088-02-02,M20,Robotic Arm,0.48,42.0,4.0,17.3,139.5,idle,12.43,12.3,3.63,1,electrical,3473.0
2088-02-03,M20,Robotic Arm,1.96,50.62,14.44,59.5,456.2,peak,12.83,13.6,3.23,1,electrical,5513.0
2088-02-04,M20,Robotic Arm,1.38,48.34,10.38,41.7,312.4,normal,12.93,11.0,3.13,1,electrical,4283.0
2088-02-05,M20,Robotic Arm,1.39,45.97,10.2,46.0,320.9,normal,13.23,12.7,2.83,1,electrical,2869.0
2088-02-06,M20,Robotic Arm,1.16,48.65,9.9,39.3,311.4,normal,13.33,14.0,2.73,1,electrical,3674.0
2088-02-07,M20,Robotic Arm,0.4,37.5,4.5,14.3,135.9,idle,13.45,14.2,2.61,1,electrical,2233.0
2088-02-08,M20,Robotic Arm,1.19,51.34,10.53,42.6,314.4,normal,13.93,12.8,2.13,1,electrical,3700.0
2088-02-09,M20,Robotic Arm,1.01,54.55,9.75,38.4,314.8,normal,14.28,9.9,1.78,1,electrical,5776.0
2088-02-10,M20,Robotic Arm,1.44,50.4,9.75,38.2,326.4,normal,14.38,14.1,1.68,1,electrical,3658.0
2088-02-11,M20,Robotic Arm,1.17,44.6,9.43,44.7,311.9,normal,14.63,17.8,1.43,1,electrical,5632.0
2088-02-12,M20,Robotic Arm,0.97,43.9,9.85,46.0,304.1,normal,14.73,8.3,1.33,1,electrical,2046.0
2088-02-13,M20,Robotic Arm,1.0,48.92,10.0,43.1,313.6,normal,14.8,8.4,1.26,1,electrical,5495.0
2088-02-14,M20,Robotic Arm,1.47,47.94,9.33,38.1,310.7,normal,15.12,12.8,0.95,1,electrical,5837.0
2088-02-15,M20,Robotic Arm,1.47,52.14,10.13,45.0,304.2,normal,15.42,9.3,0.65,1,electrical,3961.0
2088-02-16,M20,Robotic Arm,0.42,41.45,3.94,15.8,140.4,idle,15.52,13.1,0.55,1,electrical,4427.0
2088-02-17,M20,Robotic Arm,1.31,52.48,9.92,39.0,317.4,normal,15.87,8.6,0.5,1,electrical,4105.0
2088-02-18,M20,Robotic Arm,1.08,36.87,5.92,40.5,350.4,normal,0.0,10.1,84.12,0,none,0.0
2088-02-19,M20,Robotic Arm,0.97,40.1,5.69,40.1,350.8,normal,0.05,10.3,84.07,0,none,0.0
2088-02-20,M20,Robotic Arm,0.86,37.07,5.93,44.4,355.1,normal,0.28,17.9,83.84,0,none,0.0
2088-02-21,M20,Robotic Arm,0.4,32.49,2.28,14.2,151.2,idle,0.52,17.1,83.6,0,none,0.0
2088-02-22,M20,Robotic Arm,0.44,31.57,2.55,14.8,149.1,idle,0.9,12.8,83.22,0,none,0.0
2088-02-23,M20,Robotic Arm,0.41,28.16,2.26,14.7,152.8,idle,1.27,12.4,82.85,0,none,0.0
2088-02-24,M20,Robotic Arm,0.44,28.02,2.22,18.0,150.5,idle,1.73,12.8,82.39,0,none,0.0
2088-02-25,M20,Robotic Arm,0.44,31.77,2.22,14.0,151.6,idle,1.83,8.4,82.29,0,none,0.0
2088-02-26,M20,Robotic Arm,0.39,31.37,2.37,17.6,151.6,idle,2.08,9.2,82.04,0,none,0.0
2088-02-27,M20,Robotic Arm,1.27,41.88,5.62,47.8,368.2,normal,2.42,13.8,81.7,0,none,0.0
2088-02-28,M20,Robotic Arm,0.37,32.45,2.32,15.2,159.1,idle,2.8,11.7,81.32,0,none,0.0
2088-02-29,M20,Robotic Arm,0.36,28.19,2.39,17.2,146.6,idle,2.85,9.9,81.27,0,none,0.0
2088-03-01,M20,Robotic Arm,0.44,28.65,2.49,16.2,148.9,idle,3.05,9.5,81.07,0,none,0.0
2088-03-02,M20,Robotic Arm,0.97,37.29,5.62,38.5,363.1,normal,3.17,14.2,80.95,0,none,0.0
2088-03-03,M20,Robotic Arm,0.98,40.64,5.26,42.7,358.8,normal,3.67,12.6,80.45,0,none,0.0
2088-03-04,M20,Robotic Arm,0.98,53.29,7.8,58.4,486.6,peak,3.72,10.2,80.4,0,none,0.0
2088-03-05,M20,Robotic Arm,1.34,39.49,5.44,45.2,349.5,normal,3.77,11.8,80.35,0,none,0.0
2088-03-06,M20,Robotic Arm,1.1,48.0,5.59,42.6,363.9,normal,4.12,10.3,80.0,0,none,0.0
2088-03-07,M20,Robotic Arm,1.1,48.0,5.76,42.6,359.5,normal,4.3,10.7,79.82,0,none,0.0
2088-03-08,M20,Robotic Arm,1.14,41.0,5.58,42.7,368.2,normal,4.78,12.9,79.34,0,none,0.0
2088-03-09,M20,Robotic Arm,1.3,39.22,5.25,44.8,361.9,normal,5.15,13.7,78.97,0,none,0.0
2088-03-10,M20,Robotic Arm,1.3,39.22,5.25,44.4,343.3,normal,5.48,13.0,78.64,0,none,0.0
2088-03-11,M20,Robotic Arm,1.28,42.7,5.6,38.4,353.8,normal,5.63,15.6,78.49,0,none,0.0
2088-03-12,M20,Robotic Arm,1.32,39.84,5.98,45.9,364.7,normal,5.67,16.2,78.45,0,none,0.0
2088-03-13,M20,Robotic Arm,1.68,45.65,7.9,61.2,515.4,peak,5.97,15.5,78.15,0,none,0.0
2088-03-14,M20,Robotic Arm,0.42,45.65,2.3,17.8,146.2,idle,6.3,9.7,77.82,0,none,0.0
2088-03-15,M20,Robotic Arm,1.06,38.26,5.9,44.6,343.6,normal,6.57,10.9,77.55,0,none,0.0
2088-03-16,M20,Robotic Arm,1.13,45.26,5.29,43.7,362.7,normal,6.98,16.7,77.14,0,none,0.0
2088-03-17,M20,Robotic Arm,0.37,34.5,2.42,17.8,150.3,idle,7.27,17.5,76.85,0,none,0.0
2088-03-18,M20,Robotic Arm,1.73,49.78,8.42,59.9,504.3,peak,7.48,16.1,76.64,0,none,0.0
2088-03-19,M20,Robotic Arm,0.41,32.05,2.49,14.6,154.1,idle,7.95,14.0,76.17,0,none,0.0
2088-03-20,M20,Robotic Arm,1.08,40.86,5.55,39.1,340.4,normal,8.02,15.6,76.1,0,none,0.0
2088-03-21,M20,Robotic Arm,0.91,40.66,5.5,39.4,361.7,normal,8.23,17.2,75.89,0,none,0.0
2088-03-22,M20,Robotic Arm,1.71,53.85,8.35,63.3,512.1,peak,8.27,15.6,75.85,0,none,0.0
2088-03-23,M20,Robotic Arm,1.33,41.69,5.26,43.7,365.4,normal,8.4,13.8,75.72,0,none,0.0
2088-03-24,M20,Robotic Arm,0.9,45.66,5.31,38.3,361.1,normal,8.85,10.0,75.27,0,none,0.0
2088-03-25,M20,Robotic Arm,1.2,46.42,5.73,40.6,367.6,normal,9.27,12.1,74.85,0,none,0.0
2088-03-26,M20,Robotic Arm,1.35,47.25,5.79,46.7,347.2,normal,9.65,17.6,74.47,0,none,0.0
2088-03-27,M20,Robotic Arm,1.17,38.48,5.46,46.3,361.3,normal,9.93,10.0,74.19,0,none,0.0
2088-03-28,M20,Robotic Arm,1.36,45.17,5.43,46.8,342.3,normal,10.42,16.8,73.7,0,none,0.0
2088-03-29,M20,Robotic Arm,0.36,29.91,2.52,19.6,154.7,idle,10.5,11.4,73.62,0,none,0.0
2088-03-30,M20,Robotic Arm,0.44,32.2,2.57,16.6,159.6,idle,10.8,14.3,73.32,0,none,0.0
2088-03-31,M20,Robotic Arm,0.97,38.01,5.4,16.6,355.2,normal,10.93,15.1,73.19,0,none,0.0
2088-04-01,M20,Robotic Arm,1.15,45.12,5.44,47.1,365.0,normal,11.28,16.2,72.84,0,none,0.0
2088-04-02,M20,Robotic Arm,0.42,34.87,2.21,19.9,148.5,idle,11.58,12.3,72.54,0,none,0.0
2088-04-03,M20,Robotic Arm,0.87,40.83,5.75,41.0,353.4,normal,11.75,14.3,72.37,0,none,0.0
2088-04-04,M20,Robotic Arm,0.98,35.02,5.92,41.6,344.4,normal,11.78,14.8,72.34,0,none,0.0
2088-04-05,M20,Robotic Arm,1.06,35.18,5.26,43.6,346.8,normal,12.08,10.4,72.04,0,none,0.0
2088-04-06,M20,Robotic Arm,0.42,31.17,2.23,17.2,154.5,idle,12.18,14.9,71.94,0,none,0.0
2088-04-07,M20,Robotic Arm,1.67,45.32,7.53,59.2,506.4,peak,12.27,12.4,71.85,0,none,0.0
2088-04-08,M20,Robotic Arm,0.89,46.92,5.47,41.5,350.0,normal,12.47,17.4,71.65,0,none,0.0
2088-04-09,M20,Robotic Arm,0.44,34.62,2.56,18.7,148.9,idle,12.52,10.9,71.6,0,none,0.0
2088-04-10,M20,Robotic Arm,1.72,45.79,7.88,56.4,501.1,peak,12.78,8.7,71.34,0,none,0.0
2088-04-11,M20,Robotic Arm,1.29,43.82,5.5,44.7,359.0,normal,13.23,8.1,70.89,0,none,0.0
2088-04-12,M20,Robotic Arm,1.15,38.48,5.22,38.4,368.6,normal,13.62,14.2,70.5,0,none,0.0
2088-04-13,M20,Robotic Arm,1.33,38.08,5.22,41.0,357.2,normal,14.02,16.5,70.1,0,none,0.0
2088-04-14,M20,Robotic Arm,0.86,46.6,5.82,43.3,366.0,normal,14.17,9.2,69.95,0,none,0.0
2088-04-15,M20,Robotic Arm,1.15,36.15,5.65,42.8,360.8,normal,14.6,13.6,69.52,0,none,0.0
2088-04-16,M20,Robotic Arm,1.6,46.68,8.44,64.2,516.0,peak,14.87,15.8,69.25,0,none,0.0
2088-04-17,M20,Robotic Arm,1.08,44.74,5.95,47.7,347.3,normal,15.13,16.0,68.99,0,none,0.0
2088-04-18,M20,Robotic Arm,0.37,31.49,2.55,17.2,156.9,idle,15.45,15.4,68.67,0,none,0.0
2088-04-19,M20,Robotic Arm,1.64,51.77,7.77,63.2,511.9,peak,15.77,11.0,68.35,0,none,0.0
2088-04-20,M20,Robotic Arm,0.97,46.34,5.29,45.7,365.5,normal,16.23,17.0,67.89,0,none,0.0
2088-04-21,M20,Robotic Arm,1.31,38.17,5.26,38.3,340.7,normal,16.65,14.9,67.47,0,none,0.0
2088-04-22,M20,Robotic Arm,1.13,37.6,5.9,39.6,360.1,normal,16.73,12.6,67.39,0,none,0.0
2088-04-23,M20,Robotic Arm,1.35,47.54,5.89,40.0,355.9,normal,17.08,9.2,67.04,0,none,0.0
2088-04-24,M20,Robotic Arm,0.95,42.77,5.39,40.0,356.6,normal,17.33,16.7,66.79,0,none,0.0
2088-04-25,M20,Robotic Arm,0.36,30.48,2.34,17.5,153.6,idle,17.63,13.5,66.49,0,none,0.0
2088-04-26,M20,Robotic Arm,0.36,46.25,5.71,46.0,357.1,normal,17.73,14.0,66.39,0,none,0.0
2088-04-27,M20,Robotic Arm,0.39,30.66,2.28,19.0,157.6,idle,17.98,12.8,66.14,0,none,0.0
2088-04-28,M20,Robotic Arm,0.91,45.81,5.86,44.0,362.4,normal,18.17,10.8,65.95,0,none,0.0
2088-04-29,M20,Robotic Arm,1.36,41.31,5.82,47.6,351.4,normal,18.53,17.3,65.59,0,none,0.0
2088-04-30,M20,Robotic Arm,1.1,43.51,5.6,40.6,358.3,normal,18.98,16.5,65.14,0,none,0.0
2088-05-01,M20,Robotic Arm,1.27,35.07,5.36,47.9,365.8,normal,19.13,10.1,64.99,0,none,0.0
2088-05-02,M20,Robotic Arm,1.4,43.32,5.6,38.3,350.3,normal,19.6,10.4,64.52,0,none,0.0
2088-05-03,M20,Robotic Arm,0.39,28.93,5.6,15.3,151.6,idle,19.83,13.8,64.29,0,none,0.0
2088-05-04,M20,Robotic Arm,0.41,32.67,2.42,14.2,158.8,idle,19.88,9.4,64.24,0,none,0.0
2088-05-05,M20,Robotic Arm,0.43,32.22,2.54,19.2,148.4,idle,20.35,14.4,63.77,0,none,0.0
2088-05-06,M20,Robotic Arm,0.38,28.49,2.42,18.3,146.7,idle,20.83,14.6,63.29,0,none,0.0
2088-05-07,M20,Robotic Arm,0.4,33.7,2.47,17.4,152.9,idle,21.22,15.3,62.9,0,none,0.0
2088-05-08,M20,Robotic Arm,1.05,40.68,5.43,44.7,359.3,normal,21.43,10.0,62.69,0,none,0.0
2088-05-09,M20,Robotic Arm,0.37,29.88,2.59,14.6,155.4,idle,21.72,11.7,62.4,0,none,0.0
2088-05-10,M20,Robotic Arm,0.4,28.55,2.22,18.8,154.3,idle,22.07,8.1,62.05,0,none,0.0
2088-05-11,M20,Robotic Arm,0.35,30.02,2.3,17.4,148.6,idle,22.28,9.7,61.84,0,none,0.0
2088-05-12,M20,Robotic Arm,1.29,38.1,5.56,17.4,342.1,normal,22.32,17.1,61.8,0,none,0.0
2088-05-13,M20,Robotic Arm,1.06,40.31,5.32,46.9,351.2,normal,22.68,8.3,61.44,0,none,0.0
2088-05-14,M20,Robotic Arm,0.43,32.08,2.2,18.1,151.1,idle,23.0,14.8,61.12,0,none,0.0
2088-05-15,M20,Robotic Arm,0.42,32.83,2.5,18.1,145.3,idle,23.47,12.2,60.65,0,none,0.0
2088-05-16,M20,Robotic Arm,0.45,31.24,2.56,15.0,150.4,idle,23.92,17.4,60.2,0,none,0.0
2088-05-17,M20,Robotic Arm,0.45,34.13,2.52,15.7,155.6,idle,24.05,13.0,60.07,0,none,0.0
2088-05-18,M20,Robotic Arm,0.37,32.7,2.59,16.1,152.3,idle,24.48,13.0,59.64,0,none,0.0
2088-05-19,M20,Robotic Arm,0.39,28.7,2.58,16.3,159.4,idle,24.95,15.9,59.17,0,none,0.0
2088-05-20,M20,Robotic Arm,0.42,29.55,2.44,14.6,147.9,idle,25.05,10.8,59.07,0,none,0.0
2088-05-21,M20,Robotic Arm,0.36,28.45,2.45,15.6,156.4,idle,25.47,9.5,58.65,0,none,0.0
2088-05-22,M20,Robotic Arm,0.38,34.09,2.38,16.1,145.6,idle,25.68,12.9,58.44,0,none,0.0
2088-05-23,M20,Robotic Arm,0.42,34.83,2.3,17.9,155.1,idle,26.18,14.6,57.94,0,none,0.0
2088-05-24,M20,Robotic Arm,0.39,30.4,2.22,19.7,152.7,idle,26.67,9.9,57.45,0,none,0.0
2088-05-25,M20,Robotic Arm,0.38,34.17,2.26,18.2,146.8,idle,27.12,14.8,57.0,0,none,0.0
2088-05-26,M20,Robotic Arm,0.42,32.22,2.43,17.4,151.6,idle,27.15,8.5,56.97,0,none,0.0
2088-05-27,M20,Robotic Arm,1.34,35.48,5.9,42.2,349.9,normal,27.55,9.8,56.57,0,none,0.0
2088-05-28,M20,Robotic Arm,0.41,29.52,2.38,17.8,150.6,idle,27.98,12.0,56.14,0,none,0.0
2088-05-29,M20,Robotic Arm,0.38,32.13,2.45,15.9,154.7,idle,28.48,17.9,55.64,0,none,0.0
2088-05-30,M20,Robotic Arm,1.75,43.47,8.44,55.7,501.0,peak,28.67,16.6,55.45,0,none,0.0
2088-05-31,M20,Robotic Arm,1.35,38.32,5.76,38.4,354.4,normal,29.08,10.1,55.04,0,none,0.0
2088-06-01,M20,Robotic Arm,1.69,38.32,7.68,38.4,497.9,peak,29.13,16.1,54.99,0,none,0.0
2088-06-02,M20,Robotic Arm,0.95,38.32,5.87,43.5,342.4,normal,29.58,9.6,54.54,0,none,0.0
2088-06-03,M20,Robotic Arm,1.24,40.85,5.23,45.2,366.6,normal,30.05,12.7,54.07,0,none,0.0
2088-06-04,M20,Robotic Arm,1.26,47.72,5.33,43.6,342.8,normal,30.33,9.0,53.79,0,none,0.0
2088-06-05,M20,Robotic Arm,0.45,29.51,2.58,16.8,156.9,idle,30.8,13.1,53.32,0,none,0.0
2088-06-06,M20,Robotic Arm,1.38,38.03,5.85,46.9,356.6,normal,30.95,10.2,53.17,0,none,0.0
2088-06-07,M20,Robotic Arm,1.22,40.76,5.54,39.6,360.7,normal,31.17,14.6,52.95,0,none,0.0
2088-06-08,M20,Robotic Arm,0.37,29.27,2.4,16.8,154.7,idle,31.6,14.7,52.52,0,none,0.0
2088-06-09,M20,Robotic Arm,0.4,30.21,2.22,17.5,152.3,idle,31.67,14.8,52.45,0,none,0.0
2088-06-10,M20,Robotic Arm,0.89,44.09,5.4,38.3,340.3,normal,31.97,11.9,52.15,0,none,0.0
2088-06-11,M20,Robotic Arm,0.89,47.07,5.88,39.0,349.6,normal,32.42,10.7,51.7,0,none,0.0
2088-06-12,M20,Robotic Arm,1.02,46.08,5.84,47.7,355.6,normal,32.53,11.6,51.59,0,none,0.0
2088-06-13,M20,Robotic Arm,0.86,46.73,5.23,46.3,355.6,normal,32.78,16.3,51.34,0,none,0.0
2088-06-14,M20,Robotic Arm,1.38,38.16,5.61,38.1,358.0,normal,33.07,8.7,51.05,0,none,0.0
2088-06-15,M20,Robotic Arm,0.36,28.46,2.49,15.1,159.7,idle,33.23,12.1,50.89,0,none,0.0
2088-06-16,M20,Robotic Arm,1.07,41.28,5.45,40.8,366.2,normal,33.72,14.8,50.4,0,none,0.0
2088-06-17,M20,Robotic Arm,1.34,37.71,5.23,40.8,364.7,normal,33.78,8.8,50.34,0,none,0.0
2088-06-18,M20,Robotic Arm,1.12,45.25,5.87,46.2,357.5,normal,33.82,9.2,50.3,0,none,0.0
2088-06-19,M20,Robotic Arm,0.94,43.21,5.44,45.6,346.1,normal,34.3,8.7,49.82,0,none,0.0
2088-06-20,M20,Robotic Arm,0.41,28.6,2.52,15.9,159.6,idle,34.35,11.9,49.77,0,none,0.0
2088-06-21,M20,Robotic Arm,1.1,38.34,5.3,47.9,352.0,normal,34.53,17.5,49.59,0,none,0.0
2088-06-22,M20,Robotic Arm,1.22,39.17,5.38,43.7,351.9,normal,34.65,14.8,49.47,0,none,0.0
2088-06-23,M20,Robotic Arm,0.4,32.94,2.31,14.9,153.1,idle,34.82,14.9,49.3,0,none,0.0
2088-06-24,M20,Robotic Arm,0.91,32.94,5.67,40.3,348.1,normal,35.27,11.6,48.85,0,none,0.0
2088-06-25,M20,Robotic Arm,0.95,46.59,5.45,47.1,340.7,normal,35.5,14.0,48.62,0,none,0.0
2088-06-26,M20,Robotic Arm,1.07,46.76,5.77,38.6,340.7,normal,35.97,10.5,48.15,0,none,0.0
2088-06-27,M20,Robotic Arm,0.92,36.84,5.56,46.8,350.9,normal,36.23,9.5,47.89,0,none,0.0
2088-06-28,M20,Robotic Arm,1.23,37.95,5.52,39.1,344.0,normal,36.65,12.7,47.47,0,none,0.0
2088-06-29,M20,Robotic Arm,1.23,35.15,5.77,46.6,347.6,normal,37.1,10.3,47.02,0,none,0.0
2088-06-30,M20,Robotic Arm,1.33,44.52,5.86,45.9,340.1,normal,37.22,9.7,46.9,0,none,0.0
2088-07-01,M20,Robotic Arm,0.42,31.15,5.86,17.5,154.1,idle,37.63,15.1,46.49,0,none,0.0
2088-07-02,M20,Robotic Arm,1.4,38.48,5.82,38.5,354.8,normal,37.9,8.2,46.22,0,none,0.0
2088-07-03,M20,Robotic Arm,1.2,37.69,5.58,42.6,348.4,normal,38.22,11.7,45.9,0,none,0.0
2088-07-04,M20,Robotic Arm,1.18,43.8,5.27,39.5,368.7,normal,38.7,9.5,45.42,0,none,0.0
2088-07-05,M20,Robotic Arm,0.35,28.76,2.53,18.9,159.3,idle,39.1,13.0,45.02,0,none,0.0
2088-07-06,M20,Robotic Arm,1.33,37.81,2.53,40.0,364.7,normal,39.18,15.1,44.94,0,none,0.0
2088-07-07,M20,Robotic Arm,1.33,41.03,5.6,38.2,361.5,normal,39.48,8.9,44.64,0,none,0.0
2088-07-08,M20,Robotic Arm,0.94,36.78,5.44,42.9,355.3,normal,39.6,11.7,44.52,0,none,0.0
2088-07-09,M20,Robotic Arm,1.7,42.85,7.84,57.5,496.1,peak,40.03,18.0,44.09,0,none,0.0
2088-07-10,M20,Robotic Arm,1.13,46.04,7.84,57.5,363.6,normal,40.2,14.2,43.92,0,none,0.0
2088-07-11,M20,Robotic Arm,1.07,47.84,5.3,39.4,348.8,normal,40.68,15.5,43.44,0,none,0.0
2088-07-12,M20,Robotic Arm,0.91,35.07,5.46,38.5,357.5,normal,40.97,8.1,43.15,0,none,0.0
2088-07-13,M20,Robotic Arm,1.31,37.37,5.68,40.4,355.9,normal,41.05,16.7,43.07,0,none,0.0
2088-07-14,M20,Robotic Arm,1.66,37.37,8.43,56.8,503.0,peak,41.35,11.1,42.77,0,none,0.0
2088-07-15,M20,Robotic Arm,0.4,33.63,2.35,18.4,156.6,idle,41.78,9.0,42.34,0,none,0.0
2088-07-16,M20,Robotic Arm,0.37,32.71,2.37,19.7,159.8,idle,41.9,8.7,42.22,0,none,0.0
2088-07-17,M20,Robotic Arm,1.24,42.33,5.45,40.6,354.4,normal,42.0,8.5,42.12,0,none,0.0
2088-07-18,M20,Robotic Arm,0.4,31.82,2.52,19.1,150.3,idle,42.38,8.0,41.74,0,none,0.0
2088-07-19,M20,Robotic Arm,1.13,44.85,5.9,39.5,362.4,normal,42.78,15.1,41.34,0,none,0.0
2088-07-20,M20,Robotic Arm,0.44,29.76,2.4,14.0,157.3,idle,42.88,15.8,41.24,0,none,0.0
2088-07-21,M20,Robotic Arm,3.48,46.88,5.78,41.4,345.4,normal,43.12,17.4,41.0,0,none,0.0
2088-07-22,M20,Robotic Arm,0.38,29.59,2.24,16.8,148.1,idle,43.6,12.7,40.52,0,none,0.0
2088-07-23,M20,Robotic Arm,0.36,31.89,2.43,17.1,147.6,idle,43.9,10.8,40.22,0,none,0.0
2088-07-24,M20,Robotic Arm,0.39,32.92,2.49,17.6,157.5,idle,44.35,12.4,39.77,0,none,0.0
2088-07-25,M20,Robotic Arm,0.41,28.41,2.51,16.3,148.3,idle,44.5,17.8,39.62,0,none,0.0
2088-07-26,M20,Robotic Arm,0.35,30.27,2.44,19.1,149.7,idle,44.9,13.4,39.22,0,none,0.0
2088-07-27,M20,Robotic Arm,0.4,29.1,2.38,15.7,147.2,idle,45.12,11.1,39.0,0,none,0.0
2088-07-28,M20,Robotic Arm,0.4,34.66,2.44,18.3,148.3,idle,45.15,12.4,38.97,0,none,0.0
2088-07-29,M20,Robotic Arm,0.39,34.11,2.37,15.8,147.4,idle,45.65,12.9,38.47,0,none,0.0
2088-07-30,M20,Robotic Arm,0.41,28.5,2.28,15.2,145.6,idle,45.73,12.1,38.39,0,none,0.0
2088-07-31,M20,Robotic Arm,0.36,30.97,2.2,16.8,159.5,idle,46.03,11.8,38.09,0,none,0.0
2088-08-01,M20,Robotic Arm,0.4,33.68,2.2,16.8,151.9,idle,46.18,15.1,37.94,0,none,0.0
2088-08-02,M20,Robotic Arm,0.38,28.03,2.43,18.7,147.6,idle,46.62,11.9,37.5,0,none,0.0
2088-08-03,M20,Robotic Arm,0.43,34.09,2.5,18.9,155.0,idle,46.7,17.4,37.42,0,none,0.0
2088-08-04,M20,Robotic Arm,0.43,34.07,2.41,19.0,156.8,idle,46.78,13.3,37.34,0,none,0.0
2088-08-05,M20,Robotic Arm,0.37,30.01,2.55,16.4,160.0,idle,47.13,13.9,36.99,0,none,0.0
2088-08-06,M20,Robotic Arm,0.42,28.33,2.35,18.8,150.5,idle,47.27,14.5,36.85,0,none,0.0
2088-08-07,M20,Robotic Arm,0.39,30.41,2.33,15.2,147.8,idle,47.38,10.5,36.74,0,none,0.0
2088-08-08,M20,Robotic Arm,0.43,32.31,2.31,18.7,153.9,idle,47.43,12.3,36.69,0,none,0.0
2088-08-09,M20,Robotic Arm,0.4,32.33,2.32,18.4,148.5,idle,47.47,13.1,36.65,0,none,0.0
2088-08-10,M20,Robotic Arm,0.41,33.91,2.41,17.0,154.7,idle,47.63,16.1,36.49,0,none,0.0
2088-08-11,M20,Robotic Arm,0.38,34.92,2.48,16.0,154.5,idle,47.85,12.5,36.27,0,none,0.0
2088-08-12,M20,Robotic Arm,0.44,33.9,2.58,14.9,149.8,idle,47.98,8.5,36.14,0,none,0.0
2088-08-13,M20,Robotic Arm,0.44,32.56,2.58,15.5,156.1,idle,48.37,14.1,35.75,0,none,0.0
2088-08-14,M20,Robotic Arm,0.44,32.56,2.43,18.4,148.1,idle,48.63,10.1,35.49,0,none,0.0
2088-08-15,M20,Robotic Arm,0.45,31.57,2.53,14.1,147.3,idle,49.0,15.9,35.12,0,none,0.0
2088-08-16,M20,Robotic Arm,0.45,32.97,2.32,18.7,147.0,idle,49.08,9.6,35.04,0,none,0.0
2088-08-17,M20,Robotic Arm,1.09,39.15,5.28,45.2,366.3,normal,49.4,17.9,34.72,0,none,0.0
2088-08-18,M20,Robotic Arm,0.44,29.86,2.59,18.8,148.6,idle,49.73,17.2,34.39,0,none,0.0
2088-08-19,M20,Robotic Arm,0.44,29.34,2.26,19.3,158.9,idle,50.13,15.7,33.99,0,none,0.0
2088-08-20,M20,Robotic Arm,0.4,32.57,2.33,18.6,157.6,idle,50.63,14.1,33.49,0,none,0.0
2088-08-21,M20,Robotic Arm,0.37,32.85,2.55,18.6,156.9,idle,50.77,11.9,33.35,0,none,0.0
2088-08-22,M20,Robotic Arm,0.37,33.78,2.4,14.1,155.0,idle,51.03,16.4,33.09,0,none,0.0
2088-08-23,M20,Robotic Arm,1.28,45.16,5.95,38.9,345.6,normal,51.12,15.7,33.0,0,none,0.0
2088-08-24,M20,Robotic Arm,1.36,44.76,5.53,39.4,365.1,normal,51.42,16.7,32.7,0,none,0.0
2088-08-25,M20,Robotic Arm,1.02,45.84,5.65,43.4,358.1,normal,51.58,10.4,32.54,0,none,0.0
2088-08-26,M20,Robotic Arm,1.08,36.43,5.67,42.2,353.8,normal,52.07,8.8,32.05,0,none,0.0
2088-08-27,M20,Robotic Arm,1.68,43.85,7.74,57.9,495.1,peak,52.1,15.9,32.02,0,none,0.0
2088-08-28,M20,Robotic Arm,0.9,37.03,5.4,45.0,360.1,normal,52.42,12.5,31.7,0,none,0.0
2088-08-29,M20,Robotic Arm,0.86,35.92,5.6,42.2,348.8,normal,52.55,14.2,31.57,0,none,0.0
2088-08-30,M20,Robotic Arm,1.65,44.6,7.64,55.7,482.9,peak,52.98,13.2,31.14,0,none,0.0
2088-08-31,M20,Robotic Arm,0.96,45.28,5.84,47.1,359.8,normal,53.38,12.6,30.74,0,none,0.0
2088-09-01,M20,Robotic Arm,1.06,36.67,5.38,42.4,347.5,normal,53.77,13.9,30.35,0,none,0.0
2088-09-02,M20,Robotic Arm,1.02,47.27,5.51,39.5,350.4,normal,53.82,11.3,30.3,0,none,0.0
2088-09-03,M20,Robotic Arm,0.35,32.32,2.49,16.4,153.3,idle,54.22,17.2,29.9,0,none,0.0
2088-09-04,M20,Robotic Arm,0.44,29.44,2.27,15.6,148.3,idle,54.72,17.5,29.4,0,none,0.0
2088-09-05,M20,Robotic Arm,1.33,35.59,5.27,47.4,351.8,normal,55.08,14.2,29.04,0,none,0.0
2088-09-06,M20,Robotic Arm,0.4,32.06,2.51,18.3,150.6,idle,55.5,11.7,28.62,0,none,0.0
2088-09-07,M20,Robotic Arm,0.43,33.23,2.55,15.5,146.4,idle,55.77,16.1,28.35,0,none,0.0
2088-09-08,M20,Robotic Arm,0.91,42.08,5.41,38.5,365.1,normal,55.88,16.6,28.24,0,none,0.0
2088-09-09,M20,Robotic Arm,0.44,30.57,2.25,15.5,155.2,idle,55.93,14.9,28.19,0,none,0.0
2088-09-10,M20,Robotic Arm,0.42,32.91,2.54,19.3,159.8,idle,56.18,16.1,27.94,0,none,0.0
2088-09-11,M20,Robotic Arm,0.39,34.39,2.46,14.7,153.9,idle,56.6,8.5,27.52,0,none,0.0
2088-09-12,M20,Robotic Arm,1.06,35.96,5.4,45.1,350.4,normal,56.93,10.2,27.19,0,none,0.0
2088-09-13,M20,Robotic Arm,0.41,34.36,2.44,19.7,150.2,idle,57.33,10.5,26.79,0,none,0.0
2088-09-14,M20,Robotic Arm,1.33,47.52,5.61,41.6,350.5,normal,57.65,9.0,26.47,0,none,0.0
2088-09-15,M20,Robotic Arm,1.08,43.59,5.55,45.6,360.7,normal,57.93,12.5,26.19,0,none,0.0
2088-09-16,M20,Robotic Arm,1.03,45.48,5.81,44.2,345.6,normal,58.0,15.9,26.12,0,none,0.0
2088-09-17,M20,Robotic Arm,1.65,47.89,7.52,44.2,508.3,peak,58.17,17.8,25.95,0,none,0.0
2088-09-18,M20,Robotic Arm,1.05,42.5,5.91,38.4,347.8,normal,58.58,8.7,25.54,0,none,0.0
2088-09-19,M20,Robotic Arm,1.37,35.2,5.66,43.4,369.4,normal,58.73,17.7,25.39,0,none,0.0
2088-09-20,M20,Robotic Arm,1.09,47.69,5.21,41.4,348.1,normal,58.82,12.9,25.3,0,none,0.0
2088-09-21,M20,Robotic Arm,0.36,34.97,2.59,14.9,152.8,idle,58.87,9.9,25.25,0,none,0.0
2088-09-22,M20,Robotic Arm,0.9,36.61,5.77,46.7,358.1,normal,59.1,8.5,25.02,0,none,0.0
2088-09-23,M20,Robotic Arm,0.91,45.74,5.89,43.6,352.5,normal,59.35,15.7,24.77,0,none,0.0
2088-09-24,M20,Robotic Arm,1.07,43.59,5.89,47.1,363.6,normal,59.45,10.6,24.67,0,none,0.0
2088-09-25,M20,Robotic Arm,1.04,40.24,5.78,44.9,367.6,normal,59.95,17.3,24.17,0,none,0.0
2088-09-26,M20,Robotic Arm,1.29,47.72,5.38,44.9,369.2,normal,60.42,17.5,23.7,0,none,0.0
2088-09-27,M20,Robotic Arm,1.35,36.84,5.95,45.6,369.2,normal,60.67,11.6,23.45,0,none,0.0
2088-09-28,M20,Robotic Arm,1.1,35.84,5.53,40.5,361.6,normal,60.93,9.5,23.19,0,none,0.0
2088-09-29,M20,Robotic Arm,1.16,47.14,5.7,45.8,364.4,normal,61.27,16.9,22.85,0,none,0.0
2088-09-30,M20,Robotic Arm,0.89,45.67,5.33,40.2,355.1,normal,61.37,11.5,22.75,0,none,0.0
2088-10-01,M20,Robotic Arm,0.89,47.4,5.56,40.2,364.6,normal,61.82,14.9,22.3,0,none,0.0
2088-10-02,M20,Robotic Arm,1.59,52.39,7.75,59.0,516.5,peak,62.08,17.3,22.04,0,none,0.0
2088-10-03,M20,Robotic Arm,0.4,34.52,2.35,14.5,156.4,idle,62.33,13.1,21.79,0,none,0.0
2088-10-04,M20,Robotic Arm,0.99,44.73,5.66,47.8,352.8,normal,62.42,16.5,21.7,0,none,0.0
2088-10-05,M20,Robotic Arm,1.34,44.41,5.32,45.1,359.1,normal,62.45,11.6,21.67,0,none,0.0
2088-10-06,M20,Robotic Arm,1.39,40.94,5.64,45.1,358.2,normal,62.92,11.2,21.2,0,none,0.0
2088-10-07,M20,Robotic Arm,1.19,40.87,5.82,38.1,344.7,normal,63.07,14.6,21.05,0,none,0.0
2088-10-08,M20,Robotic Arm,1.32,47.1,5.79,39.6,357.4,normal,63.1,15.2,21.02,0,none,0.0
2088-10-09,M20,Robotic Arm,1.0,42.3,5.36,39.4,345.8,normal,63.23,14.0,20.89,0,none,0.0
2088-10-10,M20,Robotic Arm,1.34,35.75,5.23,39.9,357.0,normal,63.53,16.9,20.59,0,none,0.0
2088-10-11,M20,Robotic Arm,0.36,31.64,2.49,17.2,156.5,idle,63.8,12.8,20.32,0,none,0.0
2088-10-12,M20,Robotic Arm,1.14,36.18,5.74,41.3,355.6,normal,64.3,15.2,19.82,0,none,0.0
2088-10-13,M20,Robotic Arm,1.4,38.57,5.86,43.6,367.5,normal,64.45,14.5,19.67,0,none,0.0
2088-10-14,M20,Robotic Arm,1.35,44.29,5.44,47.5,365.1,normal,64.57,9.9,19.55,0,none,0.0
2088-10-15,M20,Robotic Arm,1.38,47.61,5.55,39.0,355.2,normal,64.75,17.0,19.37,0,none,0.0
2088-10-16,M20,Robotic Arm,0.92,41.38,5.64,43.8,340.3,normal,64.85,9.5,19.27,0,none,0.0
2088-10-17,M20,Robotic Arm,1.32,40.96,5.77,39.1,362.4,normal,65.18,15.4,18.94,0,none,0.0
2088-10-18,M20,Robotic Arm,1.09,44.63,5.94,45.3,358.4,normal,65.25,10.0,18.87,0,none,0.0
2088-10-19,M20,Robotic Arm,1.71,51.62,8.0,63.4,502.2,peak,65.55,14.9,18.57,0,none,0.0
2088-10-20,M20,Robotic Arm,1.2,40.51,5.96,43.1,346.4,normal,65.63,13.2,18.49,0,none,0.0
2088-10-21,M20,Robotic Arm,0.38,29.03,2.25,19.6,155.0,idle,65.97,13.4,18.15,0,none,0.0
2088-10-22,M20,Robotic Arm,0.35,33.69,2.41,14.7,151.8,idle,66.3,16.4,17.82,0,none,0.0
2088-10-23,M20,Robotic Arm,1.05,39.16,5.57,44.4,356.1,normal,66.72,10.6,17.4,0,none,0.0
2088-10-24,M20,Robotic Arm,1.01,44.41,5.99,47.7,369.9,normal,66.88,17.4,17.24,0,none,0.0
2088-10-25,M20,Robotic Arm,0.4,28.3,2.49,18.0,159.5,idle,67.17,8.8,16.95,0,none,0.0
2088-10-26,M20,Robotic Arm,0.4,34.96,2.23,16.1,156.1,idle,67.63,8.6,16.49,0,none,0.0
2088-10-27,M20,Robotic Arm,0.41,29.44,2.34,15.0,159.9,idle,67.77,10.6,16.35,0,none,0.0
2088-10-28,M20,Robotic Arm,1.13,46.27,5.52,40.4,354.6,normal,67.82,13.5,16.3,0,none,0.0
2088-10-29,M20,Robotic Arm,0.43,34.37,2.28,14.8,147.4,idle,68.12,8.1,16.0,0,none,0.0
2088-10-30,M20,Robotic Arm,0.38,32.19,2.5,16.2,158.8,idle,68.6,17.6,15.52,0,none,0.0
2088-10-31,M20,Robotic Arm,0.4,31.42,2.55,14.4,154.1,idle,68.67,16.1,15.45,0,none,0.0
2088-11-01,M20,Robotic Arm,0.41,30.81,2.37,18.1,153.5,idle,68.98,10.2,15.14,0,none,0.0
2088-11-02,M20,Robotic Arm,0.42,31.08,2.36,17.1,151.4,idle,69.13,11.3,14.99,0,none,0.0
2088-11-03,M20,Robotic Arm,1.31,46.34,5.26,38.6,348.7,normal,69.47,8.5,14.65,0,none,0.0
2088-11-04,M20,Robotic Arm,0.9,42.02,5.22,45.9,359.5,normal,69.72,9.9,14.4,0,none,0.0
2088-11-05,M20,Robotic Arm,0.37,30.31,2.32,19.5,158.3,idle,69.87,8.3,14.25,0,none,0.0
2088-11-06,M20,Robotic Arm,1.16,39.73,5.57,43.7,354.8,normal,70.08,15.5,14.04,0,none,0.0
2088-11-07,M20,Robotic Arm,0.36,31.24,2.57,16.4,155.5,idle,70.42,15.5,13.7,0,none,0.0
2088-11-08,M20,Robotic Arm,0.45,31.87,2.39,15.6,148.4,idle,70.8,16.7,13.32,0,none,0.0
2088-11-09,M20,Robotic Arm,0.41,32.73,2.37,14.0,153.4,idle,71.22,10.3,12.9,0,none,0.0
2088-11-10,M20,Robotic Arm,0.41,28.51,2.24,15.8,154.0,idle,71.35,14.8,12.77,0,none,0.0
2088-11-11,M20,Robotic Arm,0.37,30.41,2.26,16.0,155.9,idle,71.63,14.6,12.49,0,none,0.0
2088-11-12,M20,Robotic Arm,0.39,33.72,2.57,15.8,154.3,idle,71.83,8.6,12.29,0,none,0.0
2088-11-13,M20,Robotic Arm,0.99,42.4,5.3,44.0,345.2,normal,72.3,9.6,11.82,0,none,0.0
2088-11-14,M20,Robotic Arm,0.39,29.66,2.52,15.1,159.4,idle,72.67,13.9,11.45,0,none,0.0
2088-11-15,M20,Robotic Arm,0.36,30.9,2.51,14.7,149.7,idle,72.97,11.4,11.15,0,none,0.0
2088-11-16,M20,Robotic Arm,0.4,33.34,2.51,19.1,149.6,idle,73.38,10.8,10.74,0,none,0.0
2088-11-17,M20,Robotic Arm,0.35,33.04,2.27,16.3,157.1,idle,73.68,11.2,10.44,0,none,0.0
2088-11-18,M20,Robotic Arm,0.41,34.11,2.46,16.3,145.5,idle,74.03,11.5,10.09,0,none,0.0
2088-11-19,M20,Robotic Arm,0.35,29.76,2.46,18.3,150.2,idle,74.28,12.0,9.84,0,none,0.0
2088-11-20,M20,Robotic Arm,0.35,34.6,2.32,16.1,151.1,idle,74.38,16.8,9.74,0,none,0.0
2088-11-21,M20,Robotic Arm,0.38,32.53,2.56,16.6,147.7,idle,74.65,8.4,9.47,0,none,0.0
2088-11-22,M20,Robotic Arm,0.37,33.05,2.49,16.9,156.4,idle,74.8,12.6,9.32,0,none,0.0
2088-11-23,M20,Robotic Arm,0.4,30.13,2.26,17.1,157.5,idle,74.97,12.8,9.15,0,none,0.0
2088-11-24,M20,Robotic Arm,0.44,28.42,2.57,15.1,154.1,idle,75.15,13.3,8.97,0,none,0.0
2088-11-25,M20,Robotic Arm,0.44,44.11,5.62,41.9,342.1,normal,75.52,10.7,8.6,0,none,0.0
2088-11-26,M20,Robotic Arm,0.86,38.09,5.8,44.2,352.5,normal,75.9,17.7,8.22,0,none,0.0
2088-11-27,M20,Robotic Arm,1.14,42.68,5.26,41.2,366.4,normal,75.98,14.2,8.14,0,none,0.0
2088-11-28,M20,Robotic Arm,1.25,36.12,5.42,40.0,351.5,normal,76.48,12.4,7.64,0,none,0.0
2088-11-29,M20,Robotic Arm,1.39,42.5,5.33,45.9,357.6,normal,76.62,14.6,7.5,0,none,0.0
2088-11-30,M20,Robotic Arm,0.44,31.4,2.56,19.1,145.9,idle,76.9,13.7,7.22,0,none,0.0
2088-12-01,M20,Robotic Arm,1.3,36.53,5.29,39.6,367.6,normal,77.05,17.3,7.07,0,none,0.0
2088-12-02,M20,Robotic Arm,1.12,39.18,5.24,39.2,345.7,normal,77.48,8.4,6.64,0,none,0.0
2088-12-03,M20,Robotic Arm,0.37,28.56,2.23,15.8,153.2,idle,77.63,10.0,6.49,0,none,0.0
2088-12-04,M20,Robotic Arm,1.17,38.75,5.26,44.1,359.7,normal,77.9,8.1,6.22,0,none,0.0
2088-12-05,M20,Robotic Arm,1.23,47.06,5.23,40.1,357.2,normal,78.07,13.9,6.05,0,none,0.0
2088-12-06,M20,Robotic Arm,0.35,28.35,2.36,17.4,155.2,idle,78.15,13.9,5.97,0,none,0.0
2088-12-07,M20,Robotic Arm,0.99,43.07,5.5,43.6,360.1,normal,78.42,11.3,5.7,0,none,0.0
2088-12-08,M20,Robotic Arm,0.38,30.51,2.42,15.4,159.1,idle,78.75,14.7,5.37,0,none,0.0
2088-12-09,M20,Robotic Arm,1.25,43.17,5.78,40.3,340.2,normal,78.88,13.0,5.24,0,none,0.0
2088-12-10,M20,Robotic Arm,1.21,47.54,5.73,39.7,365.8,normal,79.3,15.4,4.82,0,none,0.0
2088-12-11,M20,Robotic Arm,1.67,50.03,8.01,62.3,518.4,peak,79.45,9.7,4.67,0,none,0.0
2088-12-12,M20,Robotic Arm,1.06,42.55,5.88,46.8,364.7,normal,79.93,11.2,4.19,0,none,0.0
2088-12-13,M20,Robotic Arm,1.16,47.17,5.34,40.0,346.5,normal,80.22,8.7,3.9,0,none,0.0
2088-12-14,M20,Robotic Arm,1.07,43.67,5.54,47.5,347.2,normal,80.55,9.5,3.57,0,none,0.0
2088-12-15,M20,Robotic Arm,1.3,45.17,5.46,42.7,362.9,normal,80.65,10.2,3.47,0,none,0.0
2088-12-16,M20,Robotic Arm,1.32,43.87,5.94,44.2,352.2,normal,81.05,12.3,3.07,0,none,0.0
2088-12-17,M20,Robotic Arm,1.69,49.96,8.05,58.1,506.7,peak,81.42,8.7,2.7,0,none,0.0
2088-12-18,M20,Robotic Arm,1.29,47.46,5.6,45.5,364.1,normal,81.65,8.3,2.47,0,none,0.0
2088-12-19,M20,Robotic Arm,1.22,39.93,5.77,47.8,358.2,normal,81.93,15.9,2.19,0,none,0.0
2088-12-20,M20,Robotic Arm,0.42,29.66,2.46,14.2,157.5,idle,82.0,13.8,2.12,0,none,0.0
2088-12-21,M20,Robotic Arm,0.97,35.85,5.34,42.7,341.3,normal,82.28,10.5,1.84,0,none,0.0
2088-12-22,M20,Robotic Arm,0.87,41.63,5.65,41.2,340.5,normal,82.53,15.4,1.59,0,none,0.0
2088-12-23,M20,Robotic Arm,1.1,46.94,5.59,42.5,356.8,normal,82.92,11.5,1.2,0,none,0.0
2088-12-24,M20,Robotic Arm,0.94,46.94,5.23,38.6,341.7,normal,83.37,11.9,0.75,0,none,0.0
2088-12-25,M20,Robotic Arm,1.74,46.79,8.14,55.8,510.5,peak,83.67,8.7,0.5,0,none,0.0
2088-12-26,M20,Robotic Arm,1.6,44.8,8.21,55.6,499.4,peak,83.72,11.5,0.5,0,none,0.0
2088-12-27,M20,Robotic Arm,0.39,33.19,2.46,19.4,155.9,idle,84.13,8.1,0.5,0,none,0.0
2088-12-28,M20,Robotic Arm,1.08,37.41,5.56,39.7,343.4,normal,84.28,16.4,0.5,0,none,0.0
2088-12-29,M20,Robotic Arm,0.88,42.05,5.65,44.5,366.6,normal,84.62,16.2,0.5,0,none,0.0
2088-12-30,M20,Robotic Arm,0.44,30.39,2.45,16.8,156.3,idle,85.08,10.1,0.5,0,none,0.0
2088-12-31,M20,Robotic Arm,1.24,37.54,5.34,39.1,343.7,normal,85.47,15.7,0.5,0,none,0.0
2089-01-01,M20,Robotic Arm,0.37,30.45,2.45,18.5,147.1,idle,85.75,13.8,0.5,0,none,0.0
2089-01-02,M20,Robotic Arm,0.38,32.14,2.5,18.9,150.8,idle,86.2,10.7,0.5,0,none,0.0
2089-01-03,M20,Robotic Arm,1.1,43.81,5.42,38.8,353.3,normal,86.43,16.7,0.5,0,none,0.0
2089-01-04,M20,Robotic Arm,0.45,30.61,2.32,18.9,158.8,idle,86.77,16.4,0.5,0,none,0.0
2089-01-05,M20,Robotic Arm,1.28,41.81,5.91,43.9,348.9,normal,87.15,12.5,0.5,0,none,0.0
2089-01-06,M20,Robotic Arm,0.44,32.6,2.25,16.0,154.9,idle,87.33,16.4,0.5,0,none,0.0
2089-01-07,M20,Robotic Arm,1.31,47.85,5.36,46.0,343.6,normal,87.82,10.3,0.5,0,none,0.0
2089-01-08,M20,Robotic Arm,1.22,36.39,5.65,43.2,366.8,normal,88.05,15.3,0.5,0,none,0.0
2089-01-09,M20,Robotic Arm,1.15,44.31,5.89,39.4,343.5,normal,88.38,12.4,0.5,0,none,0.0
2089-01-10,M20,Robotic Arm,0.36,30.27,2.36,14.2,148.7,idle,88.7,14.5,0.5,0,none,0.0
2089-01-11,M20,Robotic Arm,0.85,37.48,5.51,45.5,369.9,normal,89.2,9.0,0.5,0,none,0.0
2089-01-12,M20,Robotic Arm,0.37,32.91,2.34,19.1,150.0,idle,89.32,12.5,0.5,0,none,0.0
2089-01-13,M20,Robotic Arm,0.38,31.75,2.6,16.1,148.0,idle,89.6,15.0,0.5,0,none,0.0
2089-01-14,M20,Robotic Arm,1.23,46.62,5.86,46.8,341.0,normal,90.02,12.1,0.5,0,none,0.0
2089-01-15,M20,Robotic Arm,0.36,33.55,2.37,16.7,151.0,idle,90.52,13.3,0.5,0,none,0.0
2089-01-16,M20,Robotic Arm,0.94,47.21,5.78,41.2,357.8,normal,90.77,18.0,0.5,0,none,0.0
2089-01-17,M20,Robotic Arm,1.14,41.2,5.97,42.5,358.4,normal,90.85,8.6,0.5,0,none,0.0
2089-01-18,M20,Robotic Arm,0.99,39.76,5.66,47.3,369.2,normal,91.28,16.3,0.5,0,none,0.0
2089-01-19,M20,Robotic Arm,0.43,33.75,2.25,19.4,159.2,idle,91.48,15.9,0.5,0,none,0.0
2089-01-20,M20,Robotic Arm,0.37,31.55,2.36,18.5,147.3,idle,91.78,15.8,0.5,0,none,0.0
2089-01-21,M20,Robotic Arm,0.42,33.94,2.25,15.4,146.9,idle,91.88,17.8,0.5,0,none,0.0
2089-01-22,M20,Robotic Arm,0.43,28.15,2.56,17.2,148.2,idle,91.92,12.5,0.5,0,none,0.0
2089-01-23,M20,Robotic Arm,0.37,29.08,2.31,14.5,157.0,idle,92.28,11.7,0.5,0,none,0.0
2089-01-24,M20,Robotic Arm,0.38,28.11,2.52,17.5,145.5,idle,92.4,9.2,0.5,0,none,0.0
2089-01-25,M20,Robotic Arm,0.97,39.19,5.95,42.3,360.7,normal,92.8,16.8,0.5,0,none,0.0
2089-01-26,M20,Robotic Arm,0.43,31.66,2.24,19.6,151.8,idle,93.17,11.4,0.5,0,none,0.0
2089-01-27,M20,Robotic Arm,0.37,33.38,2.55,18.4,151.7,idle,93.52,8.9,0.5,0,none,0.0
2089-01-28,M20,Robotic Arm,0.45,28.7,2.26,15.7,147.0,idle,93.68,8.6,0.5,0,none,0.0
2089-01-29,M20,Robotic Arm,0.39,32.17,2.32,14.2,153.4,idle,93.95,12.9,0.5,0,none,0.0
2089-01-30,M20,Robotic Arm,0.41,34.1,2.24,16.2,148.5,idle,94.27,8.8,0.5,0,none,0.0
2089-01-31,M20,Robotic Arm,0.36,30.11,2.52,15.4,158.7,idle,94.47,12.9,0.5,0,none,0.0
2089-02-01,M20,Robotic Arm,0.42,28.67,2.29,14.2,146.7,idle,94.82,8.1,0.5,0,none,0.0
2089-02-02,M20,Robotic Arm,0.42,29.08,2.32,18.1,154.6,idle,95.08,11.5,0.5,0,none,0.0
2089-02-03,M20,Robotic Arm,0.44,30.34,2.35,14.6,149.2,idle,95.13,15.6,0.5,0,none,0.0
2089-02-04,M20,Robotic Arm,0.43,28.97,2.35,19.1,148.3,idle,95.28,14.5,0.5,0,none,0.0
2089-02-05,M20,Robotic Arm,0.37,28.05,2.57,19.2,147.8,idle,95.77,12.2,0.5,0,none,0.0
2089-02-06,M20,Robotic Arm,0.43,34.81,2.32,19.2,148.1,idle,96.18,11.5,0.5,0,none,0.0
2089-02-07,M20,Robotic Arm,0.41,30.29,2.45,18.0,155.8,idle,96.3,8.5,0.5,0,none,0.0
2089-02-08,M20,Robotic Arm,0.41,28.77,2.31,15.0,151.5,idle,96.4,14.4,0.5,0,none,0.0
2089-02-09,M20,Robotic Arm,0.39,30.34,2.6,18.6,146.4,idle,96.52,10.8,0.5,0,none,0.0
2089-02-10,M20,Robotic Arm,0.39,34.03,2.27,16.8,156.6,idle,97.02,10.6,0.5,0,none,0.0
2089-02-11,M20,Robotic Arm,0.9,45.63,5.29,42.6,368.7,normal,97.32,17.9,0.5,0,none,0.0
2089-02-12,M20,Robotic Arm,1.13,46.71,5.93,42.6,368.0,normal,97.62,8.5,0.5,0,none,0.0
2089-02-13,M20,Robotic Arm,0.36,30.43,2.55,17.2,155.7,idle,97.68,12.8,0.5,0,none,0.0
2089-02-14,M20,Robotic Arm,0.35,32.66,2.54,18.1,159.3,idle,97.87,13.6,0.5,0,none,0.0
2089-02-15,M20,Robotic Arm,0.42,30.21,2.3,17.8,146.4,idle,98.02,8.5,0.5,0,none,0.0
2089-02-16,M20,Robotic Arm,0.39,31.05,2.44,15.4,158.9,idle,98.05,16.9,0.5,0,none,0.0
2089-02-17,M20,Robotic Arm,0.44,32.18,2.47,15.8,148.8,idle,98.45,16.2,0.5,0,none,0.0
2089-02-18,M20,Robotic Arm,0.38,30.84,2.57,15.8,149.3,idle,98.72,8.6,0.5,0,none,0.0
2089-02-19,M20,Robotic Arm,0.38,29.64,2.49,16.4,149.3,idle,99.05,11.8,0.5,0,none,0.0
2089-02-20,M20,Robotic Arm,1.24,43.45,5.52,38.2,366.8,normal,99.23,11.8,0.5,0,none,0.0
2089-02-21,M20,Robotic Arm,0.91,45.95,5.8,46.3,366.8,normal,99.38,9.3,0.5,0,none,0.0
2089-02-22,M20,Robotic Arm,0.35,31.06,2.22,15.9,147.1,idle,99.47,17.3,0.5,0,none,0.0
2089-02-23,M20,Robotic Arm,1.17,43.01,5.65,40.2,347.4,normal,99.5,12.4,0.5,0,none,0.0
2089-02-24,M20,Robotic Arm,1.59,44.02,7.93,62.0,512.1,peak,99.7,10.1,0.5,0,none,0.0
2089-02-25,M20,Robotic Arm,0.86,35.59,5.7,42.6,350.3,normal,99.92,14.4,0.5,0,none,0.0
2089-02-26,M20,Robotic Arm,1.28,41.39,5.67,41.4,348.9,normal,100.42,13.2,0.5,0,none,0.0
2089-02-27,M20,Robotic Arm,1.37,44.08,5.46,48.0,341.6,normal,100.67,13.2,0.5,0,none,0.0
2089-02-28,M20,Robotic Arm,1.09,47.75,5.92,42.5,361.4,normal,101.02,13.8,0.5,0,none,0.0
2089-03-01,M20,Robotic Arm,1.05,41.23,5.72,41.7,363.2,normal,101.3,10.5,0.5,0,none,0.0
2089-03-02,M20,Robotic Arm,1.04,37.67,5.4,47.0,362.6,normal,101.43,10.5,0.5,0,none,0.0
2089-03-03,M20,Robotic Arm,1.34,47.09,5.21,39.9,351.8,normal,101.47,9.4,0.5,0,none,0.0
2089-03-04,M20,Robotic Arm,0.96,35.71,5.94,46.9,345.7,normal,101.77,9.2,0.5,0,none,0.0
2089-03-05,M20,Robotic Arm,1.12,47.71,5.67,43.4,352.7,normal,101.98,12.7,0.5,0,none,0.0
2089-03-06,M20,Robotic Arm,2.5,36.49,5.9,40.4,348.1,normal,102.2,16.5,0.5,0,none,0.0
2089-03-07,M20,Robotic Arm,0.92,40.1,5.7,43.4,348.1,normal,102.25,8.8,0.5,0,none,0.0
2089-03-08,M20,Robotic Arm,0.4,30.93,2.3,17.9,159.1,idle,102.5,16.1,0.5,0,none,0.0
2089-03-09,M20,Robotic Arm,0.42,29.26,2.46,14.9,153.2,idle,102.98,9.2,0.5,0,none,0.0
2089-03-10,M20,Robotic Arm,1.38,47.63,5.91,41.7,361.1,normal,103.25,12.3,0.5,0,none,0.0
2089-03-11,M20,Robotic Arm,0.94,47.09,5.56,43.7,351.6,normal,103.67,17.9,0.5,0,none,0.0
2089-03-12,M20,Robotic Arm,1.08,39.87,5.58,46.6,365.4,normal,104.08,8.1,0.5,0,none,0.0
2089-03-13,M20,Robotic Arm,1.04,36.48,5.56,38.0,362.4,normal,104.2,10.1,0.5,0,none,0.0
2089-03-14,M20,Robotic Arm,1.5,44.68,7.65,63.7,520.0,peak,104.23,13.3,0.5,0,none,0.0
2089-03-15,M20,Robotic Arm,0.36,31.98,2.53,16.1,148.8,idle,104.32,12.6,0.5,0,none,0.0
2089-03-16,M20,Robotic Arm,0.38,30.26,2.3,14.4,158.8,idle,104.37,12.4,0.5,0,none,0.0
2089-03-17,M20,Robotic Arm,1.77,53.08,8.27,62.5,508.2,peak,104.57,11.3,0.5,0,none,0.0
2089-03-18,M20,Robotic Arm,1.76,42.71,8.27,63.7,505.9,peak,105.05,17.0,0.5,0,none,0.0
2089-03-19,M20,Robotic Arm,1.32,38.87,5.49,44.1,344.2,normal,105.37,13.0,0.5,0,none,0.0
2089-03-20,M20,Robotic Arm,0.96,47.92,5.83,39.1,343.5,normal,105.87,16.0,0.5,0,none,0.0
2089-03-21,M20,Robotic Arm,1.07,47.97,5.98,42.7,353.3,normal,105.98,16.0,0.5,0,none,0.0
2089-03-22,M20,Robotic Arm,1.17,43.6,5.41,39.7,364.5,normal,106.12,16.6,0.5,0,none,0.0
2089-03-23,M20,Robotic Arm,0.39,28.27,2.54,18.4,155.8,idle,106.43,13.2,0.5,0,none,0.0
2089-03-24,M20,Robotic Arm,0.39,40.38,5.91,41.6,348.0,normal,106.62,13.9,0.5,0,none,0.0
2089-03-25,M20,Robotic Arm,1.15,41.03,5.23,40.9,351.4,normal,106.87,15.1,0.5,0,none,0.0
2089-03-26,M20,Robotic Arm,1.29,40.17,5.23,45.4,364.6,normal,107.12,16.1,0.5,0,none,0.0
2089-03-27,M20,Robotic Arm,1.34,37.54,5.84,39.9,356.5,normal,107.43,16.5,0.5,0,none,0.0
2089-03-28,M20,Robotic Arm,1.02,41.47,5.37,47.6,360.0,normal,107.62,9.7,0.5,0,none,0.0
2089-03-29,M20,Robotic Arm,0.38,29.66,2.26,18.7,152.2,idle,107.83,10.3,0.5,0,none,0.0
2089-03-30,M20,Robotic Arm,0.44,29.66,2.4,16.9,159.7,idle,108.02,17.8,0.5,0,none,0.0
2089-03-31,M20,Robotic Arm,0.42,31.77,2.43,18.2,158.8,idle,108.52,12.2,0.5,0,none,0.0
2089-04-01,M20,Robotic Arm,0.89,35.83,5.36,42.4,350.5,normal,108.82,11.5,0.5,0,none,0.0
2089-04-02,M20,Robotic Arm,0.88,42.78,5.87,38.6,355.7,normal,109.28,9.0,0.5,0,none,0.0
2089-04-03,M20,Robotic Arm,1.39,35.65,5.87,42.4,345.2,normal,109.72,11.1,0.5,0,none,0.0
2089-04-04,M20,Robotic Arm,0.41,33.96,2.35,14.1,154.2,idle,109.85,15.9,0.5,0,none,0.0
2089-04-05,M20,Robotic Arm,1.34,45.31,5.72,45.8,349.7,normal,110.2,17.6,0.5,0,none,0.0
2089-04-06,M20,Robotic Arm,1.12,40.0,5.23,40.5,354.9,normal,110.65,11.1,0.5,0,none,0.0
2089-04-07,M20,Robotic Arm,0.41,40.0,5.23,17.6,157.5,idle,111.1,10.3,0.5,0,none,0.0
2089-04-08,M20,Robotic Arm,0.95,43.16,5.26,42.5,360.9,normal,111.13,11.4,0.5,0,none,0.0
2089-04-09,M20,Robotic Arm,1.21,38.04,5.29,41.5,358.3,normal,111.3,15.9,0.5,0,none,0.0
2089-04-10,M20,Robotic Arm,0.9,45.88,5.6,46.6,359.5,normal,111.77,17.0,0.5,0,none,0.0
2089-04-11,M20,Robotic Arm,0.45,31.44,2.49,16.9,147.5,idle,112.13,16.7,0.5,0,none,0.0
2089-04-12,M20,Robotic Arm,2.12,38.07,5.66,46.3,344.2,normal,112.28,12.8,0.5,0,none,0.0
2089-04-13,M20,Robotic Arm,0.44,31.35,2.4,14.2,159.5,idle,112.38,8.0,0.5,0,none,0.0
2089-04-14,M20,Robotic Arm,0.36,30.03,2.45,17.9,151.4,idle,112.88,9.4,0.5,0,none,0.0
2089-04-15,M20,Robotic Arm,1.33,39.33,5.32,38.4,344.1,normal,113.0,9.4,0.5,0,none,0.0
2089-04-16,M20,Robotic Arm,0.45,30.17,2.46,19.8,158.3,idle,113.38,16.9,0.5,0,none,0.0
2089-04-17,M20,Robotic Arm,0.4,28.59,2.49,14.8,147.2,idle,113.42,9.6,0.5,0,none,0.0
2089-04-18,M20,Robotic Arm,0.44,32.67,2.57,19.8,151.9,idle,113.88,9.4,0.5,0,none,0.0
2089-04-19,M20,Robotic Arm,1.7,50.51,7.61,61.2,484.4,peak,114.18,14.1,0.5,0,none,0.0
2089-04-20,M20,Robotic Arm,0.44,34.5,2.36,61.2,155.5,idle,114.47,14.8,0.5,0,none,0.0
2089-04-21,M20,Robotic Arm,0.36,29.14,2.55,15.2,156.4,idle,114.85,8.3,0.5,0,none,0.0
2089-04-22,M20,Robotic Arm,0.41,33.0,2.26,18.8,150.5,idle,115.22,8.6,0.5,0,none,0.0
2089-04-23,M20,Robotic Arm,0.45,31.03,2.33,14.9,146.1,idle,115.7,8.3,0.5,0,none,0.0
2089-04-24,M20,Robotic Arm,0.44,28.85,2.55,14.9,154.9,idle,116.17,9.1,0.5,0,none,0.0
2089-04-25,M20,Robotic Arm,0.43,31.79,2.4,18.7,151.2,idle,116.2,11.9,0.5,0,none,0.0
2089-04-26,M20,Robotic Arm,0.89,43.2,5.23,44.0,355.3,normal,116.53,14.9,0.5,0,none,0.0
2089-04-27,M20,Robotic Arm,0.38,30.42,2.38,16.9,151.4,idle,116.82,12.6,0.5,0,none,0.0
2089-04-28,M20,Robotic Arm,1.07,39.21,5.72,42.1,349.5,normal,116.95,10.4,0.5,0,none,0.0
2089-04-29,M20,Robotic Arm,0.44,29.27,2.26,18.7,146.7,idle,117.18,14.4,0.5,0,none,0.0
2089-04-30,M20,Robotic Arm,0.38,30.46,2.31,18.4,148.0,idle,117.47,12.0,0.5,0,none,0.0
2089-05-01,M20,Robotic Arm,0.42,30.04,2.54,19.3,149.2,idle,117.65,12.4,0.5,0,none,0.0
2089-05-02,M20,Robotic Arm,0.41,33.68,2.23,17.4,159.7,idle,117.85,16.7,0.5,0,none,0.0
2089-05-03,M20,Robotic Arm,0.39,33.1,2.52,18.5,159.2,idle,118.23,16.6,0.5,0,none,0.0
2089-05-04,M20,Robotic Arm,0.43,34.53,2.29,17.6,150.7,idle,118.53,17.4,0.5,0,none,0.0
2089-05-05,M20,Robotic Arm,0.42,29.06,2.27,14.8,149.0,idle,119.0,15.0,0.5,0,none,0.0
2089-05-06,M20,Robotic Arm,0.37,33.42,2.43,16.2,148.1,idle,119.15,8.9,0.5,0,none,0.0
2089-05-07,M20,Robotic Arm,0.43,34.16,2.54,19.6,157.1,idle,119.57,16.3,0.5,0,none,0.0
2089-05-08,M20,Robotic Arm,0.41,31.01,2.54,14.0,157.5,idle,119.98,17.1,0.5,0,none,0.0
2089-05-09,M20,Robotic Arm,1.09,46.34,5.46,41.4,340.6,normal,120.42,13.4,0.5,0,none,0.0
2089-05-10,M20,Robotic Arm,1.09,41.35,5.72,45.5,350.4,normal,120.77,13.8,0.5,0,none,0.0
2089-05-11,M20,Robotic Arm,0.44,31.19,2.43,17.6,158.2,idle,120.83,13.7,0.5,0,none,0.0
2089-05-12,M20,Robotic Arm,0.42,30.48,2.48,19.4,157.3,idle,121.15,12.7,0.5,0,none,0.0
2089-05-13,M20,Robotic Arm,0.35,28.46,2.47,19.9,154.0,idle,121.35,9.3,0.5,0,none,0.0
2089-05-14,M20,Robotic Arm,0.39,32.07,2.38,15.3,149.2,idle,121.62,14.4,0.5,0,none,0.0
2089-05-15,M20,Robotic Arm,1.01,42.79,5.87,38.5,355.7,normal,121.9,16.9,0.5,0,none,0.0
2089-05-16,M20,Robotic Arm,1.14,47.49,5.85,41.9,358.3,normal,122.07,17.2,0.5,0,none,0.0
2089-05-17,M20,Robotic Arm,1.14,32.69,2.56,17.5,148.3,idle,122.18,10.2,0.5,0,none,0.0
2089-05-18,M20,Robotic Arm,0.41,29.65,2.25,17.6,149.2,idle,122.42,13.6,0.5,0,none,0.0
2089-05-19,M20,Robotic Arm,1.2,45.67,5.32,38.6,342.5,normal,122.6,8.7,0.5,0,none,0.0
2089-05-20,M20,Robotic Arm,0.45,28.62,2.57,19.9,146.1,idle,123.1,12.9,0.5,0,none,0.0
2089-05-21,M20,Robotic Arm,1.15,44.08,5.23,43.2,352.6,normal,123.47,17.5,0.5,0,none,0.0
2089-05-22,M20,Robotic Arm,1.13,42.12,5.77,39.2,369.8,normal,123.82,15.2,0.5,0,none,0.0
2089-05-23,M20,Robotic Arm,1.0,47.74,5.75,44.8,367.7,normal,124.2,15.0,0.5,0,none,0.0
2089-05-24,M20,Robotic Arm,0.44,29.59,2.48,17.0,152.4,idle,124.45,13.8,0.5,0,none,0.0
2089-05-25,M20,Robotic Arm,0.86,41.84,5.28,40.7,340.3,normal,124.9,15.1,0.5,0,none,0.0
2089-05-26,M20,Robotic Arm,1.07,47.03,5.84,38.6,361.4,normal,125.17,13.3,0.5,0,none,0.0
2089-05-27,M20,Robotic Arm,1.25,45.12,5.73,38.7,359.6,normal,125.52,13.9,0.5,0,none,0.0
2089-05-28,M20,Robotic Arm,0.97,42.71,5.74,39.1,354.0,normal,125.67,8.3,0.5,0,none,0.0
2089-05-29,M20,Robotic Arm,1.57,52.5,8.43,60.2,502.2,peak,125.72,13.4,0.5,0,none,0.0
2089-05-30,M20,Robotic Arm,0.89,40.06,5.32,45.0,368.8,normal,125.93,11.7,0.5,0,none,0.0
2089-05-31,M20,Robotic Arm,0.43,30.72,2.47,20.0,145.6,idle,126.22,10.9,0.5,0,none,0.0
2089-06-01,M20,Robotic Arm,0.38,28.55,2.46,19.1,150.4,idle,126.5,16.8,0.5,0,none,0.0
2089-06-02,M20,Robotic Arm,1.07,38.82,5.65,39.3,345.6,normal,127.0,15.0,0.5,0,none,0.0
2089-06-03,M20,Robotic Arm,0.89,36.86,5.87,39.8,354.5,normal,127.28,16.2,0.5,0,none,0.0
2089-06-04,M20,Robotic Arm,1.23,37.45,5.56,40.1,367.4,normal,127.57,16.8,0.5,0,none,0.0
2089-06-05,M20,Robotic Arm,0.35,32.11,2.55,40.1,148.5,idle,127.6,15.7,0.5,0,none,0.0
2089-06-06,M20,Robotic Arm,1.15,35.81,5.42,41.9,342.2,normal,127.95,9.4,0.5,0,none,0.0
2089-06-07,M20,Robotic Arm,0.94,45.96,5.57,47.4,344.7,normal,128.17,16.9,0.5,0,none,0.0
2089-06-08,M20,Robotic Arm,1.22,44.93,5.82,45.6,345.0,normal,128.32,10.0,0.5,0,none,0.0
2089-06-09,M20,Robotic Arm,1.1,46.59,5.66,41.7,340.4,normal,128.72,12.4,0.5,0,none,0.0
2089-06-10,M20,Robotic Arm,1.68,53.63,7.7,65.0,488.4,peak,128.82,16.0,0.5,0,none,0.0
2089-06-11,M20,Robotic Arm,0.41,31.36,2.51,16.9,150.1,idle,128.87,12.6,0.5,0,none,0.0
2089-06-12,M20,Robotic Arm,1.79,49.39,7.54,59.4,500.1,peak,129.1,16.2,0.5,0,none,0.0
2089-06-13,M20,Robotic Arm,0.87,43.88,5.59,39.1,350.1,normal,129.45,16.8,0.5,0,none,0.0
2089-06-14,M20,Robotic Arm,1.13,46.34,5.57,47.0,362.7,normal,129.85,13.0,0.5,0,none,0.0
2089-06-15,M20,Robotic Arm,1.21,43.09,5.57,42.4,352.7,normal,130.05,15.0,0.5,0,none,0.0
2089-06-16,M20,Robotic Arm,1.57,49.26,8.19,57.7,489.2,peak,130.13,12.4,0.5,0,none,0.0
2089-06-17,M20,Robotic Arm,0.95,35.78,5.93,47.1,344.6,normal,130.35,11.6,0.5,0,none,0.0
2089-06-18,M20,Robotic Arm,1.3,40.16,5.66,47.1,360.9,normal,130.58,10.6,0.5,0,none,0.0
2089-06-19,M20,Robotic Arm,1.18,38.37,5.5,41.6,367.9,normal,130.97,10.8,0.5,0,none,0.0
2089-06-20,M20,Robotic Arm,0.87,45.17,5.56,45.3,349.2,normal,131.07,15.3,0.5,0,none,0.0
2089-06-21,M20,Robotic Arm,0.9,45.46,5.28,46.1,356.1,normal,131.4,16.3,0.5,0,none,0.0
2089-06-22,M20,Robotic Arm,1.22,38.46,5.74,46.9,345.4,normal,131.88,10.5,0.5,0,none,0.0
2089-06-23,M20,Robotic Arm,0.43,32.05,2.29,19.0,148.4,idle,132.12,13.8,0.5,0,none,0.0
2089-06-24,M20,Robotic Arm,1.33,32.05,5.76,45.3,354.9,normal,132.23,16.8,0.5,0,none,0.0
2089-06-25,M20,Robotic Arm,1.31,39.81,5.88,43.7,341.3,normal,132.42,13.6,0.5,0,none,0.0
2089-06-26,M20,Robotic Arm,1.31,45.63,5.41,45.1,353.5,normal,132.45,17.1,0.5,0,none,0.0
2089-06-27,M20,Robotic Arm,1.02,46.56,5.58,45.5,353.9,normal,132.93,11.1,0.5,0,none,0.0
2089-06-28,M20,Robotic Arm,0.38,34.44,2.25,17.5,147.9,idle,133.3,17.1,0.5,0,none,0.0
2089-06-29,M20,Robotic Arm,0.91,36.24,5.81,40.6,357.1,normal,133.65,8.7,0.5,0,none,0.0
2089-06-30,M20,Robotic Arm,1.12,46.29,5.81,45.0,367.1,normal,133.8,12.9,0.5,0,none,0.0
2089-07-01,M20,Robotic Arm,1.17,45.56,5.88,46.0,351.3,normal,134.3,11.9,0.5,0,none,0.0
2089-07-02,M20,Robotic Arm,1.29,41.81,5.47,40.0,351.3,normal,134.58,15.6,0.5,0,none,0.0
2089-07-03,M20,Robotic Arm,0.38,29.85,2.44,15.5,149.8,idle,134.82,18.0,0.5,0,none,0.0
2089-07-04,M20,Robotic Arm,1.24,43.75,5.94,46.0,350.2,normal,135.27,11.1,0.5,0,none,0.0
2089-07-05,M20,Robotic Arm,0.4,31.97,2.36,46.0,145.5,idle,135.67,17.1,0.5,0,none,0.0
2089-07-06,M20,Robotic Arm,1.21,43.0,5.95,47.0,367.6,normal,136.13,12.6,0.5,0,none,0.0
2089-07-07,M20,Robotic Arm,1.39,39.26,5.59,39.9,364.4,normal,136.4,12.1,0.5,0,none,0.0
2089-07-08,M20,Robotic Arm,1.17,39.26,5.25,38.6,342.2,normal,136.62,8.4,0.5,0,none,0.0
2089-07-09,M20,Robotic Arm,1.24,39.79,5.8,43.2,345.8,normal,136.87,9.3,0.5,0,none,0.0
2089-07-10,M20,Robotic Arm,0.91,47.05,5.73,44.0,358.4,normal,137.0,16.9,0.5,0,none,0.0
2089-07-11,M20,Robotic Arm,1.05,36.33,5.9,47.2,354.0,normal,137.38,9.5,0.5,0,none,0.0
2089-07-12,M20,Robotic Arm,1.08,37.87,5.21,45.0,355.0,normal,137.48,12.5,0.5,0,none,0.0
2089-07-13,M20,Robotic Arm,1.79,42.57,7.84,64.8,504.8,peak,137.7,13.7,0.5,0,none,0.0
2089-07-14,M20,Robotic Arm,0.39,29.39,2.23,19.5,151.0,idle,137.93,11.5,0.5,0,none,0.0
2089-07-15,M20,Robotic Arm,0.44,30.46,2.58,18.9,149.9,idle,138.0,11.0,0.5,0,none,0.0
2089-07-16,M20,Robotic Arm,1.08,47.26,5.8,46.0,358.8,normal,138.43,10.7,0.5,0,none,0.0
2089-07-17,M20,Robotic Arm,0.88,46.18,5.82,43.7,360.9,normal,138.92,15.4,0.5,0,none,0.0
2089-07-18,M20,Robotic Arm,0.37,34.48,2.29,18.0,152.1,idle,139.33,12.0,0.5,0,none,0.0
2089-07-19,M20,Robotic Arm,0.41,29.44,2.27,16.0,145.4,idle,139.73,12.1,0.5,0,none,0.0
2089-07-20,M20,Robotic Arm,0.36,30.55,2.44,16.1,146.1,idle,139.88,17.0,0.5,0,none,0.0
2089-07-21,M20,Robotic Arm,0.43,29.11,2.22,16.1,152.0,idle,140.13,17.6,0.5,0,none,0.0
2089-07-22,M20,Robotic Arm,0.44,29.74,2.43,15.7,146.8,idle,140.17,17.6,0.5,0,none,0.0
2089-07-23,M20,Robotic Arm,0.41,33.24,2.42,16.0,159.8,idle,140.52,15.7,0.5,0,none,0.0
2089-07-24,M20,Robotic Arm,0.35,31.87,2.47,16.5,147.0,idle,140.8,14.4,0.5,0,none,0.0
2089-07-25,M20,Robotic Arm,0.37,34.62,2.56,15.1,145.9,idle,141.25,10.5,0.5,0,none,0.0
2089-07-26,M20,Robotic Arm,0.94,46.42,5.28,39.6,361.2,normal,141.47,8.3,0.5,0,none,0.0
2089-07-27,M20,Robotic Arm,1.3,42.09,5.36,46.1,351.2,normal,141.92,14.4,0.5,0,none,0.0
2089-07-28,M20,Robotic Arm,0.42,29.73,2.42,16.0,148.5,idle,142.03,8.9,0.5,0,none,0.0
2089-07-29,M20,Robotic Arm,1.25,46.28,2.42,42.4,367.3,normal,142.38,17.3,0.5,0,none,0.0
2089-07-30,M20,Robotic Arm,0.4,30.47,2.5,15.7,151.1,idle,142.45,11.7,0.5,0,none,0.0
2089-07-31,M20,Robotic Arm,1.29,41.39,5.3,47.5,340.4,normal,142.65,16.0,0.5,0,none,0.0
2089-08-01,M20,Robotic Arm,0.37,33.65,2.54,18.1,154.2,idle,142.77,9.4,0.5,0,none,0.0
2089-08-02,M20,Robotic Arm,0.43,33.22,2.59,16.8,149.1,idle,143.15,14.3,0.5,0,none,0.0
2089-08-03,M20,Robotic Arm,0.35,30.31,2.53,14.2,155.4,idle,143.38,14.8,0.5,0,none,0.0
2089-08-04,M20,Robotic Arm,0.35,31.33,2.37,19.6,149.8,idle,143.42,10.7,0.5,0,none,0.0
2089-08-05,M20,Robotic Arm,0.4,32.34,2.32,15.5,149.3,idle,143.7,14.1,0.5,0,none,0.0
2089-08-06,M20,Robotic Arm,0.36,28.81,2.44,14.6,147.9,idle,144.2,10.4,0.5,0,none,0.0
2089-08-07,M20,Robotic Arm,0.37,28.97,2.26,18.8,148.6,idle,144.4,8.5,0.5,0,none,0.0
2089-08-08,M20,Robotic Arm,0.97,36.68,5.76,39.4,341.7,normal,144.77,13.6,0.5,0,none,0.0
2089-08-09,M20,Robotic Arm,1.4,42.39,5.76,46.8,340.1,normal,145.15,14.8,0.5,0,none,0.0
2089-08-10,M20,Robotic Arm,0.43,32.83,2.33,14.3,340.1,idle,145.38,14.8,0.5,0,none,0.0
2089-08-11,M20,Robotic Arm,0.38,28.26,2.57,14.3,152.5,idle,145.47,8.9,0.5,0,none,0.0
2089-08-12,M20,Robotic Arm,0.42,31.65,2.59,17.6,153.8,idle,145.67,8.3,0.5,0,none,0.0
2089-08-13,M20,Robotic Arm,0.41,34.81,2.33,19.0,146.3,idle,146.07,12.5,0.5,0,none,0.0
2089-08-14,M20,Robotic Arm,0.42,32.03,2.45,16.7,155.6,idle,146.55,11.0,0.5,0,none,0.0
2089-08-15,M20,Robotic Arm,0.42,33.97,2.57,15.2,156.1,idle,146.62,16.4,0.5,0,none,0.0
2089-08-16,M20,Robotic Arm,0.4,30.07,2.28,15.4,151.1,idle,146.68,13.8,0.5,0,none,0.0
2089-08-17,M20,Robotic Arm,0.4,30.22,2.35,19.5,147.9,idle,146.92,12.9,0.5,0,none,0.0
2089-08-18,M20,Robotic Arm,1.83,44.66,5.47,40.6,368.4,normal,147.4,11.2,0.5,0,none,0.0
2089-08-19,M20,Robotic Arm,1.05,40.45,5.69,41.9,364.8,normal,147.78,17.3,0.5,0,none,0.0
2089-08-20,M20,Robotic Arm,1.63,47.01,8.07,64.3,501.4,peak,148.15,17.3,0.5,0,none,0.0
2089-08-21,M20,Robotic Arm,1.02,39.44,5.36,44.3,340.9,normal,148.42,9.2,0.5,0,none,0.0
2089-08-22,M20,Robotic Arm,1.23,46.66,5.72,46.4,342.6,normal,148.62,10.8,0.5,0,none,0.0
2089-08-23,M20,Robotic Arm,0.42,33.31,2.34,18.2,151.5,idle,149.0,15.7,0.5,0,none,0.0
2089-08-24,M20,Robotic Arm,0.42,32.88,2.32,14.2,156.7,idle,149.3,8.1,0.5,0,none,0.0
2089-08-25,M20,Robotic Arm,1.01,42.48,5.7,46.9,340.9,normal,149.6,16.3,0.5,0,none,0.0
2089-08-26,M20,Robotic Arm,0.4,32.44,2.44,18.6,145.9,idle,149.82,8.9,0.5,0,none,0.0
2089-08-27,M20,Robotic Arm,0.98,43.33,5.47,40.6,351.3,normal,149.98,16.9,0.5,0,none,0.0
2089-08-28,M20,Robotic Arm,0.44,29.49,2.52,16.2,155.0,idle,150.23,12.8,0.5,0,none,0.0
2089-08-29,M20,Robotic Arm,0.36,29.17,2.25,19.1,155.5,idle,150.47,9.0,0.5,0,none,0.0
2089-08-30,M20,Robotic Arm,1.33,43.12,5.71,43.3,341.8,normal,150.78,18.0,0.5,0,none,0.0
2089-08-31,M20,Robotic Arm,0.87,41.41,5.6,40.2,357.6,normal,150.97,10.4,0.5,0,none,0.0
2089-09-01,M20,Robotic Arm,1.34,41.41,5.65,40.6,347.2,normal,151.1,10.0,0.5,0,none,0.0
2089-09-02,M20,Robotic Arm,0.43,30.58,2.45,19.3,150.5,idle,151.15,16.2,0.5,0,none,0.0
2089-09-03,M20,Robotic Arm,1.24,45.42,5.32,38.8,364.7,normal,151.62,12.0,0.5,0,none,0.0
2089-09-04,M20,Robotic Arm,1.35,40.24,5.59,45.4,345.8,normal,151.75,12.7,0.5,0,none,0.0
2089-09-05,M20,Robotic Arm,0.86,46.1,5.72,44.8,357.4,normal,152.02,11.7,0.5,0,none,0.0
2089-09-06,M20,Robotic Arm,1.16,46.1,5.7,39.4,348.0,normal,152.17,10.6,0.5,0,none,0.0
2089-09-07,M20,Robotic Arm,1.58,44.72,5.7,60.2,499.1,peak,152.33,8.9,0.5,0,none,0.0
2089-09-08,M20,Robotic Arm,0.45,28.28,2.38,15.3,151.4,idle,152.62,11.7,0.5,0,none,0.0
2089-09-09,M20,Robotic Arm,0.37,29.01,2.31,14.8,159.2,idle,153.08,13.4,0.5,0,none,0.0
2089-09-10,M20,Robotic Arm,0.92,41.06,5.82,46.5,368.8,normal,153.12,15.5,0.5,0,none,0.0
2089-09-11,M20,Robotic Arm,1.16,39.05,5.71,43.9,357.7,normal,153.17,16.5,0.5,0,none,0.0
2089-09-12,M20,Robotic Arm,1.05,46.42,5.64,44.0,353.0,normal,153.3,17.0,0.5,0,none,0.0
2089-09-13,M20,Robotic Arm,0.98,37.92,5.71,38.1,368.0,normal,153.37,17.5,0.5,0,none,0.0
2089-09-14,M20,Robotic Arm,1.09,46.18,5.55,39.2,343.2,normal,153.67,16.3,0.5,0,none,0.0
2089-09-15,M20,Robotic Arm,0.85,38.77,5.55,38.2,353.6,normal,153.87,15.5,0.5,0,none,0.0
2089-09-16,M20,Robotic Arm,0.36,31.78,2.45,17.1,152.8,idle,154.15,8.6,0.5,0,none,0.0
2089-09-17,M20,Robotic Arm,0.94,42.78,5.98,47.8,350.5,normal,154.33,14.8,0.5,0,none,0.0
2089-09-18,M20,Robotic Arm,1.25,40.74,5.31,45.4,350.3,normal,154.6,17.7,0.5,0,none,0.0
2089-09-19,M20,Robotic Arm,0.43,30.66,2.27,19.1,145.8,idle,154.7,13.2,0.5,0,none,0.0
2089-09-20,M20,Robotic Arm,1.05,43.74,5.91,39.6,342.9,normal,155.02,9.9,0.5,0,none,0.0
2089-09-21,M20,Robotic Arm,1.59,45.33,8.19,57.4,505.0,peak,155.1,16.8,0.5,0,none,0.0
2089-09-22,M20,Robotic Arm,1.21,45.47,5.68,47.2,360.8,normal,155.33,12.2,0.5,0,none,0.0
2089-09-23,M20,Robotic Arm,0.98,47.22,5.35,39.9,362.3,normal,155.38,13.3,0.5,0,none,0.0
2089-09-24,M20,Robotic Arm,1.14,37.08,5.29,39.7,367.8,normal,155.43,9.9,0.5,0,none,0.0
2089-09-25,M20,Robotic Arm,1.68,51.48,7.63,58.8,367.8,peak,155.87,14.3,0.5,0,none,0.0
2089-09-26,M20,Robotic Arm,0.4,30.61,2.24,18.1,154.0,idle,156.35,17.7,0.5,0,none,0.0
2089-09-27,M20,Robotic Arm,1.08,47.05,5.8,41.6,341.6,normal,156.38,15.3,0.5,0,none,0.0
2089-09-28,M20,Robotic Arm,0.43,31.08,2.39,17.5,154.9,idle,156.63,13.1,0.5,0,none,0.0
2089-09-29,M20,Robotic Arm,1.18,38.66,5.34,38.3,340.4,normal,156.88,13.6,0.5,0,none,0.0
2089-09-30,M20,Robotic Arm,0.44,34.96,2.34,15.3,151.0,idle,157.27,8.9,0.5,0,none,0.0
2089-10-01,M20,Robotic Arm,0.91,43.19,5.38,41.2,365.7,normal,157.5,13.4,0.5,0,none,0.0
2089-10-02,M20,Robotic Arm,1.16,36.75,5.28,41.2,344.9,normal,157.95,14.0,0.5,0,none,0.0
2089-10-03,M20,Robotic Arm,0.96,42.82,5.93,43.4,354.1,normal,158.12,11.9,0.5,0,none,0.0
2089-10-04,M20,Robotic Arm,0.44,30.05,2.21,17.4,147.0,idle,158.15,13.0,0.5,0,none,0.0
2089-10-05,M20,Robotic Arm,0.88,36.26,5.29,44.6,357.5,normal,158.27,14.6,0.5,0,none,0.0
2089-10-06,M20,Robotic Arm,0.38,29.7,2.2,14.9,153.6,idle,158.33,10.0,0.5,0,none,0.0
2089-10-07,M20,Robotic Arm,1.16,44.57,5.23,46.0,357.4,normal,158.53,15.0,0.5,0,none,0.0
2089-10-08,M20,Robotic Arm,0.38,31.05,2.52,16.9,155.6,idle,159.03,10.0,0.5,0,none,0.0
2089-10-09,M20,Robotic Arm,0.38,42.1,5.87,43.0,356.9,normal,159.38,11.3,0.5,0,none,0.0
2089-10-10,M20,Robotic Arm,0.39,29.33,2.59,14.1,146.9,idle,159.48,9.1,0.5,0,none,0.0
2089-10-11,M20,Robotic Arm,1.24,44.63,5.33,44.3,366.6,normal,159.7,17.0,0.5,0,none,0.0
2089-10-12,M20,Robotic Arm,1.29,35.06,5.23,42.7,350.6,normal,160.02,9.0,0.5,0,none,0.0
2089-10-13,M20,Robotic Arm,0.9,37.51,5.95,41.7,346.6,normal,160.38,9.8,0.5,0,none,0.0
2089-10-14,M20,Robotic Arm,0.94,42.67,5.57,41.4,351.0,normal,160.68,15.7,0.5,0,none,0.0
2089-10-15,M20,Robotic Arm,0.96,44.7,5.8,38.3,346.5,normal,161.05,13.1,0.5,0,none,0.0
2089-10-16,M20,Robotic Arm,0.36,28.61,2.58,16.7,148.0,idle,161.47,11.8,0.5,0,none,0.0
2089-10-17,M20,Robotic Arm,0.36,41.19,5.75,47.6,367.9,normal,161.87,10.0,0.5,0,none,0.0
2089-10-18,M20,Robotic Arm,1.38,45.91,5.76,40.1,345.5,normal,162.27,16.4,0.5,0,none,0.0
2089-10-19,M20,Robotic Arm,1.04,46.71,5.4,40.1,345.5,normal,162.48,13.2,0.5,0,none,0.0
2089-10-20,M20,Robotic Arm,0.37,32.06,2.46,16.1,151.8,idle,162.53,13.2,0.5,0,none,0.0
2089-10-21,M20,Robotic Arm,0.37,28.84,2.24,14.9,156.4,idle,162.95,14.6,0.5,0,none,0.0
2089-10-22,M20,Robotic Arm,0.43,31.01,2.21,14.1,159.4,idle,163.2,9.4,0.5,0,none,0.0
2089-10-23,M20,Robotic Arm,0.98,37.18,5.27,45.0,361.8,normal,163.43,10.2,0.5,0,none,0.0
2089-10-24,M20,Robotic Arm,0.45,33.9,2.21,18.9,159.5,idle,163.83,11.0,0.5,0,none,0.0
2089-10-25,M20,Robotic Arm,0.4,29.15,2.29,19.0,159.5,idle,164.12,16.2,0.5,0,none,0.0
2089-10-26,M20,Robotic Arm,0.45,31.47,2.45,18.0,151.4,idle,164.53,16.7,0.5,0,none,0.0
2089-10-27,M20,Robotic Arm,0.44,33.73,2.25,14.8,153.4,idle,165.02,9.2,0.5,0,none,0.0
